numero_de_cliente,Predicted
173749330,1
78781157,1
145816140,1
61607602,1
179990532,1
56912592,1
58292452,1
138311471,1
126951803,1
58397237,1
38819989,1
50604731,1
32320835,1
42500128,1
84816953,1
164881155,1
64639061,1
77152002,1
38914945,1
92289921,1
79808652,1
37922951,1
62862562,1
145023986,1
63435206,1
127669560,1
117768314,1
73802465,1
84007636,1
119759694,1
204869534,1
94773074,1
150282669,1
32165646,1
161995964,1
142562546,1
118019338,1
152680884,1
83332940,1
179937562,1
139978082,1
32789957,1
177743993,1
185683774,1
75982078,1
72871969,1
177951442,1
175980700,1
156904818,1
126232871,1
105606731,1
91619607,1
118080509,1
157053641,1
112962685,1
80735596,1
150317301,1
64424516,1
59066761,1
109164793,1
163936032,1
115213429,1
94278202,1
37288918,1
198918084,1
103755046,1
68484436,1
99276703,1
91329935,1
111724415,1
82168336,1
75023394,1
191949778,1
61819562,1
88730646,1
42591619,1
159483548,1
63926999,1
59050516,1
195127485,1
194505749,1
87230516,1
63234912,1
148359754,1
145634648,1
192666302,1
144833759,1
87684577,1
72285201,1
152785097,1
101765106,1
127413010,1
34795115,1
144415554,1
194082264,1
196486440,1
88034030,1
64745830,1
73259232,1
78135004,1
77958802,1
83954676,1
112531315,1
36526866,1
199201855,1
141145360,1
178103188,1
135779118,1
146086745,1
175186108,1
62894924,1
64800468,1
180619078,1
163030387,1
83334381,1
107030629,1
161540581,1
145736778,1
134441915,1
73347101,1
154219456,1
87200848,1
167179569,1
91701782,1
151369875,1
97844831,1
106690927,1
192958945,1
161278829,1
156152458,1
81560112,1
117138308,1
80317124,1
62163281,1
192592605,1
79428376,1
31894705,1
152865278,1
39999535,1
96671799,1
117348451,1
77433769,1
72494614,1
212946542,1
167098214,1
151121279,1
87663317,1
142921444,1
97152132,1
114301043,1
150118774,1
85365249,1
85508970,1
159618209,1
39929609,1
180205265,1
93665626,1
134728923,1
118191227,1
120102397,1
148027513,1
126961840,1
39896003,1
87299159,1
31659532,1
177229974,1
66401960,1
123569095,1
176980086,1
186300841,1
88183712,1
95464667,1
173745807,1
112629833,1
160568119,1
146954865,1
97468927,1
156535359,1
116865305,1
78105188,1
60692680,1
158368569,1
95931568,1
130420525,1
114239783,1
91868953,1
112549613,1
184982390,1
95209982,1
32336844,1
84083425,1
194982234,1
88803010,1
66687843,1
118591992,1
162977210,1
72470088,1
116261808,1
152139694,1
109696340,1
92301824,1
143724494,1
37456681,1
40483985,1
178501929,1
125821516,1
137994232,1
43587403,1
94103056,1
144994772,1
34705371,1
173804728,1
147121888,1
152208179,1
116283709,1
178537805,1
164743050,1
122645655,1
128618917,1
160118430,1
59339863,1
131646527,1
160025744,1
76787182,1
67189110,1
79580803,1
62021928,1
198754653,1
91561890,1
89541740,1
155848711,1
64647588,1
62173969,1
73485049,1
140903752,1
162246366,1
119657376,1
113599008,1
40888441,1
159037195,1
80992659,1
151000722,1
153838786,1
147663078,1
107741764,1
176496367,1
89069608,1
79715306,1
155890282,1
151732958,1
163364780,1
58487939,1
34054846,1
191697195,1
105500159,1
81286349,1
153098664,1
36016005,1
147419447,1
107634136,1
87255950,1
75303829,1
144071993,1
136110954,1
32945028,1
103240267,1
44450796,1
196100598,1
152311129,1
165561793,1
111220977,1
65480445,1
97101719,1
139803103,1
156186873,1
153031472,1
123755028,1
83644434,1
131428971,1
187518316,1
176227331,1
106212153,1
152417069,1
93480738,1
109617136,1
84062758,1
195430176,1
57917160,1
171294829,1
192181921,1
160035269,1
102819289,1
118906191,1
84616778,1
166829701,1
107694774,1
164794293,1
94148832,1
103656054,1
193619251,1
103916473,1
159838202,1
103473347,1
185298228,1
118302043,1
164741185,1
125980506,1
85105373,1
137844934,1
78999315,1
76684755,1
56838481,1
102871390,1
150849934,1
75673308,1
121760125,1
88654117,1
78880436,1
38986657,1
110157537,1
75748258,1
105807262,1
77370436,1
112894358,1
114266579,1
113428008,1
135599234,1
87585229,1
116314196,1
157415935,1
80750568,1
176065795,1
120909049,1
180842812,1
121082389,1
98154953,1
87105201,1
64540720,1
121513918,1
88786518,1
94522791,1
98121772,1
61819058,1
103310371,1
106951692,1
75891673,1
63266594,1
156655067,1
125813078,1
33600321,1
173806416,1
125630520,1
176461971,1
196375447,1
35868129,1
44639601,1
57567401,1
164115876,1
85270590,1
101774325,1
88970971,1
40636115,1
32092729,1
135481865,1
184548602,1
64212378,1
178189685,1
92848955,1
99463505,1
177462621,1
157073420,1
84907063,1
175441099,1
184999287,1
136576838,1
164335268,1
87642690,1
100614597,1
110291053,1
112931734,1
139267381,1
119591131,1
61466654,1
203569500,1
34432151,1
96485628,1
86658039,1
122396566,1
99545018,1
144105846,1
92615145,1
202578819,1
59756913,1
94315687,1
109914794,1
151151450,1
36973751,1
139383310,1
119167044,1
116866361,1
138234705,1
42809362,1
83886023,1
89271333,1
59051434,1
86511742,1
99530993,1
131755063,1
65074370,1
174316576,1
36568555,1
40434449,1
95798161,1
104791285,1
60043527,1
56014113,1
127421922,1
184635267,1
63969448,1
178208407,1
198660063,1
156551229,1
88496006,1
123360116,1
120237008,1
156398389,1
93343887,1
60193170,1
85291247,1
164677022,1
123173117,1
93882204,1
155302073,1
156997967,1
89711241,1
86875999,1
136640537,1
128141712,1
205995893,1
125492444,1
65913069,1
175221095,1
185297833,1
116862294,1
45347015,1
140452454,1
176805147,1
114985490,1
62656060,1
31558606,1
120046544,1
45524056,1
123355694,1
191681601,1
175363119,1
62598145,1
86134792,1
45224119,1
124248449,1
159415063,1
63453100,1
163753079,1
148065600,1
37001080,1
180748271,1
86086135,1
113018261,1
136877920,1
63925883,1
113269344,1
112354797,1
153123121,1
194544852,1
107156644,1
94243225,1
59884991,1
131874584,1
148436155,1
155147959,1
76326074,1
127140520,1
137375279,1
40154547,1
116313998,1
173993050,1
185381803,1
161836195,1
90695191,1
194455868,1
37278969,1
194930685,1
179195713,1
101073938,1
156724776,1
114172146,1
195079390,1
157181986,1
140743193,1
86559856,1
162009288,1
76065871,1
101546287,1
68018631,1
139921400,1
153744807,1
66643015,1
92040329,1
192732102,1
83247518,1
83729135,1
59143764,1
141162266,1
164832202,1
132844657,1
107659974,1
77501731,1
66965129,1
88250273,1
108200019,1
63519463,1
40934779,1
79567617,1
198978594,1
94719453,1
84954437,1
138730050,1
146577767,1
191739783,1
122504579,1
71854176,1
55459934,1
176905718,1
40410150,1
103780154,1
101729161,1
33779336,1
165943608,1
108099912,1
114656507,1
185585818,1
31856885,1
196630892,1
116794757,1
130116176,1
94529404,1
148264275,1
56024624,1
101262013,1
76812892,1
113862093,1
108280348,1
107742514,1
119150404,1
192321981,1
104084542,1
118678696,1
166154423,1
160486625,1
60777016,1
80220501,1
87369894,1
154463838,1
136394882,1
38538972,1
121319092,1
175115313,1
159552527,1
133368200,1
88600900,1
198734440,1
164163971,1
125311603,1
171062094,1
141759071,1
167245972,1
56135331,1
35772325,1
176081024,1
105109007,1
138720862,1
103488616,1
88099445,1
43046213,1
97408989,1
65213640,1
126087315,1
87983103,1
109091383,1
133577219,1
75753962,1
112895651,1
113610763,1
97990249,1
161531214,1
79415980,1
80740363,1
102507617,1
145232096,1
62588878,1
196288851,1
105962580,1
118508455,1
83014586,1
65073965,1
102237298,1
89608952,1
119622082,1
100603918,1
166440128,1
119346799,1
161227655,1
141334116,1
183575034,1
37275682,1
132008574,1
39815586,1
83943286,1
40628041,1
128061077,1
126125480,1
64088159,1
60108153,1
60317971,1
199552433,1
65195065,1
124450273,1
110337963,1
113069435,1
75152193,1
99077594,1
156236241,1
45418846,1
40786853,1
95380687,1
146196880,1
158173684,1
193412019,1
66898046,1
36785972,1
134003685,1
81428205,1
142477638,1
69431089,1
115354318,1
126858150,1
141329704,1
167031782,1
71491655,1
164213822,1
60625962,1
102159900,1
131987591,1
174518232,1
56661588,1
36064475,1
163112098,1
63602299,1
112760882,1
121954536,1
178302642,1
75933175,1
166217865,1
124233487,1
121406250,1
176031725,1
135500647,1
81525500,1
39325056,1
144121598,1
128032051,1
123634659,1
195454721,1
89796948,1
117630031,1
85128655,1
179461482,1
64108461,1
141551099,1
137199186,1
106110634,1
142651550,1
210337068,1
84695192,1
35929093,1
155037479,1
80352685,1
121941696,1
196117248,1
104202918,1
133997555,1
148334399,1
168362994,1
177684479,1
64107553,1
40658726,1
180502409,1
131537280,1
121567273,1
130133556,1
67323702,1
98852853,1
158593764,1
74273018,1
95156577,1
194054422,1
105018947,1
132867525,1
89164346,1
166943044,1
94055633,1
173995567,1
34047138,1
112241069,1
91609422,1
154222003,1
185173278,1
127940145,1
81277388,1
180135763,1
153328182,1
92949290,1
94241251,1
194758618,1
178832226,1
127680782,1
82210263,1
153814872,1
138929584,1
184547447,1
180667814,1
194512006,1
97582506,1
152395238,1
90648369,1
68371035,1
103737616,1
194739965,1
106602525,1
176229137,1
184803563,1
40522042,1
123693709,1
100252155,1
132515417,1
89540210,1
166291670,1
180517480,1
144114472,1
77226675,1
64403098,1
133723338,1
100605329,1
115685808,1
154496427,1
130512450,1
34091028,1
130526376,1
177458712,1
114917657,1
154515762,1
67559654,1
66572901,1
166537295,1
102057642,1
86665846,1
155147406,1
117174993,1
135919839,1
64404135,1
151639265,1
42021482,1
141296838,1
32952993,1
69823041,1
107038998,1
42213386,1
109920716,1
117863191,1
74284793,1
76574965,1
148344999,1
42790639,1
152778988,1
193272621,1
164139247,1
109628250,1
59949272,1
31415625,1
108675122,1
208057623,1
150405733,1
66585317,1
184627085,1
177917224,1
122285286,1
112591253,1
117708090,1
31282415,1
75920196,1
112895957,1
130689580,1
162216658,1
123758868,1
161975613,1
134040656,1
101555328,1
196446192,1
113168131,1
116591897,1
152341577,1
67533056,1
154907565,1
140730106,1
165972349,1
163032697,1
122162173,1
33218880,1
139297819,1
73991202,1
195096287,1
164459674,1
87043171,1
123965290,1
89333935,1
195447773,1
161210511,1
59570358,1
52280234,1
138917336,1
130497537,1
35544939,1
147288586,1
149873238,1
204414832,1
192810901,1
175507403,1
114247126,1
117732566,1
78568112,1
56787633,1
185436224,1
107889591,1
87333870,1
178628783,1
100073417,1
140761126,1
134285639,1
180916015,1
192592447,1
164364896,1
178317703,1
180875846,1
94940946,1
121413919,1
39559459,1
143715099,1
104963934,1
95076120,1
176773939,1
81586879,1
196212352,1
160620161,1
142493587,1
160494432,1
192533467,1
174054765,1
75327270,1
34855685,1
88674379,1
119825288,1
156997483,1
116640337,1
33467367,1
161222947,1
42126938,1
89419998,1
178185056,1
175899818,1
112714435,1
152200866,1
140342319,1
128563697,1
164608399,1
67449362,1
36244516,1
158645036,1
45092004,1
96512701,1
151215080,1
56757462,1
194076007,1
82363251,1
138580832,1
179317583,1
177810870,1
173322391,1
113044268,1
117266869,1
144487464,1
114609301,1
145456768,1
79867327,1
47649268,1
65768568,1
81880045,1
208275377,1
142128649,1
98446462,1
81195598,1
83879015,1
127700255,1
125019216,1
99179181,1
119824735,1
193533050,1
31325180,1
140733126,1
131873005,1
81579851,1
43749018,1
119450016,1
32693837,1
79535787,1
162144600,1
125664254,1
59308952,1
56400488,1
36583340,1
42884036,1
141947610,1
145788643,1
185008091,1
59436299,1
87494883,1
89125756,1
199737547,1
156011125,1
156024765,1
118871183,1
112283469,1
193935049,1
148178647,1
106128291,1
109957440,1
145687805,1
131798292,1
79680170,1
142463672,1
130715991,1
126057410,1
92636966,1
198852530,1
104045705,1
113439180,1
82826679,1
191642587,1
166406670,1
109749330,1
180916084,1
42176049,1
74500493,1
101282710,1
40554217,1
154759699,1
130903326,1
79607944,1
173622901,1
179915326,1
61903690,1
149194782,1
119141156,1
60785069,1
118429410,1
36784482,1
111844331,1
185255167,1
119426615,1
189725002,1
41974552,1
130370930,1
94306587,1
108264043,1
180939179,1
75789661,1
67027851,1
71988550,1
140536030,1
74205017,1
194020846,1
105794066,1
173461197,1
81946251,1
165371339,1
74158570,1
67071218,1
40388664,1
120437677,1
90790847,1
102048759,1
132712247,1
177918725,1
166549947,1
133112025,1
153186504,1
71514869,1
135850603,1
163172016,1
194875543,1
41321884,1
142458264,1
82468422,1
107799550,1
82340985,1
112941298,1
56766285,1
90273492,1
177333921,1
173121910,1
92550587,1
174551561,1
149482836,1
147485524,1
175842436,1
198752225,1
97361457,1
129422165,1
199952862,1
74903469,1
114536098,1
185656751,1
178662468,1
166211193,1
141819819,1
203784697,1
73677565,1
143504708,1
76470239,1
76552236,1
83968424,1
103492850,1
124563329,1
161913089,1
103792599,1
101922714,1
166395883,1
92858164,1
87201805,1
90833632,1
151741416,1
191797224,1
84767359,1
116674801,1
101483329,1
115135301,1
163700997,1
155997505,1
33385578,1
145862724,1
156816189,1
84635945,1
114140939,1
183081692,1
92764561,1
131306973,1
131231559,1
127252461,1
151355919,1
173747879,1
165459919,1
159327263,1
80273057,1
70123284,1
41299984,1
109527432,1
79698883,1
142167732,1
137857558,1
33745532,1
74594876,1
185395937,1
66557011,1
195490587,1
103771271,1
89403654,1
33371682,1
114374611,1
120696270,1
63691421,1
119601001,1
177896084,1
128557765,1
127893571,1
44039273,1
61968563,1
120640487,1
87785720,1
142181194,1
126874721,1
192679112,1
39226735,1
31573815,1
177150830,1
135528015,1
161228306,1
40738107,1
126987038,1
107636169,1
185782164,1
135585190,1
173629464,1
141500093,1
114531025,1
80634541,1
106395086,1
111963734,1
196490813,1
76858795,1
57717409,1
100775195,1
97698415,1
34981404,1
136956147,1
83310536,1
71228561,1
134142589,1
96627089,1
60893043,1
71907955,1
74551706,1
145086924,1
137000896,1
76499690,1
82390472,1
90116921,1
194017727,1
94178746,1
60432241,1
141777666,1
154923455,1
120111822,1
191551402,1
143812275,1
103199920,1
110821929,1
39211082,1
31925617,1
100250507,1
116894894,1
156176184,1
71937031,1
134759469,1
205931523,1
112148187,1
175454956,1
108347224,1
151840319,1
71778081,1
107837153,1
40901637,1
125779491,1
95704281,1
60146072,1
42632252,1
177734370,1
135096753,1
59194701,1
73829409,1
103414850,1
182357234,1
153044598,1
161444155,1
139806874,1
142331133,1
73420837,1
82503281,1
131967210,1
144932198,1
95572463,1
140082798,1
124661867,1
116104516,1
98592295,1
162761865,1
165250733,1
156217745,1
179901508,1
106200773,1
146170992,1
89934175,1
156906565,1
120055694,1
37172318,1
58319238,1
196578396,1
185220613,1
84676588,1
84220780,1
122800657,1
122791923,1
35631406,1
106573400,1
33794486,1
122041537,1
84071818,1
92770709,1
194565371,1
164990777,1
180253034,1
136336030,1
157123133,1
144467547,1
87201864,1
179920606,1
124720355,1
121405776,1
40042734,1
165485501,1
133671503,1
56491683,1
156227723,1
160492083,1
198551714,1
198594992,1
113148994,1
66697041,1
106855532,1
138803293,1
149165834,1
64861956,1
114920716,1
147020686,1
146016078,1
194621628,1
40346689,1
146384175,1
120678248,1
119620020,1
203993903,1
174057272,1
113063138,1
83218393,1
44090555,1
173413477,1
140887980,1
120063836,1
184564136,1
44247965,1
145247473,1
82159997,1
86170096,1
195192516,1
155146350,1
34640172,1
113354153,1
68019687,1
130699529,1
56922708,1
137255837,1
119780490,1
136574361,1
103759161,1
147122342,1
32521060,1
162388370,1
89333116,1
111739911,1
160557736,1
149757625,1
140734370,1
194704098,1
194209533,1
196615861,1
56456912,1
129177843,1
112716449,1
137797254,1
133193508,1
198681352,1
175178113,1
193959792,1
122631749,1
166065399,1
38199635,1
102361290,1
154461311,1
138934174,1
40612635,1
120367208,1
135260204,1
163024782,1
143849059,1
192476065,1
156013553,1
149342599,1
133728461,1
175166743,1
36656325,1
153035193,1
85762274,1
76781901,1
135254459,1
106235405,1
92143131,1
131191370,1
73360021,1
180839200,1
173425084,1
140013711,1
144691044,1
35527193,1
174280966,1
126909018,1
142038894,1
205714589,1
119188234,1
90880295,1
85868856,1
102053812,1
38864323,1
174221364,1
118652927,1
194077783,1
146535200,1
89609574,1
147284066,1
165369484,1
200717500,1
175468161,1
163737683,1
31855316,1
126144696,1
176316138,1
177159051,1
80090706,1
42092020,1
122345343,1
115949899,1
72199188,1
62648609,1
92229737,1
83276446,1
111229731,1
92095648,1
79750698,1
184630095,1
83587023,1
56525911,1
74175724,1
85274439,1
78946769,1
97315257,1
177867975,1
83046583,1
126917792,1
159416237,1
102042304,1
121143817,1
128070088,1
174324254,1
128980026,1
176830147,1
89661893,1
194133902,1
149831687,1
72341734,1
136278658,1
148225814,1
116690405,1
88235251,1
174412084,1
180817467,1
150344097,1
89792467,1
40607730,1
74346192,1
93686895,1
131618172,1
181063921,1
206972727,1
208607054,1
149375119,1
107935622,1
124917461,1
37808898,1
134123284,1
141316351,1
205208950,1
156674037,1
81096478,1
162031978,1
43068666,1
121154358,1
86796490,1
174729974,1
173453765,1
35020123,1
121380727,1
154598982,1
77966501,1
75063110,1
194556617,1
94567767,1
179506300,1
95808110,1
67431369,1
135534934,1
144528216,1
194162573,1
120242752,1
174316605,1
161266482,1
133756263,1
154161324,1
194325007,1
123855353,1
59030836,1
85876593,1
78211168,1
71406688,1
140355120,1
59820098,1
66472715,1
129778872,1
144496584,1
90283599,1
194214033,1
193907315,1
194715143,1
189821605,1
83377481,1
34101795,1
140392990,1
84808100,1
175958305,1
74085723,1
165467064,1
149481326,1
196111997,1
147603446,1
181222476,1
102104216,1
81442378,1
115016333,1
40195516,1
165426214,1
89640199,1
167084495,1
159552082,1
56650653,1
156055854,1
187721304,1
41874030,1
183949181,1
174307427,1
96311607,1
194725377,1
135468857,1
32232186,1
175591837,1
86449435,1
112801525,1
149347879,1
177094830,1
180383204,1
77611955,1
85290665,1
166219434,1
78529739,1
40636717,1
176053034,1
92924132,1
115702221,1
36345462,1
78787523,1
105660284,1
95570894,1
154732113,1
36028549,1
66376151,1
144355488,1
78572504,1
155898197,1
112090282,1
77410210,1
78554295,1
126647582,1
124055064,1
76757592,1
67862740,1
106961157,1
94317602,1
138618721,1
84566591,1
174094174,1
117677366,1
162730618,1
113612046,1
85783128,1
194588822,1
127764289,1
79889830,1
32695012,1
98998617,1
34546372,1
43456640,1
118125584,1
97497954,1
159928450,1
71140159,1
174489175,1
115323584,1
160998493,1
184652617,1
195283138,1
139052125,1
97090961,1
150812430,1
155025872,1
194934899,1
127851506,1
124225651,1
162843210,1
77574835,1
42747055,1
138425780,1
35213458,1
149287477,1
135271248,1
173536166,1
125299464,1
77209393,1
115599765,1
175072025,1
166338353,1
67401464,1
173682197,1
157826086,1
135062081,1
79249519,1
196471893,1
83629531,1
125889824,1
179707235,1
78230838,1
61177218,1
174983929,1
125225017,1
91575362,1
93535298,1
194526179,1
103115900,1
92500894,1
126039121,1
128893204,1
66701325,1
181102521,1
194090860,1
193970511,1
178222245,1
174398730,1
84837403,1
120775977,1
160829051,1
67094243,1
136092399,1
153762158,1
72943701,1
60075563,1
122470470,1
89820280,1
166168438,1
179449944,1
82680401,1
39262384,1
67576275,1
37626586,1
34521530,1
162540253,1
102036175,1
117420292,1
166342449,1
102467408,1
146694545,1
83915098,1
175598894,1
126300774,1
145762400,1
78008466,1
59374437,1
203921963,1
166322937,1
94677221,1
96603886,1
58465298,1
138878252,1
105842526,1
152413802,1
44313756,1
156321682,1
195488466,1
132979565,1
167192291,1
174088548,1
118635438,1
38877934,1
145889195,1
112484099,1
196118028,1
38674353,1
58064089,1
84358105,1
191989049,1
66449186,1
137915334,1
144498242,1
116671130,1
164837216,1
166085237,1
103231769,1
150881852,1
103935047,1
210007966,1
94340420,1
118057651,1
196515951,1
148735322,1
41934915,1
113387463,1
57681385,1
57166981,1
156461416,1
127170425,1
110634239,1
135372164,1
119574600,1
203925881,1
101860555,1
66521343,1
153727703,1
173310903,1
160676803,1
138497473,1
142032933,1
157650052,1
78253627,1
79253467,1
43498132,1
86060099,1
76562816,1
106261224,1
47349262,1
71386682,1
90988466,1
83265471,1
138557253,1
110443163,1
91028517,1
133023889,1
37276886,1
124861164,1
176923336,1
126787642,1
175611813,1
180815325,1
76180309,1
191697669,1
147664381,1
96148956,1
127100982,1
126819304,1
195084512,1
86424356,1
179894343,1
79434377,1
99054193,1
160878567,1
95207850,1
63515940,1
159996501,1
105664923,1
91790095,1
116137767,1
152645383,1
140669951,1
149326057,1
82049437,1
179563761,1
185412024,1
118423241,1
160957771,1
182066199,1
175801912,1
63924877,1
143705841,1
196452854,1
166126611,1
74438423,1
105003274,1
126426069,1
163861457,1
34673551,1
104624104,1
37233816,1
122148099,1
194682267,1
125021397,1
161493789,1
34706022,1
102525402,1
107493286,1
44335568,1
61321354,1
126554857,1
58493782,1
80398430,1
177889057,1
131587191,1
73506811,1
93835679,1
99167555,1
66449788,1
148015986,1
80034044,1
194413024,1
200701699,1
79726290,1
81414763,1
167925376,1
156522173,1
172171802,1
191786446,1
180785726,1
87589690,1
114937751,1
56627321,1
128636880,1
101388917,1
81739048,1
65021479,1
208367855,1
193557211,1
148892239,1
83985025,1
77128245,1
38385618,1
39624707,1
92285243,1
131436581,1
103306620,1
162319016,1
77472063,1
38637678,1
139863565,1
155206298,1
185255137,1
97640263,1
59114826,1
99961742,1
142005288,1
100665070,1
87554081,1
203830531,1
120486591,1
69847942,1
139894802,1
168023766,1
137675069,1
165518722,1
173679878,1
144593602,1
110500969,1
76997532,1
141324217,1
106853726,1
66186536,1
107857949,1
67231204,1
134518750,1
112360788,1
131369142,1
32234407,1
93719050,1
100930385,1
145091267,1
206061003,1
65945540,1
154111966,1
96124154,1
158727003,1
180131342,1
121678020,1
81340968,1
58861493,1
150994603,1
133691094,1
145951936,1
61011271,1
88238666,1
80833088,1
41638936,1
85054495,1
78431862,1
41719294,1
174496538,1
81058480,1
166457953,1
133040174,1
71726848,1
178721558,1
132968037,1
99765416,1
122700896,1
100045190,1
104526661,1
177516558,1
95135407,1
34426180,1
106487130,1
42981054,1
75187595,1
108819712,1
193490966,1
61544328,1
105768603,1
83388634,1
74863754,1
76571521,1
40430334,1
123556008,1
35095368,1
121623914,1
132197034,1
89593950,1
91806034,1
160935534,1
59813061,1
184141628,1
173122581,1
205700841,1
84007093,1
61415283,1
71158122,1
151254094,1
101679498,1
112027837,1
113795285,1
43672587,1
136381825,1
43684293,1
108096971,1
86806034,1
95801842,1
123805038,1
35749407,1
87106938,1
160607775,1
185008890,1
126432613,1
159774849,1
60774321,1
185580350,1
82234246,1
80798919,1
64478759,1
111760726,1
126111890,1
63653976,1
173439237,1
60658492,1
160841517,1
102290396,1
42997980,1
97663023,1
97805609,1
118886017,1
114630777,1
76346267,1
130817391,1
145868320,1
125466161,1
173745451,1
34330543,1
91890834,1
40663079,1
77555777,1
151096763,1
178847987,1
119472716,1
97804217,1
97430080,1
180337923,1
137996561,1
162689886,1
139860100,1
74980600,1
159360247,1
120976488,1
128054741,1
81009112,1
129108746,1
152006770,1
205083132,1
102929542,1
84609474,1
106189235,1
38960009,1
112692752,1
166075407,1
121007518,1
166071923,1
78597869,1
138175280,1
121079023,1
127836317,1
127874947,1
178761964,1
196108898,1
160015924,1
144620832,1
160421979,1
121453930,1
194029008,1
150020058,1
209902795,1
148066400,1
59131378,1
43762174,1
142464501,1
161159338,1
174386887,1
178796636,1
133205421,1
196526442,1
193592051,1
175102285,1
136883082,1
45362500,1
145453402,1
75602128,1
104912188,1
206153836,1
112863743,1
118715372,1
144212122,1
83458975,1
140505997,1
187738290,1
136758715,1
116099374,1
160548300,1
108488004,1
164477696,1
128283795,1
35198002,1
140618688,1
105510374,1
108351152,1
86481955,1
97355032,1
72167348,1
84935102,1
85263513,1
88133071,1
160804140,1
130740438,1
184618093,1
143380598,1
34820895,1
86601970,1
62776430,1
111013054,1
179431538,1
195088095,1
137914160,1
196438435,1
74048968,1
140669349,1
153173594,1
109577865,1
194683905,1
101550512,1
88158258,1
120018209,1
112974559,1
127683318,1
132766155,1
40231777,1
165365931,1
80007821,1
77616248,1
58505003,1
205627924,1
102961954,1
91639337,1
96731480,1
95590919,1
148858179,1
118063682,1
109194609,1
152702646,1
141731219,1
162956721,1
73049997,1
162938422,1
82561403,1
82453815,1
112287585,1
193652127,1
35914644,1
93849072,1
97405189,1
126079429,1
75351855,1
36976387,1
132833396,1
91435747,1
73280008,1
152082134,1
160618710,1
155010278,1
140741426,1
153916835,1
63543495,1
146906534,1
87078731,1
96882712,1
195466979,1
194330830,1
150926522,1
76637302,1
137717172,1
93631862,1
103021862,1
74791597,1
156460735,1
58772272,1
109424541,1
148385326,1
116246441,1
95453001,1
76261448,1
71005943,1
61699380,1
37233016,1
75027629,1
164364264,1
77971070,1
157104312,1
93319913,1
93315956,1
31722115,1
194591476,1
141073568,1
211705380,1
61966027,1
153742567,1
106904950,1
127957762,1
137155523,1
83071001,1
89433628,1
40312027,1
135967992,1
195382486,1
106540741,1
156011372,1
40413802,1
174398109,1
140636256,1
141479367,1
61715862,1
87712823,1
148280995,1
41200251,1
91817898,1
57542075,1
143302510,1
89589617,1
95246509,1
94809789,1
191950489,1
109692047,1
158690367,1
115606387,1
56151162,1
158466436,1
125339929,1
203855778,1
107600569,1
65225977,1
182459502,1
44782938,1
67514896,1
155247800,1
81975030,1
88789953,1
106840639,1
62311631,1
198684687,1
122200023,1
43556708,1
79978646,1
68388277,1
89052296,1
34561650,1
175121393,1
144471811,1
151715360,1
124530079,1
173703131,1
151015566,1
156190041,1
167174220,1
65310283,1
160947664,1
122679064,1
83343589,1
94377955,1
118188799,1
105593733,1
106710716,1
114757937,1
135238283,1
42377004,1
128924520,1
138111068,1
154521496,1
139553698,1
88972866,1
34046072,1
164414353,1
121080761,1
44140091,1
111892041,1
65002776,1
68587761,1
196466287,1
162137376,1
165369415,1
156661562,1
34373910,1
140022189,1
81583582,1
185400052,1
185445127,1
42520272,1
37062104,1
87686758,1
84675788,1
90354216,1
93966609,1
128478068,1
119375471,1
163475447,1
159886524,1
139151749,1
151664986,1
34876668,1
68328763,1
59328365,1
135661462,1
83691690,1
113044653,1
95886533,1
140637411,1
109502817,1
51898675,1
92253127,1
60609854,1
118064915,1
32926128,1
185557778,1
78117940,1
76881634,1
75228801,1
56080269,1
87938995,1
62122421,1
74461834,1
103845520,1
128797320,1
62285506,1
61341666,1
71929491,1
177748168,1
67430728,1
163918366,1
174555845,1
124151560,1
194088166,1
115542857,1
107040272,1
85160869,1
89238516,1
146502808,1
96123582,1
93290887,1
121604353,1
98196287,1
85903932,1
164720626,1
203924914,1
120516367,1
117072162,1
115180484,1
102324289,1
60602679,1
84933227,1
84322180,1
164496616,1
144768353,1
195089368,1
173575250,1
97795798,1
90850686,1
97295913,1
117845860,1
192165755,1
127485808,1
83796130,1
143230886,1
59098769,1
109543776,1
92800407,1
40474490,1
100963428,1
112606255,1
129115783,1
60289684,1
158747512,1
154868215,1
79599308,1
71147512,1
116596792,1
158630005,1
120849032,1
82570602,1
109365165,1
70930114,1
161278316,1
62091647,1
192009756,1
132099483,1
65392309,1
61475902,1
97424129,1
59583623,1
89510532,1
85063289,1
134390149,1
74740778,1
178046092,1
63234429,1
116695320,1
210571510,1
121078629,1
118998955,1
163469802,1
127198563,1
181241919,1
159340478,1
65668401,1
100769402,1
134011245,1
199961755,1
141200254,1
153864486,1
159493368,1
143380164,1
63683476,1
154279769,1
57653543,1
207116004,1
89692330,1
77514917,1
185395029,1
44310647,1
42972280,1
148739122,1
78542056,1
136599035,1
73329139,1
132670469,1
103494034,1
71297175,1
66904559,1
81740114,1
116415616,1
99156748,1
81644221,1
78651648,1
91668531,1
62316812,1
151308051,1
144162419,1
177937763,1
134089205,1
140989736,1
198977223,1
162444291,1
194318760,1
119427286,1
119827439,1
114061034,1
128020809,1
144562463,1
91650608,1
173389840,1
36146432,1
97361556,1
72510554,1
80039137,1
43832386,1
166610389,1
67274235,1
34976943,1
74014356,1
205214536,1
73837483,1
62591710,1
96150427,1
60864352,1
113733314,1
33605167,1
205917765,1
136900759,1
83294439,1
33218101,1
97193358,1
84165017,1
97297028,1
132582886,1
102623999,1
97663970,1
132610787,1
163938776,1
166220322,1
150036274,1
57748893,1
126172825,1
82131168,1
65527039,1
84072380,1
155343752,1
104238844,1
108767492,1
133474338,1
90334930,1
95412950,1
35445295,1
179940829,1
116633487,1
96577722,1
112656195,1
62032370,1
39606755,1
66515667,1
37069773,1
122985278,1
196071453,1
146570405,1
82699321,1
88094639,1
77466072,1
93876026,1
114686175,1
66722001,1
62768238,1
165494107,1
86474346,1
109571904,1
67663394,1
158425526,1
136133397,1
131729915,1
175048713,1
105596872,1
45087444,1
163189762,1
95540239,1
195298071,1
137535483,1
36294861,1
113036411,1
156488636,1
132979891,1
117744469,1
134216276,1
194038196,1
196569542,1
174356627,1
160584996,1
155272217,1
153168571,1
161315031,1
61621597,1
99640003,1
137940245,1
34553458,1
90748072,1
175648499,1
41508045,1
82653931,1
112892986,1
140295360,1
102470497,1
185674339,1
112804584,1
175216101,1
94378221,1
90138723,1
132126515,1
155431167,1
43973314,1
93024161,1
113312227,1
64037676,1
76476891,1
154238169,1
126450289,1
144556354,1
45158140,1
66981710,1
212985122,1
41374193,1
87358287,1
106758850,1
121462645,1
156567248,1
196339709,1
89402421,1
172045718,1
111726824,1
139180578,1
164186868,1
120288567,1
191512417,1
178445347,1
162753348,1
75402210,1
117178418,1
110907094,1
97156179,1
66949338,1
161821529,1
36806560,1
195310862,1
105661202,1
57096443,1
179491683,1
102180183,1
151576238,1
32744024,1
83585128,1
178331906,1
126735116,1
137874198,1
75702068,1
165584759,1
33586967,1
95266002,1
180388445,1
97185067,1
194207016,1
175218954,1
134047920,1
97437660,1
148266950,1
75892423,1
133100221,1
86847210,1
153220573,1
134538203,1
178521501,1
76875189,1
71853307,1
99360269,1
176550758,1
119597093,1
91984102,1
116716007,1
134069811,1
34833597,1
62013954,1
96285779,1
152866294,1
107938455,1
151109544,1
185814507,1
176476637,1
101610627,1
162730973,1
67057548,1
115539629,1
120691543,1
191668771,1
135713939,1
150215013,1
62487112,1
76732178,1
147709367,1
110597129,1
142418598,1
134431917,1
112092295,1
112062370,1
89772570,1
128950378,1
111943264,1
121164929,1
110145525,1
102354638,1
195094313,1
157040150,1
75395123,1
129415720,1
86684993,1
35473522,1
43325207,1
67032104,1
164157279,1
73441573,1
145902341,1
131844778,1
180954556,1
152096495,1
144481838,1
83087917,1
129043370,1
196520530,1
77140099,1
121921365,1
159680121,1
155237684,1
68667093,1
75993527,1
135258121,1
146431875,1
70154442,1
170357749,1
198860337,1
162166195,1
138716736,1
136125867,1
115270801,1
74334220,1
97641921,1
102602187,1
111841153,1
151998766,1
192923237,1
146752765,1
67109887,1
85433093,1
69006953,1
185624379,1
122913556,1
199060828,1
113902706,1
38845551,1
79995622,1
78565793,1
133402122,1
76874143,1
156736551,1
194724765,1
165765501,1
196328527,1
196630280,1
194038157,1
35145822,1
119354932,1
160520814,1
76997779,1
125257508,1
150088918,1
131419536,1
60016760,1
198592624,1
74527486,1
175408253,1
133916082,1
81552355,1
78922599,1
117036661,1
71875129,1
128708415,1
146486957,1
136558501,1
91677660,1
90125794,1
146710612,1
206788096,1
41541582,1
199361397,1
147446046,1
175666195,1
123192135,1
90433321,1
120581714,1
198729643,1
38124676,1
157889942,1
195764045,1
198713211,1
150014817,1
198737618,1
191596851,1
66225491,1
90180284,1
75569282,1
147748510,1
41849968,1
84379769,1
131446569,1
56156265,1
177654219,1
154373166,1
131866570,1
112341779,1
126651688,1
111205817,1
79280806,1
179791758,1
101303179,1
136439207,1
73053510,1
33725290,1
87906524,1
90863231,1
116596901,1
68256705,1
135911331,1
33113463,1
167531174,1
147095083,1
84477942,1
78977651,1
88975689,1
161279549,1
64101582,1
89606189,1
72020242,1
154991526,1
159500770,1
155587916,1
82821201,1
164180976,1
88736193,1
176799354,1
104605450,1
78114071,1
74229405,1
98329833,1
60716653,1
130624816,1
190790031,1
150408388,1
36242039,1
139459207,1
143729676,1
81181633,1
118980055,1
38773967,1
108454724,1
122331249,1
81330229,1
144601577,1
100930888,1
67995259,1
191802020,1
70413865,1
178347460,1
84947479,1
119729049,1
198547332,1
200701008,1
33514475,1
196414925,1
58590859,1
196668742,1
154571781,1
102796214,1
204037566,1
64638607,1
63010103,1
174245001,1
130064400,1
84787256,1
119543846,1
161705255,1
173676917,1
84085290,1
116489490,1
141179183,1
161705265,1
144547600,1
81524414,1
212951565,1
79583428,1
73093532,1
150986322,1
195871712,1
179919965,1
185872984,1
163698056,1
116587988,1
86119899,1
136372320,1
38509827,1
107119228,1
80972881,1
87274297,1
181251404,1
84624496,1
133073218,1
65309247,1
135898451,1
121378980,1
113648554,1
160169337,1
153254397,1
143105275,1
131602074,1
127476669,1
198654674,1
128112538,1
43615176,1
38811876,1
127058730,1
116756956,1
134731805,1
164371035,1
33454073,1
141138520,1
43703232,1
93898479,1
43690580,1
78498749,1
93318709,1
84659099,1
119394746,1
77574134,1
175567410,1
180796662,1
93309896,1
56938825,1
134530198,1
79128814,1
150392211,1
109413161,1
140111982,1
174074307,1
92956840,1
151424888,1
79987045,1
160892108,1
31908582,1
99509734,1
97343238,1
139146133,1
194556587,1
106246538,1
103189280,1
155219425,1
133789909,1
144773229,1
169257367,1
81422806,1
132170149,1
36246974,1
71287394,1
86401311,1
194461563,1
137101566,1
95907388,1
69121164,1
166891742,1
176854633,1
150603036,1
167036608,1
139154828,1
133769706,1
39224505,1
32306445,1
77083556,1
63009076,1
136774665,1
110889407,1
64347118,1
86386191,1
125451623,1
151122098,1
123997071,1
139206979,1
160733089,1
185872935,1
84116507,1
159185881,1
151440314,1
124235264,1
87490550,1
114940929,1
148703996,1
78834098,1
91578106,1
155923937,1
137349549,1
64156960,1
76409492,1
194815832,1
163711094,1
132196609,1
204259652,1
89252373,1
89012433,1
194369183,1
111114671,1
40148606,1
157724084,1
95856145,1
67661489,1
67342089,1
138230708,1
111613511,1
113044376,1
109329043,1
40712279,1
110800472,1
38006606,1
84610639,1
130865358,1
81752500,1
189447054,1
119797169,1
165541955,1
88442631,1
90238593,1
192012736,1
198864630,1
110467788,1
37500512,1
119631162,1
155150180,1
104310250,1
65195164,1
58174243,1
82949683,1
83982557,1
78511421,1
159338662,1
195379031,1
184928601,1
119259453,1
159324420,1
170345185,1
166234475,1
74845811,1
176409633,1
125448218,1
129548466,1
148758279,1
37329709,1
110210675,1
98729029,1
107454232,1
64249843,1
196600671,1
177219236,1
96973947,1
58796078,1
65993023,1
135596767,1
136787387,1
109379299,1
158274679,1
131807125,1
58405271,1
123472945,1
195263004,1
43657753,1
129337573,1
120508008,1
176112992,1
84816361,1
74684768,1
68719896,1
33020284,1
159853184,1
91708947,1
117169762,1
88222460,1
96681530,1
195747345,1
71529545,1
196174087,1
108403491,1
80438422,1
98552679,1
193955045,1
141471274,1
180083247,1
115707422,1
103750614,1
194997117,1
156495209,1
77558935,1
154901120,1
76552088,1
84587228,1
85757773,1
114768695,1
122596959,1
177435440,1
59918627,1
61993208,1
100166744,1
92092480,1
74483586,1
91764454,1
77690171,1
93920597,1
166639485,1
177740894,1
180161967,1
59175169,1
58968381,1
37807072,1
164336284,1
115068237,1
179108170,1
63003589,1
109589847,1
116047480,1
185392394,1
75202301,1
195759919,1
150143458,1
88323022,1
71488467,1
108288184,1
174126773,1
75300839,1
174484872,1
63995444,1
156252210,1
203862992,1
143962204,1
203918114,1
114145449,1
123892650,1
73704440,1
174071632,1
109497507,1
101241810,1
66998104,1
56899693,1
65719536,1
180282603,1
153406270,1
125925098,1
110318865,1
65633424,1
99090947,1
195294863,1
77969758,1
127651104,1
118858984,1
71946940,1
209976097,1
110901162,1
127209498,1
126530282,1
56453636,1
98165020,1
81553233,1
166769003,1
112464428,1
67316438,1
125595226,1
176254690,1
126243916,1
90810744,1
160615088,1
77978551,1
198706183,1
177897999,1
66228886,1
147224325,1
86265742,1
122873041,1
141409312,1
65556687,1
78404652,1
94209668,1
141495543,1
133170394,1
157313163,1
96147308,1
195460179,1
33457952,1
86523437,1
152954183,1
106226059,1
125197698,1
98286564,1
112797833,1
45427334,1
185563779,1
203975851,1
118707654,1
105039002,1
65310234,1
82371739,1
81568146,1
35621112,1
120805093,1
139076069,1
193827589,1
68026339,1
166305369,1
110594898,1
160589861,1
180839525,1
195379071,1
80584216,1
98217675,1
194623967,1
89479325,1
91267391,1
77886882,1
86963918,1
60105646,1
194785493,1
95867880,1
121724239,1
207021591,1
185836911,1
100994379,1
146520879,1
196667370,1
150208064,1
136432673,1
63990135,1
33623366,1
128487553,1
83417917,1
103837792,1
129397639,1
132516671,1
58743305,1
83267050,1
154815689,1
57993669,1
96107386,1
122880493,1
63622610,1
85721808,1
91600312,1
88554256,1
96306120,1
64472038,1
113055114,1
132109816,1
90997842,1
112179276,1
149432531,1
98948568,1
134638270,1
117223334,1
160624622,1
65728646,1
148257544,1
74268281,1
134992421,1
111741322,1
118436388,1
67336355,1
148870624,1
195493193,1
162546244,1
152096662,1
185460958,1
129813455,1
112677039,1
144579251,1
121100796,1
92602965,1
58021126,1
157293641,1
136625722,1
210340196,1
56985528,1
117424151,1
95557619,1
97532369,1
137071483,1
163567235,1
59897348,1
141176755,1
194115199,1
174072905,1
143676795,1
98156572,1
180314275,1
129403166,1
118829859,1
90787551,1
41655299,1
65262494,1
127491591,1
97258685,1
113705669,1
40069896,1
150112418,1
82247728,1
147823282,1
38626565,1
126268629,1
176992107,1
159838706,1
43550066,1
65001275,1
36575730,1
89808486,1
72152978,1
98454960,1
180598490,1
167177941,1
91605978,1
147597288,1
162074822,1
162965061,1
140311240,1
198891781,1
135443423,1
85959360,1
103582328,1
90880443,1
95159528,1
139979069,1
177324298,1
86018676,1
76819189,1
46084837,1
32315358,1
125192329,1
163875156,1
165647905,1
192878380,1
94495423,1
137770606,1
118096528,1
99811606,1
41129970,1
145770700,1
196424410,1
79902502,1
137434013,1
104901943,1
134236183,1
125647861,1
102759972,1
208290141,1
31387486,1
117306683,1
196523570,1
60453184,1
128583969,1
178975345,1
151379083,1
110909028,1
77275826,1
57721327,1
135661610,1
204981594,1
138992977,1
113843390,1
67278302,1
67856927,1
38312149,1
179512715,1
83413239,1
152003168,1
70703607,1
177133450,1
136942596,1
133007230,1
117975477,1
76777282,1
122035329,1
113147948,1
134584451,1
109918564,1
175188309,1
63111197,1
177984960,1
143756729,1
153387241,1
121601836,1
160166712,1
163467463,1
73545007,1
96904326,1
67036556,1
154277124,1
96710951,1
83259954,1
68643455,1
79430370,1
180095081,1
117118805,1
65989233,1
132758298,1
104938549,1
113632387,1
125394113,1
161684549,1
33248400,1
114711629,1
85709817,1
87216935,1
166032415,1
128522008,1
133812599,1
135899685,1
196578919,1
137199788,1
143861721,1
120734614,1
96005127,1
81497036,1
73311591,1
110216557,1
60946724,1
92515787,1
160942256,1
210442297,1
55753753,1
113935631,1
204534836,1
210393986,1
209945679,1
209801306,1
89305758,1
141073499,1
134322966,1
119336032,1
117174095,1
83849466,1
196443192,1
32128181,1
137094193,1
132029389,1
40706752,1
166462710,1
109911606,1
164985043,1
119448920,1
165327627,1
76506549,1
98712043,1
134590561,1
121166626,1
122050814,1
153279584,1
35469357,1
208207878,1
174101053,1
97236498,1
128642042,1
143195020,1
128712955,1
140123204,1
113450688,1
130714590,1
60233566,1
117411864,1
44994611,1
154734344,1
126415430,1
75307688,1
84894884,1
152775168,1
140979955,1
100210121,1
132863045,1
140472184,1
88059819,1
115348031,1
111864662,1
93833261,1
124141720,1
69923395,1
174211721,1
138561882,1
36597986,1
182311320,1
31383223,1
92254035,1
152386937,1
39759437,1
179799358,1
80568602,1
74761455,1
152241588,1
194432309,1
176876416,1
173993356,1
150316531,1
194054452,1
139494757,1
76756230,1
207178706,1
72651067,1
100642024,1
195368491,1
151416587,1
44026107,1
89897598,1
128132869,1
45385131,1
127257327,1
212437201,1
158338388,1
116817703,1
89312795,1
175261837,1
98581291,1
36336293,1
165975300,1
69644006,1
149664960,1
135867352,1
123942995,1
108724391,1
95925360,1
118582803,1
112034508,1
44258605,1
60722851,1
82138807,1
42920602,1
156215554,1
82018190,1
141044186,1
60490935,1
142661814,1
133644875,1
40496549,1
78034482,1
130014479,1
63806807,1
129139756,1
44648977,1
88755439,1
199023087,1
153722680,1
45454209,1
65857799,1
178481628,1
62247005,1
77298269,1
96309327,1
67404623,1
116535837,1
152446826,1
83969223,1
184651621,1
169038657,1
210367723,1
175095919,1
77601947,1
196273020,1
104682176,1
55752519,1
150145619,1
93285488,1
74833385,1
145318159,1
142595402,1
121281212,1
195147125,1
166492842,1
65812172,1
198965922,1
101753658,1
60014757,1
114560328,1
146800130,1
98527225,1
63593712,1
164151259,1
128255153,1
66201212,1
195088677,1
112971815,1
133541234,1
36516256,1
76054442,1
97015942,1
77667807,1
31963842,1
115570383,1
135383001,1
105121630,1
111989592,1
56131383,1
66835877,1
102250267,1
91858531,1
163856789,1
76319431,1
127478544,1
134189223,1
180252738,1
154315576,1
116675591,1
33257540,1
59254008,1
162631438,1
72188706,1
106976307,1
35998427,1
110636943,1
93038718,1
132917298,1
38719872,1
122694796,1
79207248,1
32230647,1
139076671,1
60366233,1
118191365,1
66910629,1
193915053,1
158313704,1
88982538,1
103035255,1
204977300,1
90763933,1
93285991,1
78599063,1
177111016,1
153032143,1
161800447,1
63929071,1
179193789,1
117180392,1
73240678,1
45201902,1
133441897,1
41236394,1
145697270,1
119573494,1
67357199,1
34363764,1
113644882,1
102520832,1
131692648,1
130662241,1
38001513,1
100982407,1
101578364,1
76460665,1
192247712,1
104096465,1
174348553,1
119091265,1
136086260,1
122754793,1
38008836,1
105621575,1
97274575,1
36418300,1
32581462,1
150784883,1
192919664,1
176383152,1
130783499,1
56206007,1
208388936,1
129925919,1
61388448,1
85948405,1
63121570,1
78900096,1
106320708,1
92626110,1
93766720,1
194669061,1
113999714,1
77347222,1
62292997,1
121034699,1
122645497,1
121485335,1
37445074,1
74200299,1
193740904,1
41081451,1
33078623,1
70971123,1
58876920,1
97558346,1
185570135,1
90567192,1
80063673,1
174406182,1
149087065,1
198551398,1
164315104,1
176805118,1
42260207,1
109960628,1
164705585,1
139833492,1
100933267,1
92976096,1
79194941,1
32920502,1
92033045,1
85738606,1
127842140,1
72089438,1
64061275,1
92204826,1
187554893,1
143592113,1
118273500,1
79837926,1
113894702,1
148369061,1
128125980,1
138664042,1
68178449,1
125631250,1
160584749,1
156021153,1
124781171,1
81647123,1
154063240,1
90385019,1
193948738,1
44192222,1
78894026,1
120648324,1
94478536,1
41019115,1
179041451,1
157046604,1
62138005,1
103729118,1
125044413,1
163785540,1
206429721,1
100884412,1
155389745,1
87671825,1
33937891,1
196327668,1
70285244,1
103990179,1
102415040,1
98943397,1
40559744,1
118487453,1
63310188,1
104886398,1
94819007,1
132571595,1
110878117,1
76186666,1
121568013,1
176349398,1
36762897,1
105665939,1
92728092,1
60807345,1
35151290,1
198716369,1
175691066,1
105672078,1
166169741,1
177856803,1
134769437,1
36277510,1
107256475,1
149363276,1
102777777,1
150015795,1
75647262,1
145567475,1
152538712,1
144837648,1
59306198,1
94039654,1
195184107,1
137494396,1
94966124,1
60383337,1
160546475,1
185684100,1
198734983,1
194354478,1
73983306,1
140143249,1
84865156,1
203927638,1
176510480,1
126305946,1
115057933,1
140774865,1
162652145,1
86489121,1
175623983,1
74200595,1
57857695,1
134133312,1
199770571,1
110376681,1
117520627,1
101469403,1
110584664,1
134009281,1
211572505,1
150580030,1
195296146,1
45461739,1
123477456,1
129558010,1
195176547,1
139723801,1
196384586,1
85514359,1
94183898,1
132921788,1
77913975,1
113061460,1
184931483,1
74628512,1
128156724,1
194235233,1
138236511,1
98975591,1
97900979,1
149142522,1
146927072,1
164252985,1
116269171,1
160753766,1
135754681,1
150843015,1
161128416,1
109298486,1
105131589,1
122475306,1
84436855,1
80936659,1
160943272,1
93666721,1
38833323,1
161878151,1
134010031,1
145903703,1
141718537,1
123791882,1
66843427,1
179790515,1
137961040,1
99166894,1
86383664,1
94255384,1
164754716,1
59584037,1
132007054,1
129237919,1
117820120,1
175061030,1
64661198,1
102063692,1
32043351,1
207180502,1
66026194,1
59064403,1
86501241,1
154801674,1
37420469,1
194520623,1
129268160,1
151225591,1
200954992,1
67560938,1
123573605,1
179219469,1
166726781,1
151793221,1
134934191,1
123004850,1
180427805,1
176487079,1
124915980,1
97314024,1
144308716,1
68401482,1
33934052,1
78065029,1
160534217,1
196611508,1
87575744,1
149212488,1
206686005,1
195284481,1
81426922,1
140665539,1
143667330,1
45598335,1
132767911,1
207049236,1
195077643,1
104939151,1
96432145,1
33177971,1
127137737,1
63803046,1
106836691,1
116115748,1
179332920,1
73440685,1
122889010,1
103441113,1
149507668,1
165774887,1
168963470,1
141546559,1
81513014,1
43643669,1
207251987,1
129971339,1
205248478,1
90243291,1
177137753,1
37024600,1
123559650,1
80518642,1
57850856,1
185731276,1
127621633,1
124282914,1
118531116,1
44445318,1
108926481,1
123016190,1
86449100,1
161824124,1
155250001,1
44249693,1
110067615,1
98525290,1
81962733,1
41860419,1
108628488,1
87467909,1
131471342,1
73259578,1
84564291,1
113571502,1
40019008,1
63358194,1
140299544,1
90971036,1
44080686,1
82260894,1
97716141,1
205969205,1
93853563,1
31354779,1
67086496,1
136244608,1
92997700,1
134606628,1
131501286,1
78014358,1
128036512,1
33147790,1
74518900,1
179123764,1
31943846,1
120734268,1
65159831,1
85724592,1
61215986,1
198661336,1
65837932,1
177991365,1
80426618,1
140822643,1
207202738,1
44286714,1
206147717,1
145029671,1
148266634,1
113481985,1
102218960,1
86889600,1
90356861,1
40803237,1
168748905,1
97105992,1
193048423,1
117677267,1
165799838,1
146249297,1
135284009,1
155264341,1
88757817,1
199387492,1
90895415,1
87631291,1
74529233,1
126760185,1
37690206,1
113454666,1
119848096,1
43679299,1
176833453,1
74804112,1
203995590,1
95048713,1
115464857,1
106514064,1
95503001,1
182440148,1
84444682,1
152468046,1
60529535,1
42030749,1
213985515,1
77149870,1
148394712,1
163009365,1
112262102,1
98166461,1
65173688,1
83989407,1
123601072,1
96653421,1
44507615,1
112843115,1
151289289,1
146816947,1
64080747,1
79443349,1
208537030,1
57195050,1
44097494,1
105770774,1
120085500,1
150425008,1
180761131,1
119891098,1
117647787,1
166825379,1
198749521,1
99225845,1
200129292,1
205098548,1
133623764,1
57137955,1
113391283,1
84145830,1
144759313,1
158131521,1
153312617,1
177915537,1
176594589,1
109895163,1
146161300,1
136698126,1
114692294,1
151475776,1
83935548,1
130606162,1
158164544,1
150691458,1
148174057,1
140781981,1
99876775,1
146033775,1
106071402,1
85958847,1
120156561,1
36800165,1
36684947,1
196086869,1
112809322,1
86517101,1
68033425,1
185884156,1
45667027,1
90989502,1
126339424,1
79502665,1
144829683,1
165436755,1
111348551,1
99497624,1
115906413,1
67503121,1
205636017,1
162020569,1
161917856,1
156127241,1
134993527,1
153101576,1
150892245,1
175527655,1
110831117,1
88303845,1
149801141,1
34423150,1
115866037,1
43893084,1
141167369,1
72063066,1
125150551,1
203784924,1
76817264,1
154268252,1
33577522,1
39416498,1
173437451,1
58463285,1
31801783,1
151887496,1
102471652,1
193705837,1
123558298,1
122368665,1
145038968,1
76818221,1
65741752,1
105158829,1
79003747,1
64748860,1
83797986,1
114000159,1
42168785,1
58582312,1
113146023,1
128890766,1
62261848,1
76373359,1
31390447,1
74411617,1
130356787,1
85222081,1
198669054,1
136645590,1
31148445,1
180589963,1
136391053,1
193375492,1
36037383,1
78152760,1
194526307,1
180800758,1
33469420,1
119894533,1
65906456,1
144224528,1
71957491,1
60622853,1
112241987,1
78287203,1
132508005,1
173789006,1
38592218,1
111550177,1
151826512,1
203685734,1
116082714,1
77420781,1
165495469,1
57809206,1
59392271,1
155219790,1
144394848,1
194125187,1
149177934,1
78369852,1
112707309,1
164372733,1
94124217,1
34030803,1
155239786,1
77901272,1
139926217,1
57114277,1
93859317,1
155021470,1
39176973,1
135257193,1
166917047,1
131233079,1
155572964,1
33130143,1
133555141,1
113254086,1
97722566,1
142268224,1
92161103,1
128053409,1
94515685,1
98265750,1
35447723,1
210575547,1
140580522,1
125510940,1
148431240,1
77067014,1
185178648,1
153556051,1
67438851,1
32156131,1
37088565,1
63022519,1
180814368,1
77463624,1
116616225,1
121869875,1
156908667,1
130367525,1
76429329,1
123636573,1
59040469,1
196639883,1
161182501,1
133394839,1
123366877,1
35290007,1
61360882,1
82893634,1
181308608,1
32067739,1
206769976,1
177119504,1
179225875,1
111077068,1
31672836,1
77789114,1
107917877,1
139755877,1
174379396,1
185552024,1
97079867,1
137587930,1
78187896,1
179651403,1
174436945,1
88460199,1
166161618,1
81941454,1
33928653,1
134502396,1
90170769,1
150097900,1
35724822,1
159452360,1
35274166,1
140119691,1
141242674,1
151396138,1
82547013,1
83283444,1
200698383,1
150009606,1
69882940,1
58144013,1
100896946,1
96107573,1
175235485,1
96492873,1
121812286,1
209825980,1
92673296,1
198810555,1
193289340,1
42408597,1
149035802,1
129062053,1
67381824,1
128649187,1
68974877,1
72977870,1
112704605,1
150599828,1
97735100,1
75065360,1
85817899,1
205851945,1
134253247,1
102404203,1
101782329,1
126016895,1
91288147,1
165483024,1
127358608,1
138205372,1
154385799,1
143858188,1
65521670,1
137183809,1
109019927,1
99424096,1
178562529,1
159407542,1
178672368,1
134949360,1
79865728,1
135224071,1
148649022,1
63319159,1
59329658,1
146511463,1
79479669,1
126932567,1
38935118,1
66527284,1
126194153,1
82651177,1
109785838,1
193011915,1
58493199,1
86589426,1
59225100,1
165635578,1
65067540,1
114650102,1
136650357,1
41860716,1
178138264,1
95858652,1
156305871,1
137064742,1
84606938,1
44743874,1
63919448,1
42839997,1
97268505,1
58032980,1
123903911,1
73018148,1
127422978,1
132499340,1
89227906,1
134910523,1
207042110,1
72427096,1
41848783,1
159016864,1
149995967,1
81274160,1
150250316,1
177842442,1
175977117,1
134646166,1
130749706,1
61824388,1
112747666,1
33041869,1
75353997,1
84864337,1
113101047,1
144697539,1
96783611,1
36849394,1
81771134,1
133711801,1
78921878,1
121065423,1
75734174,1
84325062,1
176873958,1
176453947,1
128824590,1
142376228,1
66372361,1
95047528,1
176425434,1
192927501,1
76703507,1
102309840,1
32605830,1
203765540,1
110799880,1
70133213,1
176322079,1
63505043,1
176264619,1
103773216,1
154356891,1
134792503,1
89366732,1
117185702,1
124172424,1
126789152,1
113547627,1
73201653,1
166285482,1
145940635,1
156800575,1
159990322,1
58830996,1
112041555,1
174489926,1
33311763,1
111249895,1
118301460,1
109544407,1
90879792,1
129988700,1
198705562,1
143223582,1
82361771,1
109939863,1
42140233,1
151112850,1
90375939,1
111245848,1
77658776,1
108085838,1
136303756,1
81261754,1
90780889,1
141990514,1
105226150,1
116192819,1
96381859,1
35012029,1
94792517,1
164264285,1
144082307,1
113824815,1
178483286,1
61472300,1
44417170,1
36679815,1
32384741,1
99012642,1
107429924,1
37020148,1
192042888,1
98404220,1
115899347,1
90436489,1
123377605,1
118029888,1
106837501,1
101172634,1
144065223,1
198551132,1
126962186,1
58474595,1
66588387,1
83857519,1
147116036,1
208031962,1
115485307,1
167093437,1
87315295,1
204140081,1
103831910,1
95174284,1
111583773,1
74011503,1
207089257,1
138165706,1
94600258,1
85026761,1
38665313,1
105971009,1
105912482,1
78772166,1
60916760,1
81131831,1
66763217,1
194779483,1
78461866,1
78460603,1
152766591,1
176301462,1
166389448,1
131795647,1
108924419,1
67813817,1
79772026,1
150219760,1
103434886,1
168497783,1
135107047,1
109275234,1
33687479,1
69110929,1
127926091,1
129532793,1
156200227,1
102568867,1
131095734,1
37368486,1
77889241,1
90896215,1
142284085,1
147599785,1
76280920,1
185266142,1
100421843,1
34562331,1
73960655,1
103745670,1
174593882,1
196557334,1
132023191,1
65094523,1
97541005,1
60341371,1
154101860,1
149328535,1
126557246,1
150682082,1
34050947,1
71084199,1
65462117,1
33586178,1
180849800,1
94318194,1
89108583,1
66440856,1
195138134,1
33025663,1
125485486,1
79190904,1
61321403,1
35788136,1
140624274,1
157362215,1
207359882,1
76785119,1
78158385,1
89041489,1
72738611,1
173722445,1
194516181,1
75751811,1
159896778,1
139144791,1
179887020,1
161665392,1
93809949,1
176509266,1
43675874,1
177262988,1
156250808,1
112406148,1
69885920,1
68314946,1
136226388,1
65922564,1
99464995,1
164971541,1
126721150,1
146389811,1
137613245,1
81784833,1
148661872,1
87078159,1
107398884,1
154538768,1
121747689,1
69392914,1
35504375,1
90046284,1
147561777,1
91004692,1
75510223,1
121754963,1
193739996,1
143211245,1
159931223,1
69479214,1
61912810,1
55730125,1
80427812,1
159584257,1
90177767,1
95550010,1
143319989,1
94978668,1
94727990,1
123655336,1
178380148,1
33897593,1
145420477,1
146336910,1
84196461,1
130338044,1
74460728,1
106857072,1
107221438,1
194572260,1
61278935,1
160798367,1
85812490,1
42926880,1
149577683,1
164593091,1
94968354,1
94366970,1
177379479,1
98931060,1
145592633,1
134807228,1
44868912,1
175109677,1
131228845,1
72117142,1
118859557,1
62141864,1
180286492,1
44173045,1
97723553,1
166983065,1
161157936,1
131329515,1
34189891,1
76250877,1
127932516,1
86608553,1
98092538,1
67022600,1
100198248,1
192355439,1
86657674,1
98316272,1
116037847,1
138340921,1
57015433,1
73390538,1
128486063,1
112744804,1
166360777,1
60438765,1
179978935,1
111406150,1
57562950,1
132993027,1
131489581,1
89489550,1
178947878,1
108927824,1
76561108,1
151249446,1
121284844,1
61820016,1
165979001,1
100694659,1
108082581,1
84485779,1
155968508,1
154330430,1
203930303,1
64208973,1
195354594,1
90303466,1
72470710,1
122118303,1
80359366,1
132800027,1
138005552,1
116096423,1
148059688,1
126604383,1
94706435,1
69374033,1
198897822,1
130092094,1
196079526,1
163655262,1
86848661,1
193514752,1
136064458,1
121115136,1
90812679,1
86852125,1
39609775,1
144419157,1
109534094,1
37329867,1
114233910,1
59254057,1
93985786,1
72109769,1
140187021,1
94102820,1
146478834,1
74067464,1
162749262,1
43422235,1
90990677,1
185316447,1
40226102,1
160853340,1
32746215,1
212486954,1
72194618,1
126590605,1
144055699,1
66295042,1
165382640,1
58765324,1
143789239,1
32602376,1
155328494,1
141658688,1
147791403,1
123690096,1
156705136,1
60652619,1
96007574,1
174943384,1
60170835,1
84326730,1
132758920,1
131791679,1
155336360,1
129202063,1
125691267,1
97413026,1
88019620,1
95258935,1
65153850,1
84334073,1
36712167,1
87639611,1
174834197,1
118973738,1
164743168,1
195215749,1
135556953,1
71655994,1
175979890,1
163790475,1
112486536,1
140854877,1
166494224,1
80931261,1
37369246,1
85216100,1
58801654,1
79476412,1
79020959,1
39221258,1
61875641,1
95541443,1
180741323,1
116003076,1
160425848,1
74043718,1
85989403,1
35788294,1
195062099,1
107941623,1
149447907,1
167144937,1
89126634,1
38353443,1
86955736,1
205004234,1
116866134,1
145417921,1
37961709,1
135609509,1
205295190,1
36824434,1
62235595,1
85435481,1
151084485,1
65856250,1
127294180,1
132901635,1
97909526,1
116194922,1
59899746,1
67145477,1
31585066,1
129506165,1
155057139,1
145373241,1
101804299,1
93399097,1
44407814,1
119134129,1
156040339,1
85572067,1
121968689,1
152943346,1
159052147,1
91592052,1
193914885,1
164523974,1
81565402,1
158961979,1
193522371,1
118388106,1
119772219,1
167105991,1
84980443,1
138804684,1
130732621,1
127405795,1
84452676,1
164108336,1
102435272,1
101341997,1
115342780,1
176297948,1
156484886,1
126879735,1
140481027,1
146658284,1
59619045,1
57756848,1
120211969,1
164965540,1
91555643,1
176975467,1
124134278,1
134693994,1
64378563,1
162054540,1
41316841,1
84903095,1
143748310,1
88819078,1
89809177,1
179235024,1
64720337,1
134940182,1
133583417,1
127917544,1
164101516,1
31453800,1
111041429,1
33148599,1
81095244,1
45025088,1
126928442,1
37055008,1
93834406,1
141946051,1
65198095,1
114455246,1
161259218,1
146072187,1
90327864,1
116468991,1
134703597,1
101821028,1
43884014,1
71646519,1
156353926,1
163157123,1
152530767,1
102801632,1
78786053,1
136699873,1
135614039,1
44527739,1
103101411,1
129819041,1
79945179,1
140733560,1
159401531,1
160922023,1
109757749,1
122516482,1
160575807,1
34932323,1
141984098,1
134354411,1
39626454,1
154995484,1
156169868,1
114130891,1
145639109,1
93468944,1
95308125,1
127839643,1
96439478,1
120716365,1
194234799,1
109537568,1
114253669,1
95956440,1
167193446,1
80456582,1
116351463,1
57632846,1
42889138,1
112403928,1
126019274,1
107671008,1
31818196,1
151753417,1
64552120,1
115454830,1
73153499,1
97378857,1
120588850,1
165394227,1
60405662,1
132860261,1
81584599,1
156222611,1
100586340,1
123157838,1
140411407,1
175899246,1
153498442,1
101116822,1
85695309,1
114667985,1
207346528,1
110935933,1
126645835,1
181308075,1
94564253,1
111836870,1
107244869,1
57899434,1
153943334,1
214014048,1
149458093,1
177366560,1
180596052,1
58687552,1
35694009,1
156285243,1
88458186,1
152765308,1
83240995,1
167029186,1
144035752,1
100621634,1
127729913,1
65495752,1
70800615,1
68101742,1
67180247,1
125560110,1
34743862,1
75560439,1
123612373,1
114897542,1
196201465,1
156180803,1
61675890,1
32423045,1
45409578,1
101275485,1
166736098,1
80118706,1
108459846,1
176450621,1
199053880,1
44360015,1
137599803,1
38320064,1
94720430,1
60553341,1
39128780,1
176071885,1
177962595,1
131972540,1
70571265,1
159555487,1
104473849,1
83596261,1
135802351,1
135723700,1
199012269,1
118484245,1
113066040,1
118013949,1
90095602,1
125806791,1
60076333,1
140520022,1
108219304,1
123233647,1
118167115,1
131169213,1
69060565,1
195206067,1
138983354,1
198748090,1
34963284,1
94896948,1
125211377,1
126201476,1
80790806,1
74129258,1
134767937,1
100488473,1
114141708,1
42601538,1
146081731,1
99017576,1
86117974,1
44778980,1
96419018,1
73702841,1
88544969,1
92520544,1
161988157,1
38303523,1
119136498,1
56120537,1
148968709,1
34486690,1
165570439,1
182069831,1
150099390,1
140535902,1
37620516,1
173385507,1
33245726,1
58151148,1
130586522,1
154239502,1
120570502,1
162506499,1
185175351,1
129147889,1
137804045,1
121271382,1
60342664,1
88237837,1
38834646,1
198870266,1
176156971,1
150593630,1
88151892,1
106764426,1
120724369,1
184828168,1
43166671,1
108451793,1
101888457,1
74298847,1
151711629,1
108435636,1
62054004,1
58171509,1
113163029,1
32941535,1
43375621,1
42656906,1
86670425,1
113273716,1
89062393,1
101681708,1
83888194,1
81930588,1
163148379,1
83654274,1
133618484,1
114584074,1
66837160,1
153038213,1
143123209,1
97666970,1
35083318,1
55866523,1
167102724,1
100561173,1
125559547,1
72535405,1
73463178,1
96004781,1
114981306,1
177923314,1
145403995,1
165652356,1
72382960,1
164128628,1
138569186,1
32832890,1
41410593,1
133075142,1
85013674,1
134323667,1
206571004,1
131391023,1
82075079,1
139104868,1
84155483,1
144871333,1
88579878,1
85337604,1
103719012,1
156129965,1
105564845,1
75031507,1
154203922,1
83712466,1
136928265,1
130489948,1
144915805,1
165716933,1
96026721,1
86878783,1
106707627,1
32333429,1
119574689,1
74754458,1
116753788,1
126306923,1
171636060,1
213726714,1
115018781,1
122552980,1
134599967,1
179499628,1
68300200,1
123997623,1
136108200,1
115738571,1
83878916,1
64007752,1
81933173,1
107994830,1
137275675,1
148956628,1
149646168,1
156025406,1
44434817,1
97897001,1
162846744,1
115961199,1
32094407,1
60110176,1
205287127,1
102211726,1
94824258,1
44848570,1
33139243,1
147244074,1
111417461,1
104919935,1
154843877,1
174061121,1
157913156,1
165495982,1
90883157,1
123020256,1
83433205,1
111029921,1
127198721,1
178017835,1
142333453,1
126290313,1
77579415,1
119397983,1
179885066,1
113691309,1
137869974,1
39846754,1
122984755,1
67754816,1
137207546,1
123728005,1
71670591,1
175484377,1
165425296,1
122320985,1
106874778,1
76679119,1
138076130,1
123695515,1
76447105,1
73815424,1
160082820,1
69883522,1
183206296,1
127850667,1
106278220,1
133103715,1
92290336,1
93465056,1
116562031,1
143538176,1
165517212,1
128312664,1
94133030,1
178018289,1
160994673,1
57133829,1
134135710,1
143435799,1
109341646,1
84273819,1
34039646,1
34027191,1
105893177,1
79847943,1
194928178,1
78340430,1
127393517,1
94137896,1
73327491,1
34557406,1
74451727,1
61795470,1
127414224,1
146829857,1
155782989,1
64652484,1
97474454,1
137411511,1
114207549,1
132423245,1
100984776,1
193514160,1
104258188,1
165565968,1
137637288,1
130417396,1
115669197,1
119230930,1
32832831,1
167176095,1
41445136,1
152932697,1
141047680,1
94253775,1
108020916,1
107770188,1
96005284,1
60865941,1
95901052,1
181355528,1
40094639,1
106969280,1
114346246,1
35092753,1
80379046,1
147581220,1
160943173,1
62768386,1
117167759,1
155907011,1
75503531,1
134271496,1
203848593,1
176192393,1
121202364,1
212512595,1
194486809,1
35929113,1
196574536,1
111773793,1
56297735,1
110582779,1
99964091,1
192370026,1
95510215,1
140990782,1
37261766,1
156706241,1
174708221,1
96559690,1
133053992,1
164135724,1
177275345,1
111984756,1
157832353,1
119470327,1
151867283,1
141034514,1
64652089,1
141489167,1
82349967,1
99370948,1
117986511,1
81151540,1
107483121,1
156237248,1
69583525,1
121730230,1
164660984,1
133707833,1
87112850,1
119262108,1
118368287,1
174097826,1
159716875,1
105226781,1
97798592,1
155862923,1
130626730,1
37533516,1
35005733,1
83170792,1
124757603,1
73808101,1
181000509,1
122484090,1
126698411,1
35472525,1
55776028,1
93386977,1
185830318,1
89382000,1
41758999,1
90206784,1
80630810,1
75126779,1
195319725,1
140859733,1
156858243,1
108888997,1
76936755,1
74446575,1
102923867,1
78126793,1
126846435,1
115198723,1
108179629,1
44491557,1
89899316,1
84230531,1
81109456,1
138911631,1
60462037,1
144817820,1
75419610,1
110615901,1
131590438,1
65769891,1
89131490,1
169257663,1
160131695,1
120270387,1
144098720,1
117355469,1
87354113,1
161218703,1
33797318,1
76180566,1
139729891,1
43179986,1
57799623,1
110478111,1
127401896,1
123499781,1
193605404,1
153820231,1
116089741,1
107022852,1
34909267,1
140510734,1
94741452,1
192035140,1
206613138,1
73314236,1
121158415,1
125978502,1
112186046,1
194806150,1
118157897,1
97687420,1
108555542,1
65814008,1
33412749,1
145816239,1
132733101,1
142725542,1
165324725,1
151011322,1
60202240,1
122979514,1
162438547,1
105249550,1
152403380,1
81662460,1
203760872,1
60876778,1
70680690,1
151217300,1
100074078,1
142572623,1
125632632,1
109754975,1
98520899,1
61184512,1
84870723,1
119068812,1
138080709,1
81828950,1
139833146,1
63132900,1
87910166,1
38098166,1
120975087,1
173118297,1
40110618,1
75292065,1
184628378,1
105961554,1
123515957,1
42043392,1
103554446,1
161912388,1
32150663,1
55748936,1
75582991,1
64006745,1
107912054,1
154440239,1
207281665,1
59201817,1
65040941,1
134656184,1
59560409,1
141710858,1
74002591,1
151371385,1
145394806,1
114313380,1
145178573,1
44113976,1
110459537,1
117188514,1
165467133,1
86720198,1
33747181,1
84262005,1
62509497,1
155290585,1
108695868,1
92721865,1
37471140,1
89082310,1
87686629,1
95052562,1
74103992,1
201287874,1
196156351,1
104829934,1
120867597,1
40917616,1
104079519,1
157234147,1
75807436,1
179835343,1
111094369,1
92586493,1
157214378,1
87293207,1
90821522,1
107074440,1
86426725,1
140708294,1
81589839,1
163053048,1
40027851,1
66568904,1
162927753,1
62345878,1
157408010,1
75971607,1
193827618,1
176950793,1
122714062,1
133526529,1
98041601,1
116732756,1
121395867,1
179208080,1
117743058,1
89709198,1
143687967,1
125490243,1
140338441,1
91584659,1
75698485,1
140314151,1
40765880,1
138691697,1
75344690,1
151125059,1
38357954,1
180920318,1
40985311,1
63809570,1
138912816,1
54713388,1
135333574,1
78011585,1
137784335,1
201698726,1
90595172,1
72692924,1
134606777,1
139918844,1
77463644,1
141694573,1
166537729,1
206826913,1
179074307,1
65458445,1
111578908,1
65470180,1
64222139,1
68710855,1
158367246,1
88186268,1
83209264,1
70756034,1
205630382,1
114649717,1
73655004,1
101472335,1
139939353,1
193608099,1
178012160,1
147544811,1
159744628,1
160693907,1
196352056,1
81742009,1
194501337,1
147660206,1
139815776,1
113214114,1
124415769,1
165306624,1
91908027,1
119735178,1
93329349,1
157355020,1
35675948,1
144678925,1
104298683,1
103331235,1
76211320,1
62657126,1
55975888,1
130150196,1
32833936,1
66052270,1
37757270,1
78892398,1
193889017,1
102349081,1
207133493,1
117772025,1
66481637,1
178916433,1
86640580,1
75152509,1
179662881,1
196525356,1
90358242,1
191838202,1
76273400,1
112838279,1
82507269,1
101895415,1
176414893,1
130679928,1
93742046,1
111564340,1
106978458,1
102990516,1
93389435,1
157295161,1
156955330,1
164116340,1
163836270,1
185633646,1
191086681,1
106700284,1
145104551,1
32542289,1
145274802,1
119137485,1
65476240,1
139365298,1
166934191,1
33144138,1
73995831,1
70121883,1
63857803,1
81134219,1
98837654,1
138131952,1
58629272,1
107744034,1
44144522,1
155184654,1
37892799,1
162535683,1
127155018,1
165495894,1
122408933,1
42541550,1
42501973,1
62279841,1
64036551,1
78572978,1
128084103,1
72051647,1
36324943,1
66228955,1
124010987,1
174352333,1
150906003,1
31980294,1
143563798,1
174396174,1
177282915,1
75276925,1
175863271,1
204805599,1
128332403,1
122715098,1
90595616,1
145055105,1
164512101,1
147518962,1
79876743,1
137798409,1
83330887,1
77775958,1
133219485,1
137736349,1
144777670,1
194236773,1
71904432,1
115559211,1
36778531,1
56752704,1
117270886,1
109775080,1
177667583,1
156141749,1
139007445,1
138820338,1
74008987,1
122684265,1
131994509,1
97913849,1
41120545,1
36271105,1
31961591,1
144137784,1
87827044,1
66753041,1
94917684,1
74835152,1
113798207,1
79523894,1
162991827,1
163558293,1
142148042,1
41300073,1
105696189,1
63639389,1
62007696,1
196213881,1
56228411,1
37545034,1
71022632,1
132572029,1
88739015,1
123944979,1
112661426,1
85420045,1
84511854,1
64732832,1
173390955,1
86793065,1
153063953,1
139849816,1
73781177,1
95656443,1
89004705,1
162418906,1
71623582,1
73254534,1
173390777,1
195093622,1
97753478,1
177839491,1
76078514,1
134982976,1
67373158,1
126915098,1
75780719,1
140542337,1
44578311,1
44583581,1
107301481,1
191796503,1
75851790,1
100275221,1
81358565,1
67189179,1
133141910,1
127151060,1
86121725,1
118824559,1
120719632,1
41521734,1
59263759,1
34172215,1
42441177,1
110132961,1
139913455,1
106388029,1
159449794,1
112338176,1
167075149,1
149032733,1
39368038,1
166290476,1
114233367,1
144124973,1
67857559,1
79278753,1
108564750,1
72650347,1
160783296,1
149577407,1
95901042,1
97569360,1
31605832,1
69580979,1
113862606,1
82884662,1
134012390,1
145331977,1
156811599,1
86450067,1
156158597,1
130822149,1
115163262,1
153939298,1
178835769,1
134548270,1
142155977,1
139767079,1
84877533,1
143072676,1
128133244,1
131783004,1
85503483,1
40332802,1
34738474,1
136003454,1
160196735,1
179812939,1
171744725,1
193932611,1
166065074,1
123014561,1
88170605,1
134546710,1
35184639,1
97817048,1
136263567,1
164082092,1
60970746,1
66317515,1
99097609,1
144511428,1
151612529,1
59130983,1
74160564,1
91588498,1
132290825,1
149339253,1
180728078,1
138944092,1
109627263,1
90076465,1
126351248,1
74048228,1
65319718,1
38338007,1
55184977,1
108599669,1
106460215,1
117248679,1
34742727,1
77987710,1
84848378,1
178274879,1
141960599,1
152744414,1
138777651,1
167096043,1
154230510,1
147931176,1
72269380,1
44365256,1
80641025,1
117555466,1
196431319,1
113312829,1
78450397,1
211728593,1
74821226,1
85845001,1
57759266,1
103937880,1
113554654,1
101930037,1
194505364,1
98908774,1
124788554,1
139262535,1
37759629,1
118797270,1
164975706,1
119623908,1
133518297,1
97298370,1
194692877,1
107962468,1
75341709,1
36226672,1
194238628,1
137235822,1
86698021,1
107485499,1
69564980,1
60842876,1
44633403,1
121899642,1
116250379,1
212237055,1
141474047,1
122919586,1
66735187,1
65500569,1
77096900,1
123120887,1
34151489,1
142015040,1
133773762,1
42150675,1
91510292,1
86001345,1
116860360,1
132175054,1
117877077,1
156175553,1
78972855,1
134355990,1
137597780,1
136715082,1
126965443,1
131329121,1
35881976,1
86129542,1
163914556,1
107522945,1
130177367,1
140185916,1
62983849,1
97802164,1
106906815,1
158980376,1
130050878,1
140523673,1
143704903,1
78055554,1
127414145,1
31942819,1
195309648,1
144614999,1
129427317,1
117999283,1
153206411,1
87185382,1
87746311,1
41276208,1
120009079,1
63356841,1
43201847,1
146733016,1
78117486,1
91094396,1
71944058,1
33750418,1
179662279,1
94991459,1
41936741,1
59912715,1
77502373,1
75126719,1
84171126,1
176149095,1
60808776,1
157920933,1
65018064,1
77563929,1
85502318,1
210374424,1
155272425,1
38016347,1
90784244,1
75624078,1
87199061,1
106221766,1
59517437,1
89244773,1
177716457,1
185089130,1
112527120,1
67519821,1
100241230,1
131278953,1
127555931,1
67183386,1
155985632,1
175677130,1
165747292,1
41395916,1
196189365,1
163986407,1
84043729,1
59692731,1
74169516,1
118316946,1
107430792,1
156561069,1
110221462,1
81578401,1
166701722,1
88846061,1
100552438,1
33749589,1
160224222,1
176167808,1
74165430,1
137892950,1
74664072,1
162126282,1
178357508,1
194544092,1
89832183,1
101818846,1
79677564,1
76095658,1
120534764,1
96203032,1
45195862,1
36653720,1
98906820,1
125532593,1
148757894,1
139750814,1
87453223,1
104026558,1
140422500,1
155514644,1
151096674,1
56168108,1
118254846,1
205217369,1
136116451,1
74943648,1
87847139,1
185730832,1
199388143,1
166371890,1
131821328,1
175680447,1
203788852,1
135177062,1
100239315,1
73766333,1
38330871,1
106400297,1
62960301,1
133704754,1
135551002,1
134204205,1
125434036,1
85709728,1
109337146,1
102653509,1
67589184,1
151870481,1
162426743,1
111505567,1
68971738,1
76094898,1
60498683,1
107936590,1
119283634,1
113520002,1
102548151,1
166115507,1
45407427,1
85906331,1
205106740,1
126162876,1
86464881,1
193006250,1
90611881,1
87746074,1
177675251,1
45169944,1
142397674,1
162325806,1
140138798,1
68421074,1
124882039,1
155722528,1
108530049,1
33552453,1
59066505,1
104806830,1
108088128,1
179870133,1
94788866,1
117997595,1
82551070,1
89131342,1
109980782,1
139884991,1
118145570,1
179549262,1
57820398,1
194284660,1
57152404,1
124906180,1
63789673,1
130575695,1
146092854,1
35412716,1
122163259,1
63400850,1
81623436,1
150756952,1
60862970,1
198864857,1
102077085,1
73285239,1
158384972,1
56660345,1
76395181,1
89821148,1
110293520,1
76571718,1
98925592,1
109905783,1
43399170,1
109575122,1
61531281,1
98173538,1
207344051,1
140712123,1
60540323,1
130414544,1
144400385,1
107546424,1
116952690,1
151082580,1
155376608,1
212548550,1
69326215,1
149946875,1
119648414,1
140599442,1
121177848,1
66496797,1
62979023,1
130004511,1
45545769,1
62405313,1
174457228,1
128470557,1
45177287,1
77390056,1
206590625,1
166189480,1
147980248,1
32850330,1
147426425,1
152128156,1
127764752,1
125138698,1
105150223,1
167261793,1
82264249,1
107050240,1
194008005,1
65071981,1
44141759,1
114819592,1
120254221,1
39660820,1
132015334,1
157249750,1
166579408,1
177006724,1
87992716,1
103871783,1
130709655,1
32436290,1
82023352,1
135111350,1
96398519,1
58963111,1
31882062,1
74342599,1
89145081,1
179771763,1
104186564,1
166172336,1
132147400,1
44106277,1
75502011,1
97841307,1
173363922,1
83749733,1
45136842,1
205151696,1
73346874,1
178060018,1
35859059,1
119927941,1
59916633,1
33478540,1
138637839,1
132499774,1
93737151,1
74706926,1
35222785,1
78110498,1
167090703,1
94634426,1
82354487,1
58664279,1
34354655,1
76093644,1
35784612,1
125038511,1
79741075,1
74391690,1
74691934,1
58505329,1
157146445,1
153746969,1
40169697,1
157175798,1
129999951,1
175375821,1
61400212,1
206136841,1
32634422,1
137061752,1
124448220,1
84294831,1
109644525,1
42613668,1
128102125,1
86147879,1
132557876,1
77235035,1
174507701,1
121436402,1
63294890,1
89300221,1
111838873,1
161221092,1
179077219,1
82164645,1
37078438,1
84154140,1
87620829,1
126210694,1
37695723,1
94302501,1
136390678,1
92349909,1
177726642,1
103728565,1
130689027,1
56529957,1
43597608,1
78996038,1
94111831,1
175884994,1
132149995,1
133317688,1
145041307,1
68412171,1
178276991,1
57880169,1
137527666,1
79939030,1
71271613,1
107348973,1
94213458,1
103783223,1
95440338,1
151721548,1
152281510,1
137437290,1
196391465,1
62213981,1
91742306,1
70138858,1
117242156,1
94863697,1
175124067,1
88372429,1
148998416,1
61707759,1
110309045,1
164018641,1
159907280,1
99824051,1
37646335,1
74952649,1
204390552,1
97379153,1
78788658,1
34535772,1
39944492,1
78326939,1
102133529,1
72119313,1
44657179,1
96335561,1
90866873,1
163016343,1
111753590,1
39205674,1
101613194,1
128804535,1
38419125,1
82152249,1
83772009,1
162846329,1
109096525,1
165543998,1
56977968,1
181242758,1
108125593,1
65252743,1
185358620,1
64747962,1
32533673,1
41571516,1
120301575,1
194574372,1
116235871,1
96652829,1
195457662,1
82215375,1
56654265,1
83637733,1
186697343,1
43233854,1
142095881,1
169796573,1
145414457,1
126114644,1
145449464,1
88032214,1
84965195,1
82587390,1
131097945,1
160142601,1
44201855,1
144494916,1
75821767,1
60921142,1
145400995,1
95953479,1
142402165,1
174206490,1
118892561,1
33382469,1
136803997,1
41522770,1
58359298,1
132850836,1
79638076,1
92167696,1
150282590,1
164433964,1
96458586,1
176219179,1
142366881,1
117696227,1
196629954,1
166178929,1
122543229,1
161915635,1
43236588,1
68168165,1
84163882,1
37142561,1
41244517,1
166924736,1
173626848,1
87742936,1
129070254,1
56126389,1
85912015,1
33339171,1
81777046,1
162297984,1
151067569,1
139727068,1
195466989,1
144591894,1
45000019,1
145584767,1
118575510,1
58108077,1
123259564,1
113499454,1
78453299,1
115678593,1
157055309,1
78211336,1
156863701,1
175496063,1
80785842,1
143875460,1
131660631,1
120528161,1
163248486,1
113552878,1
68279810,1
117060772,1
173527067,1
124498437,1
134333714,1
41323651,1
78352284,1
153307929,1
117465643,1
103193820,1
43796648,1
124729435,1
88941323,1
92754691,1
151372885,1
148768711,1
64978654,1
78282209,1
95762551,1
138909914,1
125562232,1
135816366,1
76765172,1
129488380,1
108217923,1
74353574,1
70247730,1
57593309,1
83027890,1
76824212,1
102990615,1
116301217,1
63283372,1
31814840,1
59582379,1
196515753,1
71611838,1
133291573,1
83532908,1
62553397,1
61880931,1
58273364,1
121342512,1
129519055,1
80253130,1
176365111,1
120957262,1
87768310,1
192450572,1
44298527,1
149125162,1
114541852,1
66532712,1
184694593,1
152079953,1
152396274,1
77090248,1
77281540,1
95447188,1
128517152,1
87083745,1
110641207,1
156836096,1
33918339,1
178951411,1
73710323,1
105857370,1
132288574,1
142418450,1
152841176,1
59268003,1
126131817,1
145538873,1
79278872,1
122366286,1
40222085,1
59723445,1
195056641,1
96141850,1
149225989,1
149725194,1
147561254,1
42105452,1
39279409,1
107846608,1
106672441,1
173798767,1
96416136,1
69481316,1
177148530,1
64495063,1
100176248,1
161051147,1
164449074,1
108056940,1
34974703,1
86671896,1
130291638,1
84946709,1
40038688,1
149207454,1
31746918,1
141054609,1
161466292,1
79731324,1
86735101,1
80268763,1
98708085,1
167697319,1
181120612,1
94730773,1
180749584,1
92685653,1
68151860,1
77277336,1
142040266,1
39015171,1
121440389,1
36638599,1
165799680,1
134913701,1
86938030,1
142244468,1
161101285,1
117678629,1
76525805,1
100817338,1
40515074,1
73656800,1
87053958,1
71720916,1
31245641,1
83646043,1
131959048,1
139840855,1
81889372,1
91538252,1
212378270,1
125591594,1
44984100,1
104071801,1
64162665,1
44269047,1
84191447,1
116824721,1
176295698,1
169450525,1
193965526,1
38111075,1
105946512,1
159403782,1
81567051,1
45585001,1
147157054,1
66220497,1
81439802,1
132520619,1
180955355,1
144066792,1
134229698,1
85588263,1
80108580,1
74593198,1
195281549,1
75348114,1
176363463,1
35480747,1
109890574,1
148396538,1
42214669,1
60044217,1
31591866,1
163447882,1
136875256,1
87386189,1
88976212,1
81676495,1
134733019,1
65356117,1
151453441,1
79286767,1
174064131,1
95712740,1
145225306,1
55137455,1
82130072,1
194074309,1
61515667,1
102508426,1
160753657,1
119135856,1
146662685,1
62517274,1
196321125,1
119252179,1
103807355,1
45649903,1
114828080,1
103036568,1
179783952,1
60431629,1
32852225,1
179954873,1
130916759,1
97513962,1
147715920,1
113634016,1
159765443,1
103167400,1
87206690,1
145514732,1
34035472,1
145645524,1
166598496,1
151120815,1
91986115,1
109888057,1
81916819,1
185205443,1
79138161,1
193765963,1
74017652,1
124995361,1
90299755,1
179216607,1
57868937,1
77741572,1
120591317,1
196370956,1
154185702,1
122118253,1
65205557,1
83195348,1
73871868,1
140523584,1
137241102,1
135963354,1
156632683,1
78909808,1
175197734,1
83314237,1
91826011,1
196190648,1
56108279,1
38688082,1
38732939,1
110373415,1
185860815,1
75046647,1
110804282,1
140841159,1
67544021,1
128699394,1
208012539,1
85179375,1
89716353,1
67380008,1
81420053,1
126367710,1
112226492,1
105629688,1
39262088,1
35878048,1
159202442,1
37874738,1
130284117,1
131976231,1
196569720,1
146789135,1
81424869,1
31376008,1
159820901,1
114173133,1
107453107,1
206822640,1
116097351,1
164492411,1
132452795,1
37791142,1
166592811,1
180593151,1
118474307,1
152490469,1
114620661,1
134210038,1
76253522,1
69152500,1
101359466,1
89818020,1
125567305,1
92170894,1
84236492,1
77461305,1
63170099,1
88735532,1
77390510,1
114862584,1
155916693,1
164264127,1
150007475,1
123087054,1
101022399,1
65858293,1
72063372,1
114187513,1
87147719,1
196358303,1
38026335,1
78188853,1
195451642,1
74681008,1
169169261,1
44912298,1
73690031,1
154818393,1
162754345,1
61003464,1
114226439,1
173637764,1
91933560,1
66878435,1
93421254,1
85388897,1
177850249,1
105982043,1
60281345,1
90302637,1
37155629,1
96087094,1
77617521,1
85163386,1
150408210,1
133651744,1
64394107,1
35461659,1
151691416,1
35022027,1
79392964,1
142526581,1
57924681,1
166301776,1
181332325,1
128017108,1
145268999,1
159502359,1
90691736,1
125641939,1
89132921,1
177732831,1
82381263,1
150281435,1
180047934,1
32487602,1
149106340,1
113481106,1
73555597,1
166618048,1
122832201,1
106990716,1
80502022,1
124848354,1
96285828,1
98067252,1
145721865,1
129042333,1
159247546,1
125638455,1
171442251,1
74351462,1
80533506,1
113108746,1
93668488,1
110201822,1
198776287,1
76285796,1
73585906,1
64204937,1
85087292,1
141498050,1
124366875,1
203721620,1
93777962,1
70458782,1
132626431,1
72996997,1
34592058,1
177520121,1
38637816,1
163181195,1
31157199,1
110210428,1
38841535,1
74150448,1
198651989,1
153852958,1
65420872,1
93051194,1
175367156,1
78496854,1
71390719,1
111101653,1
176842839,1
86729900,1
55886025,1
96306179,1
159344199,1
42543584,1
35430540,1
47659631,1
178221722,1
155583811,1
117813043,1
90785774,1
114150088,1
112816043,1
177042649,1
127819025,1
84840019,1
157593617,1
78693584,1
88798509,1
37149302,1
113942806,1
112008926,1
142893128,1
137938587,1
41290568,1
145828161,1
43461960,1
145203415,1
90939394,1
157023105,1
146086784,1
33822959,1
81414062,1
31461518,1
81653489,1
179204270,1
128924273,1
196353043,1
56246068,1
87965426,1
126282604,1
41480607,1
37695239,1
102027154,1
145543601,1
122383548,1
87093131,1
124074458,1
40529168,1
206389187,1
33808717,1
61506251,1
58218183,1
133518919,1
185415419,1
44598731,1
124646313,1
85216860,1
150718135,1
64383320,1
177108065,1
145946616,1
31793344,1
98545296,1
39913285,1
133119506,1
109106434,1
107944663,1
146520336,1
71085837,1
178560348,1
109614876,1
155133026,1
124417861,1
79303181,1
116862630,1
34769987,1
79893718,1
82588555,1
139060860,1
73685333,1
101181240,1
133669608,1
95272368,1
33016277,1
155192866,1
80922763,1
61499905,1
84013202,1
61287521,1
178213421,1
126767320,1
157461148,1
163101449,1
76970391,1
85414647,1
145199586,1
145814235,1
37656442,1
192889414,1
120653111,1
78365568,1
109267486,1
159803836,1
185690821,1
95012935,1
79561626,1
151152003,1
72443549,1
131831552,1
95632056,1
146500636,1
132339748,1
100049542,1
100214335,1
212469593,1
78625938,1
135004068,1
92291175,1
147489857,1
159786180,1
100776458,1
123654181,1
63841725,1
161963631,1
185288082,1
43882997,1
58050469,1
145098560,1
39692235,1
115569751,1
195079222,1
86273944,1
41880948,1
141644426,1
80828577,1
102156041,1
147662851,1
113468118,1
112810871,1
120244677,1
87232055,1
139558357,1
94090108,1
160885505,1
72363536,1
33091632,1
94624191,1
113014915,1
104603713,1
74116891,1
86529142,1
173346019,1
130150038,1
120295160,1
67984146,1
122029338,1
104139556,1
67446016,1
110097559,1
37482984,1
155532686,1
195977080,1
149895612,1
154917849,1
103090496,1
106752977,1
175483656,1
193780985,1
37417242,1
175868689,1
118015508,1
75401183,1
123528422,1
103441024,1
154525355,1
196661794,1
174236060,1
177161104,1
194440126,1
192197051,1
173755874,1
101201582,1
133637285,1
155916416,1
92828239,1
65331078,1
210383919,1
147848420,1
192511290,1
38038790,1
46883140,1
95588136,1
68066390,1
92280526,1
155203999,1
125466477,1
175776843,1
133055087,1
61613929,1
95974551,1
196636784,1
198880194,1
67106501,1
77252356,1
140695029,1
159353072,1
80642999,1
149482718,1
91762401,1
193763752,1
164122114,1
62810746,1
70605365,1
127830474,1
75273234,1
208529075,1
129293179,1
158408047,1
65779701,1
59837094,1
84602901,1
45569081,1
100673321,1
78896444,1
33486129,1
99943928,1
37605574,1
120423050,1
117713242,1
42393033,1
110788451,1
175332237,1
81756863,1
120562429,1
62511836,1
84404739,1
195481488,1
134898315,1
160059716,1
82926796,1
158027811,1
70212505,1
138872587,1
106083354,1
44766653,1
198655335,1
166503452,1
136178975,1
90968964,1
82272214,1
99504928,1
35602380,1
71397825,1
160432392,1
86504863,1
118111569,1
174035835,1
82405138,1
62910291,1
175671021,1
204138729,1
206606940,1
86461535,1
82094798,1
111187835,1
84185210,1
63844489,1
161132443,1
194858587,1
116233255,1
121660343,1
88506705,1
97594834,1
166722142,1
81463854,1
116314137,1
81871636,1
181120345,1
63592340,1
45027753,1
152941806,1
106731264,1
102842769,1
38754485,1
154102423,1
94561263,1
94229002,1
102412010,1
174891885,1
137651865,1
123954621,1
130100523,1
81792581,1
141621450,1
107083579,1
74584641,1
56043317,1
140499651,1
151033380,1
124442269,1
98840486,1
72463249,1
161192578,1
156303552,1
62044539,1
73628040,1
133184053,1
123244602,1
96538065,1
111030859,1
127637721,1
193826454,1
160206565,1
132176752,1
91255301,1
164474429,1
94816422,1
64194830,1
147219311,1
126082666,1
110926428,1
59676762,1
194845767,1
115613947,1
111576756,1
100943176,1
146515845,1
118532991,1
159983957,1
82146475,1
105047056,1
68863301,1
173509173,1
124589563,1
142079518,1
97292123,1
70166582,1
76264241,1
161261912,1
115919037,1
165289461,1
37598339,1
176419413,1
121703088,1
39117903,1
117474279,1
196085557,1
155189007,1
152202040,1
142095763,1
174561510,1
130608847,1
65261794,1
177705610,1
119243642,1
150649818,1
83862987,1
143981351,1
113255063,1
99262362,1
149821906,1
76189725,1
84241980,1
89324234,1
84480745,1
74267728,1
44308437,1
142527183,1
83190403,1
154746691,1
100008238,1
39431085,1
151419272,1
56069915,1
159834452,1
167264645,1
174997085,1
73147439,1
163568784,1
100372624,1
150921045,1
159826605,1
90937095,1
122353574,1
151638022,1
75501330,1
66228857,1
45647663,1
84545174,1
96119861,1
155704990,1
67086071,1
103778930,1
102061787,1
126821357,1
173304576,1
144786454,1
75887508,1
91552317,1
129323647,1
140647004,1
64859834,1
154376008,1
146716337,1
66371709,1
69878015,1
150250671,1
160532035,1
116797895,1
96705385,1
42953735,1
90183550,1
34376161,1
71825149,1
71989468,1
66158052,1
98573375,1
176766419,1
129845966,1
160604380,1
193912872,1
154562534,1
175323473,1
44409985,1
160913042,1
117340477,1
161354233,1
195494427,1
43164372,1
86929720,1
111655121,1
172241906,1
116214078,1
44433573,1
120566021,1
88726412,1
58227835,1
32885426,1
182782959,1
89443330,1
39172956,1
91658760,1
114234690,1
113941898,1
96369581,1
180059294,1
148400012,1
118900881,1
212754657,1
140230161,1
58807378,1
111947103,1
156273449,1
138973316,1
98410744,1
163601235,1
185351938,1
164604412,1
134041228,1
115938292,1
151853466,1
81301667,1
72252582,1
156236280,1
161137920,1
106451412,1
120510643,1
124717088,1
83293461,1
115710916,1
62034394,1
92101678,1
41507246,1
68656128,1
121117357,1
136988657,1
193985927,1
82146505,1
173746863,1
66674726,1
42385512,1
87478795,1
74871225,1
68214315,1
135308910,1
119940160,1
110424174,1
64012025,1
198716537,1
88154607,1
100043423,1
180291822,1
174535839,1
43749027,1
141872631,1
33652936,1
132736546,1
36105128,1
176568504,1
90046590,1
166392675,1
84184173,1
159839535,1
131801944,1
65967826,1
195010056,1
148157516,1
193717681,1
159511893,1
121990570,1
84582896,1
84267799,1
104087602,1
69649770,1
194328659,1
77976597,1
58950369,1
123707585,1
109661214,1
115263142,1
113879532,1
41507137,1
62223002,1
181024758,1
131577410,1
33633868,1
31373491,1
108975306,1
32314223,1
177797131,1
212439599,1
43616459,1
39264003,1
152324423,1
119184691,1
93613445,1
194040239,1
89155424,1
132768810,1
80590907,1
129101659,1
164872628,1
84570726,1
114829718,1
123735339,1
157819246,1
136627430,1
162050967,1
83253588,1
101516896,1
36314827,1
123658731,1
68488019,1
79750047,1
211642727,1
44908469,1
90567014,1
76336585,1
65116227,1
42743394,1
112335600,1
113058016,1
138941941,1
58905917,1
157203946,1
42178537,1
124870570,1
108893862,1
82989527,1
82392357,1
91142619,1
113889787,1
139936007,1
162861667,1
144173640,1
64011364,1
119755036,1
192364538,1
81989174,1
75481680,1
95678719,1
195403715,1
148586854,1
89367324,1
64738744,1
184555441,1
117620981,1
145763446,1
178511177,1
137624151,1
190778029,1
97789847,1
122619619,1
154399695,1
89968255,1
41570421,1
175111612,1
44876047,1
94141597,1
106192512,1
73687346,1
149589921,1
65899814,1
96916723,1
60732326,1
76420161,1
179885934,1
80245955,1
175475238,1
73836752,1
186704784,1
164130355,1
149380547,1
146542868,1
81534668,1
63174915,1
67342711,1
156591606,1
97223292,1
42859381,1
124432537,1
145230853,1
184257132,1
99961071,1
95897686,1
134839403,1
126419200,1
196551205,1
104487173,1
137744659,1
152036359,1
156466183,1
160377685,1
109990277,1
157974712,1
82425647,1
110556742,1
203308982,1
91974548,1
111963388,1
129764295,1
162751620,1
105853580,1
136100077,1
131790692,1
76808460,1
75127489,1
141249188,1
75057070,1
142521982,1
85771087,1
119871132,1
143689240,1
184685217,1
180833860,1
66773077,1
147228085,1
92246584,1
149729665,1
184476060,1
121944519,1
98653457,1
35767390,1
103986123,1
34984908,1
125396018,1
194977171,1
124703083,1
67330206,1
146084603,1
88605736,1
153697443,1
93949031,1
93354092,1
93218878,1
117375445,1
199032325,1
196375496,1
115166736,1
83829647,1
137772166,1
114979174,1
182936787,1
128018599,1
83954281,1
117819962,1
99276594,1
155468090,1
127830297,1
36449616,1
109891186,1
43007544,1
141591485,1
60307627,1
67544110,1
35580904,1
146358208,1
114297638,1
77554978,1
74392520,1
75880629,1
159811989,1
176869714,1
179704758,1
147345563,1
65426951,1
75041012,1
86361773,1
108743301,1
139832880,1
184709901,1
142011940,1
59771017,1
119375609,1
74449477,1
204715697,1
74956863,1
142768840,1
77988687,1
130952516,1
56781484,1
84784690,1
42601429,1
145750102,1
105732954,1
155181259,1
61167536,1
120072719,1
76960304,1
159824247,1
45261021,1
43957572,1
177807544,1
111215578,1
173692254,1
105691373,1
82588456,1
123604172,1
79453228,1
61831474,1
142148269,1
74774375,1
43740845,1
174664775,1
111934441,1
92493117,1
115572317,1
107511456,1
159016469,1
111896522,1
81218061,1
32111777,1
136475487,1
173516042,1
119738968,1
119915851,1
115667046,1
85317283,1
64126671,1
206674685,1
205810423,1
174325202,1
80701299,1
77996346,1
151495041,1
66247234,1
108754908,1
74233273,1
121673460,1
150506985,1
125428627,1
175608606,1
146332606,1
141166411,1
103131543,1
97332253,1
163123645,1
137831946,1
159235663,1
121398019,1
63304207,1
72391240,1
118548872,1
112467468,1
99446065,1
112855837,1
78298415,1
61780547,1
176168222,1
102024638,1
141720007,1
115713048,1
178421788,1
36265173,1
44240988,1
74208955,1
34906474,1
196642331,1
88884691,1
140827864,1
135124309,1
144866763,1
58412584,1
181255786,1
195004490,1
161577187,1
83749921,1
171468850,1
83749901,1
132099463,1
86022891,1
66143435,1
86970432,1
34443886,1
140303946,1
132274323,1
86994514,1
142653188,1
180241151,1
132568309,1
65258951,1
155597450,1
96004534,1
38971399,1
106773546,1
112425059,1
167134899,1
99232665,1
131607739,1
154921244,1
38137605,1
59521642,1
41038469,1
152783883,1
120740960,1
76423240,1
167035779,1
187813161,1
34111507,1
67537626,1
84136651,1
72347804,1
122482649,1
137837187,1
130842075,1
34882767,1
37114196,1
83981570,1
76191403,1
33146734,1
116925183,1
142947766,1
67374590,1
112647253,1
64961205,1
76255723,1
41101289,1
179876815,1
35254151,1
95525819,1
189414593,1
64763211,1
35669631,1
93150136,1
33433367,1
56353291,1
129262090,1
122365586,1
76069967,1
148389649,1
144819122,1
211734890,1
128721048,1
89411086,1
175454768,1
144047270,1
102363204,1
38157986,1
123879425,1
116765434,1
80781351,1
122093540,1
206406942,1
81397283,1
169233078,1
61020667,1
44400224,1
110435100,1
156095688,1
95411529,1
77942587,1
82489148,1
88770440,1
37597925,1
131357042,1
143773586,1
102087083,1
90357917,1
142074780,1
77080437,1
42491393,1
70800092,1
151125957,1
156482024,1
74310720,1
73283729,1
194483809,1
33640046,1
80991139,1
169762494,1
110767044,1
97722349,1
128049283,1
128340703,1
40011250,1
58306486,1
91218142,1
142950471,1
57877139,1
192397266,1
158388565,1
96261184,1
64997051,1
112535114,1
41915324,1
204118714,1
163552233,1
105075135,1
175642064,1
117693404,1
176269464,1
158054449,1
176122832,1
74377330,1
112048691,1
34823362,1
125703486,1
109630332,1
82648818,1
71719969,1
128055797,1
133474032,1
108650784,1
104542344,1
39310499,1
112355428,1
147605608,1
134702068,1
159792082,1
87744732,1
116022253,1
57164158,1
194538210,1
82026185,1
111518703,1
153071542,1
175500514,1
127198829,1
107377852,1
72738887,1
136845864,1
64059597,1
85958373,1
87981129,1
145002885,1
145415464,1
208502101,1
84815206,1
57846345,1
71753131,1
112013723,1
58273314,1
154350061,1
177698514,1
115305009,1
83381765,1
135093111,1
86436318,1
125562646,1
109778031,1
155180479,1
77547408,1
176061443,1
191815453,1
102580701,1
119028436,1
69306653,1
109399077,1
103203414,1
66064942,1
42112292,1
97478570,1
71807295,1
67134679,1
67398829,1
98786736,1
71848550,1
108660920,1
134417922,1
83614687,1
90855868,1
32800074,1
132820842,1
36334093,1
43047535,1
99632265,1
69987567,1
61015515,1
74355005,1
176111916,1
60862931,1
102157305,1
37389035,1
42002660,1
114684112,1
40986456,1
196318667,1
116822332,1
59522727,1
56472418,1
153649013,1
165973869,1
121708675,1
73849948,1
164392857,1
142798745,1
70659470,1
206145013,1
35103718,1
33291481,1
122762916,1
139103289,1
64023898,1
74783514,1
196423522,1
35519475,1
117631225,1
36578701,1
38360520,1
45158170,1
128662650,1
76309384,1
122776260,1
128539507,1
161844930,1
212453654,1
163909177,1
100193619,1
123197159,1
146677105,1
74314333,1
31362664,1
78467087,1
38801859,1
40091490,1
101514961,1
135125918,1
45106937,1
58836208,1
195758972,1
145127103,1
58063881,1
36129417,1
135422322,1
32568621,1
60792857,1
167584864,1
37210859,1
141923025,1
39187257,1
124408278,1
153732243,1
44779375,1
194165761,1
122587583,1
108555582,1
43828586,1
85339865,1
77907105,1
120537735,1
92592020,1
134261311,1
91759292,1
34117903,1
57826162,1
67364266,1
115675455,1
89990106,1
67286602,1
116076496,1
156094346,1
93956128,1
132623539,1
126909699,1
143704943,1
85051850,1
85474190,1
37766202,1
126818840,1
80649681,1
180227946,1
94321777,1
117897458,1
134546690,1
56888066,1
152361938,1
165443150,1
154903854,1
92183922,1
162685879,1
118146320,1
113025407,1
66242349,1
91444471,1
146616446,1
40415470,1
85012569,1
112001998,1
82333781,1
80029041,1
156879226,1
56584901,1
138861069,1
126755891,1
66554406,1
124567277,1
125622772,1
145279865,1
145039313,1
125802349,1
136239209,1
151592493,1
213093619,1
119245310,1
63924650,1
73094765,1
102004898,1
75618443,1
82511453,1
213234872,1
118806004,1
76862960,1
198740283,1
76275867,1
122884292,1
110357041,1
73792428,1
180795260,1
151248962,1
78135458,1
83189752,1
56073656,1
106580911,1
179204626,1
71683787,1
34890456,1
155895957,1
66282636,1
214014078,1
180174462,1
59283843,1
42673862,1
66636758,1
31581622,1
188681291,1
83087206,1
40450527,1
153695686,1
113601969,1
92894454,1
59244868,1
100777672,1
88328499,1
164260861,1
76144453,1
77182607,1
71096200,1
41438425,1
78824179,1
34745738,1
32952658,1
180844095,1
134222918,1
97689009,1
94916746,1
161220194,1
55594043,1
150594627,1
109813443,1
81617997,1
59542259,1
72704186,1
102611455,1
98071220,1
113445684,1
87172482,1
129037941,1
112356939,1
71963482,1
63509771,1
111861376,1
144673644,1
57985783,1
151680609,1
42117355,1
120034928,1
32759855,1
119702579,1
155384356,1
68986266,1
134247010,1
193898768,1
31385039,1
141998380,1
107043904,1
78514451,1
84208640,1
115114832,1
205697673,1
73688353,1
39692936,1
87518215,1
122272930,1
76375491,1
153176259,1
118460420,1
137862275,1
155588183,1
198701209,1
90013902,1
173685957,1
73257555,1
87219412,1
145957759,1
62556831,1
71930853,1
75536357,1
113521799,1
76268800,1
86293318,1
144739583,1
90421280,1
115258750,1
73626964,1
142519189,1
193643205,1
129007326,1
108860276,1
102535942,1
62230641,1
133863872,1
137233601,1
128098256,1
95128716,1
133542202,1
195328173,1
75564061,1
162770392,1
33970194,1
73295464,1
208479056,1
113014846,1
190120348,1
165743808,1
109472201,1
120756909,1
78613680,1
87120124,1
78333630,1
112444877,1
106152955,1
84137214,1
38578194,1
60136133,1
159596140,1
135760573,1
94485977,1
80434632,1
60935956,1
82948045,1
108347530,1
95430706,1
212468537,1
185727624,1
116943255,1
83089220,1
126115127,1
140779957,1
151163185,1
45220398,1
75767780,1
166545407,1
138975330,1
62753828,1
103368670,1
60013138,1
135976747,1
43562433,1
185833279,1
35766482,1
61234886,1
84294910,1
124650616,1
43858096,1
88034000,1
86045068,1
64183184,1
44258368,1
74589142,1
98805548,1
94517116,1
59826385,1
100613047,1
42472236,1
100744165,1
56107677,1
41168817,1
91929404,1
108073175,1
83989170,1
164248218,1
192271448,1
78997233,1
136079647,1
102236380,1
141655658,1
95759482,1
42939276,1
196538730,1
103381037,1
180399065,1
175941290,1
129154857,1
75355122,1
40258129,1
40521262,1
84798902,1
155226659,1
92883726,1
176409258,1
93906474,1
120965849,1
72945339,1
194612815,1
71689807,1
33948511,1
192871826,1
125732453,1
113681647,1
200134809,1
131549124,1
164020141,1
76388380,1
103387659,1
33961114,1
33343385,1
99511086,1
34582070,1
141518302,1
145224043,1
80514734,1
120967704,1
61675841,1
171565384,1
175138891,1
91488539,1
105671900,1
76770147,1
65862300,1
122086404,1
177943172,1
76499650,1
78565398,1
126681978,1
136091846,1
203638252,1
147690151,1
208220245,1
213020189,1
61167359,1
77012337,1
191296904,1
73665001,1
140420003,1
83600169,1
124685762,1
153057172,1
60643904,1
196384626,1
153812987,1
198689099,1
198774935,1
105529936,1
90318231,1
114486404,1
96674868,1
80461221,1
173325421,1
99279822,1
212515289,1
147714223,1
97174981,1
142985705,1
75361527,1
43837548,1
102650410,1
112119732,1
166289834,1
145542900,1
143296252,1
159573312,1
113716782,1
83480076,1
38490739,1
78334597,1
139642673,1
56771141,1
129092688,1
96976009,1
88131985,1
127669669,1
158235250,1
162859930,1
75507726,1
84004399,1
77034405,1
144952451,1
83909877,1
33254302,1
87073194,1
63580092,1
126726964,1
63282464,1
95886287,1
73414945,1
73662573,1
77839844,1
32488826,1
127247783,1
83469377,1
163500447,1
116274648,1
79891942,1
121349421,1
83781592,1
71616555,1
195396274,1
62767340,1
78031591,1
129303878,1
129965230,1
60703843,1
173497636,1
196439175,1
57633922,1
159952848,1
33458771,1
115047126,1
188295182,1
113966602,1
126009878,1
95830365,1
176081567,1
132095357,1
38086875,1
43394087,1
148284656,1
177633651,1
152876243,1
192695535,1
101152826,1
121658764,1
62786260,1
114917716,1
147607285,1
116013814,1
121226071,1
194638752,1
99943819,1
142622218,1
83097540,1
211570344,1
131535474,1
60224654,1
66876816,1
43825793,1
142410998,1
115363753,1
97606736,1
179972579,1
192455576,1
37380350,1
117582854,1
143853253,1
104013313,1
129373636,1
178097976,1
59583218,1
63144576,1
145562323,1
112216376,1
209921745,1
65971013,1
183361407,1
157207351,1
63229158,1
94824791,1
37131784,1
154137963,1
177519983,1
102373627,1
103702105,1
193446099,1
174608637,1
86099686,1
37932199,1
62372842,1
104600821,1
129106150,1
131453162,1
103358258,1
212482720,1
100444504,1
34758312,1
157782344,1
91992738,1
192854258,1
75744231,1
120048173,1
128256476,1
110179368,1
87297589,1
43799964,1
42966851,1
41645746,1
174509132,1
66570069,1
81112693,1
69680376,1
35354751,1
118068439,1
199138887,1
77396896,1
89777140,1
74378031,1
148027987,1
78433214,1
62504275,1
32371407,1
56495947,1
79593682,1
119985985,1
175985022,1
41713313,1
103038631,1
60326241,1
84001990,1
142972273,1
93597071,1
161398192,1
155496623,1
169472150,1
74096649,1
58839968,1
144242668,1
73983237,1
101440831,1
126115048,1
65931140,1
115792637,1
160006203,1
200139625,1
98542197,1
164753887,1
115296018,1
78280087,1
97659065,1
154424251,1
149818205,1
85048366,1
82450686,1
111127689,1
105135369,1
143924492,1
178991689,1
145278464,1
126851488,1
73264404,1
185019717,1
103898727,1
120608993,1
44962999,1
76827351,1
91486447,1
159107506,1
44961459,1
147608776,1
69913397,1
161350680,1
115966223,1
105761210,1
121606850,1
33203227,1
159583231,1
40728396,1
66423831,1
120647643,1
147587369,1
81252625,1
115018879,1
160833868,1
42207968,1
81949587,1
77750415,1
60274742,1
75971794,1
91219237,1
35886496,1
86724067,1
132571181,1
109113777,1
117460600,1
147475062,1
156804049,1
74028904,1
110200430,1
123832909,1
83465992,1
71974289,1
67103521,1
185825373,1
89457996,1
174213034,1
116872134,1
45106542,1
130651010,1
40400133,1
149184379,1
105827771,1
65637223,1
105524093,1
155143913,1
177872525,1
139439448,1
76613062,1
78102395,1
194132520,1
110933870,1
76524857,1
139341749,1
92853999,1
36630131,1
163943217,1
150943952,1
145627305,1
106166358,1
92249989,1
31980600,1
149975250,1
146142557,1
86159930,1
138919645,1
130742619,1
213765442,1
90615296,1
87040526,1
185561410,1
66247688,1
31694638,1
77556774,1
139283558,1
194226538,1
195597416,1
122011622,1
73449962,1
65847742,1
75918262,1
33756547,1
109859830,1
127436213,1
138758495,1
58449576,1
58632173,1
75591894,1
128024708,1
114189477,1
159134144,1
131509566,1
69525581,1
100820654,1
95596959,1
97497875,1
134521138,1
198891051,1
119228601,1
87055133,1
156579910,1
61204103,1
144369937,1
106786949,1
90765265,1
120518272,1
153746860,1
177643373,1
194803397,1
102757485,1
41383688,1
88811340,1
41435316,1
111342945,1
174581071,1
77958309,1
115910460,1
91613054,1
175376354,1
104627223,1
85564240,1
83032460,1
128871727,1
133559394,1
119140821,1
74513343,1
44815073,1
177517742,1
41174827,1
161873453,1
175457236,1
41893631,1
35084739,1
93261860,1
71775436,1
72135045,1
94764211,1
174166558,1
87509075,1
66707957,1
134176718,1
114021842,1
143269930,1
41685106,1
113406492,1
124860710,1
146275116,1
122314718,1
84021631,1
154753343,1
98164221,1
79857971,1
83891747,1
70627680,1
95166151,1
127718415,1
36903618,1
141842953,1
104915020,1
176753667,1
86467003,1
86384552,1
143134351,1
117529637,1
118138049,1
41680714,1
117741498,1
72492236,1
154429373,1
114656477,1
83507513,1
116492727,1
62246116,1
136248338,1
61715951,1
185845507,1
82000326,1
116107822,1
36927917,1
145008293,1
176658366,1
184741325,1
79221381,1
168440302,1
95648567,1
138930946,1
34049674,1
62535611,1
210528805,1
83618616,1
55981375,1
115512014,1
138806194,1
185432513,1
132094844,1
145535814,1
166925525,1
161787735,1
75350848,1
140805677,1
31634799,1
86581944,1
194115515,1
147326920,1
57126072,1
91217974,1
138367668,1
129750221,1
61780528,1
131460376,1
33189370,1
89554738,1
62653040,1
44289832,1
136837416,1
182259426,1
163825157,1
156640243,1
145947050,1
178167074,1
61832570,1
97209317,1
81875890,1
103759290,1
93057184,1
185838450,1
94425141,1
148321065,1
160109705,1
69269623,1
130340778,1
128360768,1
75561693,1
37035338,1
67282250,1
75413510,1
192919319,1
181207612,1
100645686,1
35806355,1
61382832,1
112077076,1
97160344,1
37997526,1
166368801,1
142460682,1
42163515,1
32486664,1
84352194,1
148950252,1
96712185,1
106475790,1
213173217,1
84749356,1
63522917,1
85077165,1
62002801,1
208421457,1
38046015,1
75914896,1
206274887,1
133527743,1
140604979,1
73094114,1
119373161,1
45522990,1
43501330,1
151059397,1
158080031,1
73603849,1
90088595,1
152175856,1
192209191,1
78116706,1
136454406,1
127368054,1
213621662,1
150892166,1
164439698,1
183162662,1
173624697,1
135174190,1
74268459,1
118636731,1
136343245,1
101148118,1
78866026,1
104133673,1
164477370,1
166916574,1
161496404,1
112846974,1
160577426,1
82013344,1
107647904,1
97941543,1
40689835,1
92249318,1
164506120,1
80795415,1
125556261,1
38715243,1
176464014,1
116082635,1
86602769,1
38826365,1
77771073,1
88614747,1
75110454,1
163656160,1
93822434,1
156922662,1
200741691,1
93601720,1
126619878,1
70679940,1
157045775,1
138547996,1
159460374,1
151491942,1
213948257,1
94319418,1
139794013,1
88008329,1
180041124,1
60697674,1
80623003,1
72189802,1
105111218,1
193536643,1
39559953,1
136590745,1
135239991,1
60607288,1
121894223,1
88743644,1
196061820,1
89814230,1
111772273,1
111230412,1
117527446,1
71874103,1
93677913,1
82097295,1
164307139,1
75734638,1
43814177,1
199253512,1
112466471,1
44531184,1
160794439,1
146575043,1
133993124,1
154393951,1
57814901,1
81614484,1
160788833,1
196301543,1
66070992,1
115995250,1
90122004,1
41386896,1
34860886,1
162302317,1
113564633,1
78046977,1
101110949,1
150847348,1
88550516,1
118852273,1
132435720,1
76663545,1
136584053,1
136622910,1
124132699,1
97113641,1
135654544,1
191750383,1
62128273,1
109988609,1
142087078,1
93779926,1
41726755,1
74019735,1
87630254,1
119222018,1
110093108,1
137960261,1
82974505,1
93082806,1
78067940,1
194493294,1
157176706,1
81076048,1
177430712,1
34069690,1
37353484,1
84779182,1
96114432,1
96588094,1
167217310,1
85543030,1
40021465,1
42200062,1
66318749,1
41107596,1
176203180,1
34101884,1
119727450,1
89718534,1
140212346,1
146783736,1
165803549,1
174002624,1
213219495,1
81028940,1
154996698,1
63864830,1
36790463,1
117373787,1
146514158,1
162703496,1
177653232,1
84115580,1
156543393,1
160103882,1
109272668,1
95054072,1
58541096,1
143836968,1
97593679,1
58653482,1
88005724,1
89790168,1
100378022,1
41907606,1
80103892,1
195775967,1
62945713,1
42061680,1
174498561,1
141095538,1
161292024,1
32178851,1
154800480,1
84342225,1
115048113,1
105943788,1
104868179,1
64683918,1
92380159,1
41185674,1
208483576,1
98946091,1
34208713,1
138954939,1
123603175,1
42743275,1
43984496,1
93925404,1
66649430,1
164512881,1
103977605,1
163987798,1
159906895,1
192117828,1
142179309,1
39489474,1
56197223,1
117993568,1
33088878,1
130594358,1
79175557,1
156709913,1
93441467,1
178990090,1
42989591,1
121304949,1
151340009,1
92247393,1
174127208,1
145400955,1
157320970,1
184840594,1
96054662,1
49881535,1
160937903,1
184749616,1
88852427,1
102626930,1
136076785,1
34657869,1
45583224,1
115684446,1
77531517,1
63027513,1
109167596,1
162084948,1
146934613,1
153014062,1
123411063,1
204581184,1
63144536,1
144444206,1
175396952,1
72933210,1
152335418,1
208480102,1
117859657,1
138654370,1
110044530,1
192762323,1
151797663,1
80366078,1
76027321,1
198848918,1
97282885,1
180507532,1
116851912,1
117830453,1
166474139,1
116710184,1
101160258,1
73964011,1
76454744,1
109645581,1
74676448,1
162185372,1
99868090,1
155252705,1
125645048,1
177951186,1
136406825,1
96476489,1
152380226,1
124621846,1
34800978,1
60079728,1
78103797,1
67604986,1
161068616,1
110268195,1
154881480,1
175569769,1
132804952,1
145582526,1
33969335,1
61400232,1
81573110,1
58132712,1
157172304,1
164092465,1
72941747,1
84471290,1
164422949,1
139170501,1
78501857,1
87938058,1
64912814,1
163994727,1
135924536,1
127242947,1
109612044,1
81228474,1
31307671,1
97516548,1
192771630,1
31527230,1
162432437,1
155153901,1
119159612,1
132486973,1
98621509,1
96294365,1
137218422,1
40455008,1
57735184,1
33275275,1
160277370,1
64574030,1
191660016,1
137007242,1
145290761,1
34589640,1
134699413,1
116997281,1
141684990,1
62435247,1
81334227,1
35760363,1
97814087,1
122227658,1
94108396,1
76715212,1
71829324,1
132433865,1
144235010,1
212182200,1
135346089,1
95981943,1
82961487,1
40626906,1
164117070,1
101093253,1
62062216,1
105853462,1
83341457,1
120850187,1
42745170,1
150897910,1
124988847,1
93491970,1
165942651,1
144757714,1
76440749,1
75603717,1
88422783,1
132086919,1
36388750,1
37871885,1
44090575,1
110976941,1
145042995,1
81373804,1
128801278,1
166093784,1
198624197,1
39996160,1
112426036,1
156111746,1
108244748,1
156694161,1
57735293,1
119049872,1
76396829,1
116733841,1
176281762,1
151546304,1
77968928,1
162913275,1
34341617,1
160950546,1
150818855,1
173126292,1
137362192,1
173740744,1
92621283,1
154316948,1
156028614,1
88964704,1
44272748,1
191767822,1
73050915,1
106542508,1
140213481,1
132626144,1
83878255,1
98282548,1
175713875,1
61997560,1
80796777,1
89502716,1
66939093,1
35574005,1
67482139,1
133875893,1
60040506,1
133465988,1
73701558,1
120293591,1
67449727,1
119823600,1
136716059,1
58121865,1
148077464,1
56535810,1
148608774,1
108044987,1
129086865,1
58266820,1
121526590,1
56507356,1
33794555,1
125543904,1
43661069,1
117380301,1
174103975,1
85919852,1
166165921,1
127595617,1
35465577,1
70882128,1
178767984,1
162972571,1
97475796,1
139667446,1
72163035,1
32743175,1
58721315,1
112645536,1
59331435,1
64612768,1
88667234,1
102557251,1
83909601,1
153015838,1
140798167,1
152327670,1
161106071,1
165598893,1
38305497,1
91468188,1
89092180,1
72998014,1
66193188,1
158228776,1
138242156,1
151580936,1
82424857,1
169339986,1
104487548,1
195370672,1
68685026,1
32349447,1
132146778,1
121032429,1
193753063,1
131649774,1
176115637,1
120283405,1
73872095,1
103915486,1
74770772,1
83734574,1
124034467,1
41728700,1
85579035,1
43051276,1
192284387,1
88596834,1
89379681,1
117691617,1
75728440,1
45469566,1
35060272,1
41746426,1
88543558,1
31724287,1
36517391,1
123697745,1
99636105,1
205548405,1
59901809,1
110041362,1
84355303,1
176605929,1
76819120,1
134163375,1
42484800,1
79376068,1
208357748,1
146547033,1
142775473,1
41178213,1
158988992,1
135059288,1
131756840,1
130528182,1
154345225,1
62851666,1
146880784,1
143163437,1
41747422,1
99315125,1
116345502,1
107946874,1
59699857,1
116104240,1
152583747,1
69012065,1
78850363,1
43491845,1
112099056,1
191588709,1
75521928,1
174114387,1
152179528,1
123837065,1
96386656,1
107039186,1
173610001,1
41429858,1
41518763,1
112491649,1
176435629,1
135622921,1
113989993,1
84102167,1
204073728,1
80825054,1
135387413,1
123679338,1
40091757,1
175298819,1
155399595,1
35473068,1
125473021,1
64526439,1
103676326,1
77556902,1
102104749,1
76454013,1
75718639,1
62187530,1
78371747,1
102643955,1
78269744,1
159195573,1
70928338,1
98421512,1
114086073,1
44726434,1
213226088,1
96182661,1
86470230,1
113653785,1
35883190,1
145763456,1
125575921,1
87241757,1
40252839,1
43101118,1
93245378,1
57095426,1
139878478,1
132697679,1
58475039,1
153257614,1
73148298,1
116563107,1
160002028,1
97264873,1
31184577,1
119860453,1
33316639,1
130157135,1
39858508,1
163502076,1
63894389,1
122645152,1
159499902,1
42408982,1
139737865,1
107398242,1
182892837,1
61208939,1
143470155,1
146101885,1
42414706,1
110542965,1
101593287,1
106918797,1
103966768,1
44134110,1
106773536,1
38357934,1
63239462,1
151416736,1
101427842,1
140944059,1
192452940,1
106272426,1
155842908,1
104792075,1
88973478,1
164290075,1
76783372,1
78752792,1
173351911,1
161663457,1
123996005,1
194962258,1
65757840,1
143707489,1
77056375,1
77675120,1
68749544,1
159345373,1
88169954,1
91652996,1
31593110,1
134132345,1
194479476,1
178204539,1
36226238,1
207183186,1
71486168,1
86984762,1
178245379,1
93305346,1
162536749,1
129842965,1
116421350,1
111686111,1
40083604,1
107810525,1
114000415,1
61219944,1
194228650,1
116141488,1
104249454,1
39427226,1
94208227,1
102868587,1
142385081,1
31274499,1
159753669,1
124192933,1
108181109,1
59110306,1
62929665,1
43409404,1
82993751,1
72311484,1
86650282,1
115563741,1
112767988,1
58404985,1
192617704,1
150476192,1
112987922,1
98951105,1
35380353,1
180168688,1
66433937,1
82191451,1
107838644,1
180999985,1
161071893,1
131631496,1
146827399,1
154186373,1
208552199,1
42163920,1
131783142,1
86361714,1
131779135,1
112011621,1
193862675,1
75301332,1
111436825,1
40851460,1
134390928,1
80064324,1
155265427,1
199023955,1
126326376,1
176818076,1
94342404,1
106252273,1
128124855,1
60094572,1
84497701,1
164469948,1
93874733,1
194663722,1
143552744,1
96750015,1
157812199,1
123994860,1
60132412,1
80026090,1
81996763,1
155031014,1
88993533,1
163474984,1
80387386,1
106865214,1
59338699,1
128818323,1
99452905,1
75495922,1
103903919,1
110004291,1
174481359,1
44561641,1
41916291,1
85793481,1
63933947,1
42743443,1
44127497,1
161212337,1
103468975,1
99582927,1
155841812,1
194541457,1
178922424,1
93019483,1
86437296,1
31427597,1
55800219,1
62989850,1
171282206,1
114678477,1
92644813,1
86106516,1
125771112,1
57811042,1
115580233,1
175529234,1
112520912,1
104001884,1
84169636,1
169599931,1
196073289,1
62911485,1
141973311,1
138667398,1
85816606,1
179827378,1
115664085,1
126438416,1
40554296,1
60572133,1
130526672,1
87706576,1
57616907,1
65425116,1
144683465,1
117992068,1
118645169,1
78239326,1
125377848,1
91389478,1
38562481,1
141521638,1
59869368,1
66420465,1
193977666,1
214281139,1
148011140,1
100381043,1
157075384,1
151199387,1
75348361,1
206550318,1
160864029,1
86419866,1
68727446,1
119612154,1
45213696,1
115580647,1
127449399,1
89143985,1
39745136,1
77156729,1
159328141,1
146485911,1
124556243,1
154151524,1
195669030,1
63283037,1
101821659,1
60141127,1
146484253,1
81297719,1
126409379,1
134536199,1
97821262,1
180389679,1
169507888,1
32572184,1
162946446,1
34342495,1
76525203,1
71933468,1
119766919,1
137200953,1
177657674,1
183111755,1
61284274,1
131591820,1
206042073,1
168842104,1
108765992,1
82148025,1
176854584,1
124855016,1
141074229,1
120519091,1
96324912,1
41038518,1
58548745,1
107851158,1
44771893,1
135377257,1
78225706,1
67471549,1
85599159,1
59916367,1
204851423,1
138546426,1
117173414,1
143113428,1
191742901,1
70196823,1
76574541,1
35812968,1
195459913,1
79691342,1
124684567,1
177481699,1
162238046,1
83864122,1
165489103,1
200346314,1
129359305,1
174989811,1
178326112,1
114892963,1
194426940,1
150601102,1
36494296,1
166142007,1
31388355,1
61536383,1
178945637,1
173209226,1
101181349,1
133869517,1
32696038,1
129044584,1
128437317,1
119996150,1
32158776,1
127356042,1
60520653,1
75163730,1
96812796,1
154056460,1
150948413,1
125567621,1
88909483,1
145493542,1
109736411,1
208359357,1
39771064,1
84723330,1
82134237,1
40107785,1
55884742,1
157094225,1
168270673,1
120221394,1
156652837,1
88295663,1
90692299,1
105479423,1
61689757,1
72210676,1
59693807,1
74049798,1
174062887,1
153138133,1
212341239,1
84964385,1
77558383,1
137860795,1
72462568,1
208252134,1
130668903,1
62228992,1
117497078,1
96322474,1
68351858,1
132074088,1
173822967,1
156781280,1
36131529,1
112999775,1
62107251,1
167091285,1
82299474,1
32235118,1
156609588,1
147658588,1
70475817,1
112516806,1
65142885,1
205352444,1
126232023,1
60668944,1
123969870,1
72047630,1
165910200,1
123822912,1
82425203,1
35708597,1
107519431,1
204062171,1
101936995,1
149788942,1
105629599,1
161196832,1
58305410,1
118112892,1
74697441,1
42411627,1
108725674,1
164050490,1
191552734,1
78902593,1
149008996,1
185553090,1
142614638,1
74399103,1
195436028,1
136909138,1
155010811,1
141966284,1
116344505,1
56020419,1
102325542,1
151752924,1
69098592,1
156450451,1
165504776,1
71172472,1
120530905,1
31617961,1
41953085,1
96349822,1
94748292,1
118647558,1
144767534,1
109782304,1
87808746,1
196661705,1
92815034,1
117107969,1
62473058,1
41412004,1
118877233,1
177342202,1
144879978,1
65015488,1
159091132,1
192159942,1
211525940,1
59623081,1
154276878,1
92771242,1
163917201,1
161478639,1
119598484,1
72762505,1
93838077,1
154549910,1
133670783,1
83486846,1
116959184,1
122579855,1
210505315,1
71638999,1
191078332,1
111878046,1
155610834,1
113388164,1
113554714,1
117519038,1
100930779,1
127038152,1
166542299,1
76507576,1
116170879,1
128638282,1
37454786,1
103963284,1
151589286,1
179297666,1
33827460,1
102268742,1
148539292,1
180866983,1
44252742,1
31469937,1
199117509,1
42686012,1
106360493,1
157177702,1
89797264,1
124220666,1
82641821,1
114142389,1
87474917,1
135190761,1
78251061,1
150464338,1
108089045,1
114498919,1
148287982,1
100023635,1
134352289,1
64064838,1
151595504,1
79248957,1
87908034,1
109790072,1
212528248,1
71631902,1
43656835,1
186129544,1
111967889,1
78427174,1
152558382,1
67033042,1
60944306,1
204116621,1
31374577,1
128711751,1
100537979,1
71682356,1
63005711,1
83714874,1
124458731,1
185390114,1
103171239,1
57761812,1
101053597,1
33462008,1
127714645,1
111759393,1
131792785,1
80096914,1
76897879,1
144623911,1
90798447,1
95480676,1
86907296,1
150266078,1
74448332,1
167155625,1
90984429,1
117277449,1
125063531,1
117346991,1
178301606,1
86130410,0
87668598,0
100755752,0
81784971,0
79493891,0
142284499,0
76052478,0
74296449,0
85181369,0
129980548,0
44111143,0
63802543,0
84656997,0
204063010,0
87757168,0
70786137,0
146528074,0
64816329,0
182572756,0
185324649,0
92493748,0
153004024,0
140991798,0
131655084,0
88614353,0
83700405,0
120153136,0
156029127,0
134265959,0
164190895,0
149426905,0
139691873,0
96139945,0
33501260,0
120583836,0
121552419,0
113040942,0
141983536,0
95269357,0
90925626,0
45077476,0
149641421,0
56337125,0
70359641,0
39121634,0
70798474,0
137224531,0
176997960,0
45207923,0
150142826,0
153901458,0
120950886,0
135751226,0
74849137,0
95098584,0
164448857,0
180493231,0
86390148,0
128542872,0
133935091,0
140602068,0
57739675,0
123215852,0
76307233,0
123246635,0
156534510,0
31875341,0
65525361,0
153796544,0
79486765,0
71591546,0
80034183,0
88349650,0
127769135,0
146080754,0
32162142,0
182162704,0
147232783,0
176590503,0
155044782,0
155966218,0
127140599,0
156731636,0
65861875,0
115455974,0
102570940,0
161875614,0
85095296,0
103569921,0
57846849,0
33649136,0
192756470,0
102629536,0
133529608,0
110257200,0
66236910,0
63777346,0
118549730,0
41271846,0
178868023,0
38329351,0
43586929,0
108810178,0
113486110,0
105245820,0
85948237,0
110191212,0
33089865,0
129397165,0
175553040,0
100190233,0
91257699,0
212253459,0
142573857,0
81459383,0
121142534,0
44418927,0
167208477,0
150124844,0
39925691,0
79041557,0
83727181,0
124641506,0
118343061,0
116133700,0
83650257,0
40126912,0
103753940,0
112935505,0
133553374,0
97811965,0
34436493,0
206615931,0
86091909,0
58668730,0
154379364,0
103905222,0
41186217,0
138255125,0
163918385,0
140448802,0
78405441,0
74002305,0
126930287,0
195346758,0
151524038,0
180698518,0
86874815,0
87196485,0
36965876,0
86161430,0
103807404,0
88723866,0
213214373,0
126793554,0
151739126,0
136397567,0
134687431,0
123513697,0
31159193,0
132205680,0
153529472,0
89020250,0
116513799,0
33900307,0
162430079,0
40759070,0
142863450,0
133976691,0
125879273,0
175297595,0
34777014,0
116446281,0
140311802,0
99235872,0
42565978,0
151506055,0
151983419,0
152282714,0
83462834,0
130488220,0
82475025,0
102488973,0
200337639,0
194921200,0
121310426,0
188953317,0
94132379,0
130812466,0
45417879,0
155092936,0
60595731,0
96035782,0
35244814,0
93793210,0
66834772,0
33699382,0
134491085,0
111804596,0
61912030,0
117869418,0
120660138,0
36794954,0
62729214,0
106403080,0
62857074,0
176128566,0
192260217,0
181070820,0
200511541,0
92761343,0
124215288,0
134769724,0
121485128,0
126159915,0
158900481,0
39031742,0
61571785,0
109618686,0
40270298,0
151302850,0
121011762,0
208301975,0
88192230,0
154323966,0
161590541,0
82249869,0
141633866,0
128953349,0
69455655,0
64072131,0
153151990,0
69487563,0
177175425,0
61386296,0
110119055,0
208303732,0
139514319,0
74200733,0
79944626,0
80636919,0
95623212,0
59177321,0
76797584,0
199092983,0
175310188,0
39438971,0
175709512,0
107598329,0
176744054,0
42652583,0
67767716,0
79489232,0
166239045,0
75318999,0
71599244,0
93713898,0
103841898,0
55997877,0
102624936,0
114850109,0
67102652,0
55809802,0
118376499,0
110213043,0
82056386,0
201585038,0
130613673,0
43126917,0
107600757,0
110213270,0
59693521,0
116144488,0
195905219,0
88111575,0
159511528,0
34149406,0
116081303,0
96264144,0
107187714,0
144260858,0
84453920,0
34338123,0
65457409,0
162520445,0
144587720,0
208223828,0
160074905,0
102381917,0
85945079,0
107728124,0
131972569,0
99626008,0
31267413,0
86545131,0
97287139,0
35629807,0
164109925,0
137777594,0
135704977,0
149731886,0
107892611,0
102666142,0
41664231,0
74797558,0
60962959,0
139639061,0
119179589,0
36514637,0
128532213,0
88630272,0
102237436,0
75716132,0
112628234,0
102002806,0
42174115,0
136673422,0
160842967,0
97425066,0
71752687,0
136282033,0
152252454,0
194470021,0
112818875,0
94598511,0
84401216,0
62737109,0
130693212,0
44244590,0
62526137,0
36633813,0
89068956,0
63400376,0
41557995,0
109439553,0
120061961,0
80155598,0
151762932,0
100271806,0
101701211,0
62694038,0
106332710,0
183123125,0
80112824,0
181101287,0
106588106,0
153002416,0
104896909,0
104379624,0
164650019,0
146418748,0
178622812,0
95175764,0
130080211,0
41162865,0
136788758,0
86760959,0
109309955,0
105746455,0
82456874,0
157186526,0
98499935,0
116068008,0
165259704,0
80565532,0
163069520,0
145033974,0
159044923,0
142381458,0
157168070,0
107340742,0
104272815,0
33641220,0
167106534,0
42902028,0
154328752,0
86541509,0
164005011,0
38510330,0
179665329,0
85686426,0
39796152,0
81106249,0
65336062,0
195061753,0
115940582,0
112473015,0
115604058,0
113225799,0
92985531,0
210489395,0
42361509,0
34977397,0
184619781,0
162746883,0
180967347,0
166568986,0
34299336,0
84221915,0
111572344,0
74659038,0
161621097,0
57648480,0
123865815,0
44405642,0
128222742,0
77596371,0
195045616,0
161125110,0
168903552,0
119365996,0
205726512,0
181287240,0
68492233,0
122230362,0
120287748,0
101974480,0
77142635,0
195463466,0
56006227,0
88717233,0
64572056,0
44035887,0
59144287,0
63117958,0
153907222,0
57745498,0
105772906,0
204982521,0
69302143,0
103891177,0
148300181,0
112501607,0
34786756,0
133043027,0
87653389,0
86275572,0
121134185,0
166199705,0
144866358,0
75743530,0
177813949,0
82854432,0
146085008,0
162087840,0
167082531,0
206541336,0
57076339,0
120980732,0
142986682,0
90148760,0
153856798,0
38447658,0
82261594,0
32173531,0
113768687,0
36702999,0
136316853,0
206165147,0
91730887,0
154432008,0
128675352,0
82773629,0
125416803,0
105550613,0
125446412,0
75229442,0
83861072,0
36166280,0
122892050,0
122186867,0
74266120,0
39529406,0
76361338,0
198873226,0
93372577,0
110477134,0
203551735,0
119947167,0
129505869,0
97473655,0
130843635,0
156175622,0
32083866,0
134250336,0
87581054,0
153276909,0
73123535,0
43715639,0
84082684,0
127805603,0
86046035,0
109785857,0
148434141,0
65509994,0
74461488,0
38980173,0
135206483,0
31201375,0
81423951,0
198738161,0
123504646,0
111147300,0
88301664,0
200698570,0
79812936,0
86664958,0
95666116,0
43143833,0
153184569,0
106918787,0
92422835,0
133708110,0
31323689,0
112959547,0
151399000,0
117880759,0
39627836,0
164535759,0
101795663,0
104922630,0
78361285,0
142039852,0
37916131,0
146510871,0
111113151,0
117181843,0
152055832,0
45046979,0
112571119,0
157839183,0
81047110,0
80594243,0
73741491,0
74614734,0
44647665,0
120569900,0
123461092,0
147431705,0
72575891,0
81885908,0
152294597,0
130389672,0
78079438,0
206542254,0
83218502,0
124865359,0
153221462,0
98906060,0
82191520,0
59924095,0
78131323,0
134219967,0
121278084,0
143794223,0
73853471,0
91062508,0
38705344,0
78707520,0
109892716,0
113105706,0
128665196,0
146674716,0
144990538,0
78445946,0
83157547,0
60544054,0
80256160,0
177248361,0
137882725,0
67090680,0
65239557,0
94721239,0
76871725,0
129940438,0
113182926,0
95887659,0
118016387,0
212305540,0
161203001,0
44829463,0
36420787,0
92624086,0
111582362,0
120019423,0
90089424,0
100774228,0
175314620,0
35093612,0
67273890,0
32615542,0
61288923,0
83403202,0
136405917,0
34380217,0
44736333,0
127903578,0
136129558,0
87141966,0
194971032,0
81019603,0
38015725,0
157190780,0
115139140,0
63937263,0
58427892,0
139143616,0
66984266,0
80415564,0
140779760,0
42955659,0
94407119,0
38249536,0
193777629,0
84241851,0
169567026,0
97170835,0
43842562,0
85031972,0
66296987,0
63895209,0
161544775,0
43321486,0
195370119,0
99561698,0
208415239,0
96766675,0
118885080,0
132355342,0
144570014,0
138138012,0
159639280,0
97869939,0
73206203,0
137635590,0
138661851,0
108115644,0
117120355,0
160805897,0
31175912,0
163193443,0
96539970,0
92951905,0
164461865,0
44672793,0
104526937,0
72121425,0
34543825,0
40250253,0
44812270,0
125619604,0
57080553,0
79564686,0
33609470,0
123910504,0
42474062,0
68013676,0
149352745,0
97873630,0
31683328,0
146744504,0
31146964,0
98802972,0
40218927,0
123385116,0
164673380,0
83154784,0
92566004,0
151700911,0
74245206,0
146557515,0
104477214,0
162807581,0
77934217,0
132998564,0
84453712,0
135691022,0
86190723,0
174571902,0
122803431,0
95359299,0
150121952,0
153266132,0
214657813,0
121745962,0
77840900,0
43113385,0
85429540,0
73170880,0
88196868,0
72030891,0
121424124,0
60818350,0
85554538,0
143459802,0
123610251,0
124067431,0
33418533,0
97163867,0
104847709,0
176414923,0
104800049,0
76339200,0
41981865,0
45205209,0
144619105,0
77926558,0
62051034,0
149358528,0
212180108,0
145856793,0
100437724,0
134756933,0
196082734,0
96836660,0
71795896,0
63013241,0
120873755,0
81545821,0
91882386,0
138922014,0
74601666,0
175419030,0
132257298,0
151072760,0
107309041,0
139739859,0
116398986,0
155438125,0
61843338,0
154738795,0
66787101,0
118606263,0
74224608,0
175820151,0
64783769,0
76246949,0
94752565,0
44782789,0
154082298,0
145510903,0
146039973,0
95940431,0
127932674,0
44826502,0
153891460,0
43577050,0
142799515,0
32208065,0
78132961,0
204390937,0
61200264,0
92493265,0
161209751,0
117245788,0
174763995,0
135567632,0
141052171,0
102929295,0
36262627,0
32865114,0
165332631,0
118579369,0
158152415,0
146422745,0
75475264,0
174193018,0
33634598,0
60439614,0
193993280,0
81251569,0
110505578,0
166956782,0
145878970,0
79641747,0
81084003,0
75627543,0
121979033,0
164493408,0
114307686,0
105256449,0
43514693,0
71923204,0
72068929,0
55715883,0
73256706,0
96801347,0
95328832,0
178738316,0
33086489,0
193341234,0
96432638,0
180990224,0
122937075,0
113641941,0
40919629,0
101490485,0
127800451,0
63526234,0
97437117,0
91767227,0
84492056,0
96013131,0
162952911,0
82938669,0
38058431,0
79599101,0
114462589,0
176412988,0
176639239,0
35722296,0
35477500,0
178300718,0
159734048,0
156237583,0
109380473,0
131300893,0
43279501,0
60448822,0
138809540,0
59261469,0
72327256,0
42254986,0
158750177,0
61762644,0
113246614,0
70227359,0
121121404,0
37579676,0
178908271,0
60013701,0
121955721,0
213442272,0
126658271,0
78889476,0
59095985,0
93424156,0
148231923,0
41624151,0
141525201,0
84701489,0
33922958,0
43382174,0
103717235,0
82591742,0
160714811,0
151418048,0
149000350,0
143338544,0
52303072,0
139891950,0
60235402,0
121679767,0
55746962,0
179370405,0
155300494,0
100434032,0
70918527,0
176128477,0
90752040,0
84046009,0
142617835,0
91649660,0
195194549,0
63749474,0
125334886,0
66053740,0
161538607,0
95830879,0
186780701,0
131787564,0
134634579,0
33261260,0
143749514,0
82054046,0
112182266,0
151705017,0
87648799,0
31356575,0
192637887,0
139805146,0
130815417,0
137161662,0
77907579,0
185751479,0
87343532,0
87236003,0
101938308,0
196536025,0
118169602,0
109071357,0
99631130,0
80117828,0
113811185,0
103299514,0
179656338,0
91474751,0
87465195,0
177372541,0
36941192,0
161203386,0
111948209,0
152764035,0
33001512,0
145270292,0
59108697,0
60050573,0
60636788,0
145343800,0
139891545,0
89729845,0
180059313,0
198738171,0
144358449,0
59402772,0
107426677,0
34252968,0
45182943,0
125740230,0
76272462,0
94920970,0
65079749,0
72268670,0
131532415,0
32000280,0
64665285,0
78477164,0
59966721,0
140244354,0
140082374,0
115213261,0
122675669,0
150289202,0
60047790,0
89606623,0
196609613,0
104924663,0
89185112,0
119727164,0
42143815,0
136903887,0
136004500,0
194489257,0
141643143,0
32922930,0
182250741,0
33436120,0
78375023,0
164508440,0
96011719,0
119807976,0
200127880,0
155841654,0
76560102,0
39149437,0
111636744,0
110865414,0
79457985,0
114227199,0
150360402,0
106342994,0
164629826,0
100681829,0
130604040,0
82140090,0
146642196,0
148846651,0
107429371,0
150404499,0
88984038,0
117684719,0
146050306,0
191598499,0
76087012,0
81705521,0
74358529,0
153841293,0
126716699,0
145652561,0
62654580,0
119480542,0
176075270,0
72339504,0
120450419,0
149868205,0
34777528,0
196579254,0
89436629,0
78730023,0
165933768,0
60173973,0
39468274,0
129384364,0
65023107,0
43807219,0
178690172,0
109343551,0
92305190,0
111778313,0
96465465,0
79948593,0
145227477,0
150547214,0
98146525,0
95635826,0
157063985,0
64699572,0
99113756,0
164165500,0
128120710,0
98932037,0
111940056,0
39904718,0
108372895,0
106081588,0
56531092,0
191015048,0
34707296,0
193600825,0
119948253,0
117619648,0
141314732,0
59262742,0
41583182,0
67881265,0
202424705,0
41961129,0
83028808,0
157086478,0
83066095,0
196378951,0
131864112,0
205183190,0
134536584,0
86322285,0
153999414,0
39586265,0
130358465,0
196645558,0
179182478,0
177729041,0
193919623,0
103559519,0
143173553,0
60853051,0
149115499,0
103390097,0
38461051,0
76405169,0
114898727,0
174616641,0
112927885,0
73412063,0
126791412,0
153938972,0
193907335,0
75912508,0
116918768,0
125017203,0
174990512,0
110276229,0
35118118,0
184636471,0
77195053,0
31452764,0
191584721,0
133326758,0
134489200,0
42454560,0
113897001,0
102346446,0
77567502,0
97503204,0
101427694,0
74769420,0
112726654,0
164047924,0
130252603,0
90969832,0
55919039,0
63905848,0
154631068,0
88968405,0
60453451,0
56953857,0
116959619,0
199004611,0
142458047,0
143903154,0
31704824,0
40262955,0
84118264,0
131967625,0
62978174,0
137406300,0
195178965,0
108506066,0
73136899,0
71835463,0
34783025,0
161359098,0
126623816,0
163034700,0
161947860,0
152884286,0
208051198,0
113625005,0
101677415,0
175644028,0
95527438,0
62126980,0
73679885,0
144843599,0
116088389,0
81454350,0
132131174,0
82498090,0
106205599,0
102083924,0
194173124,0
65153248,0
116571901,0
199082916,0
36166901,0
63310069,0
145445497,0
116652111,0
151389061,0
130221554,0
178698502,0
116133454,0
74649366,0
177439200,0
137266131,0
38100061,0
139900003,0
124745838,0
96198640,0
187704556,0
124537757,0
141204360,0
134413984,0
32075437,0
191610106,0
59757565,0
84183384,0
59454291,0
93452225,0
57734217,0
37622175,0
158263309,0
113611118,0
143894864,0
167125257,0
134294700,0
88670915,0
83752467,0
88803444,0
34084208,0
80367045,0
207032783,0
101098977,0
108854325,0
89374174,0
33891040,0
149066181,0
72229586,0
149517922,0
41438928,0
150508011,0
80627474,0
91781420,0
94480154,0
39441004,0
59786226,0
65896626,0
129330062,0
168870844,0
124508573,0
143264117,0
177104650,0
154467657,0
182102055,0
35297123,0
94658291,0
172377889,0
74126820,0
174815840,0
149054860,0
182947012,0
39190455,0
106178043,0
148281064,0
80079346,0
88549608,0
114266569,0
43127617,0
162959247,0
74851624,0
144483655,0
97037448,0
157133536,0
97499878,0
38501892,0
108061470,0
211108535,0
159240519,0
192538500,0
90158344,0
176269889,0
73105563,0
161362720,0
129147020,0
76936598,0
148029191,0
206672415,0
106950843,0
140291935,0
86080371,0
166078230,0
96971904,0
40195092,0
63704715,0
128155786,0
37369572,0
125532258,0
155989590,0
145118004,0
196159026,0
39038808,0
89988103,0
38038879,0
167708363,0
128139797,0
155623467,0
56472141,0
99842330,0
208401323,0
131540863,0
43732683,0
82671657,0
43673851,0
67863500,0
212585196,0
94805891,0
56508836,0
179282122,0
139665393,0
61437273,0
61514404,0
59616528,0
121592361,0
185785717,0
82673779,0
139112754,0
78330640,0
66629681,0
160851179,0
133123809,0
56260922,0
106201780,0
105668574,0
146623789,0
100745754,0
104303460,0
102553984,0
76362868,0
127417194,0
135118644,0
128299705,0
58778115,0
118595505,0
160720920,0
164765385,0
108205003,0
91894663,0
175327342,0
82387452,0
67435594,0
134310876,0
109395909,0
61877131,0
135667354,0
32417330,0
133370293,0
178385162,0
158285792,0
107537196,0
37856844,0
83845478,0
42469621,0
150950150,0
142185043,0
147612487,0
67760363,0
96203387,0
136465006,0
71660653,0
199054699,0
176726309,0
82618884,0
77695827,0
81451260,0
86581204,0
123942048,0
132992721,0
88740831,0
166095502,0
69993953,0
121016046,0
65033875,0
177972208,0
112990113,0
84119093,0
128687847,0
66808203,0
122857595,0
117939473,0
114859762,0
89323740,0
35214416,0
113246496,0
78020280,0
92240494,0
128660932,0
134940685,0
116649970,0
121518527,0
88772217,0
137480213,0
79470046,0
64119525,0
105756207,0
95534031,0
161493029,0
102622943,0
83968296,0
90755603,0
67751944,0
74023367,0
41245681,0
116331487,0
62754717,0
163507494,0
133326432,0
161379854,0
137837542,0
84236650,0
166114283,0
144835989,0
76958094,0
45518371,0
64603363,0
87013819,0
181138930,0
119156415,0
79054832,0
214116445,0
155002925,0
78890266,0
196301306,0
39702253,0
205891482,0
56297252,0
82991698,0
98865515,0
109720955,0
176984419,0
117383202,0
82145459,0
108921319,0
180856452,0
37326540,0
75148265,0
84468171,0
114675012,0
96198215,0
80303346,0
154734215,0
87471956,0
80967778,0
87201953,0
77895568,0
149148434,0
139178969,0
142267139,0
34485516,0
178979066,0
97297068,0
86212456,0
99312391,0
204300778,0
127188516,0
72737525,0
62408303,0
132763579,0
146583738,0
130858005,0
162054678,0
112034163,0
59244572,0
40873923,0
37601547,0
65235984,0
87644713,0
196245918,0
86210581,0
111222082,0
130874053,0
65130153,0
149833355,0
182101808,0
122617497,0
88243660,0
178100671,0
178928632,0
191798645,0
157361583,0
73847234,0
36913606,0
66359363,0
60569991,0
111151218,0
149145138,0
141081000,0
203579912,0
82846822,0
151553854,0
107436872,0
41769767,0
129438924,0
106521436,0
88288537,0
113674639,0
68961247,0
68340804,0
97205823,0
75303879,0
162387817,0
57949897,0
161053476,0
73036752,0
33114233,0
60919247,0
40400389,0
194870727,0
69605465,0
159944646,0
129016692,0
142639262,0
42249331,0
38385865,0
59387524,0
74793778,0
38514209,0
37985850,0
133165587,0
214189490,0
86408180,0
129205073,0
45483709,0
90012510,0
83956294,0
146394982,0
51757402,0
111293745,0
150808817,0
192351363,0
66526001,0
44200019,0
134275474,0
36553020,0
105816174,0
94324836,0
145045758,0
81654337,0
65202221,0
114427443,0
164683971,0
130774261,0
127400456,0
191603108,0
174739153,0
131822926,0
127862323,0
125677302,0
154291613,0
56152800,0
134840785,0
66782167,0
117997565,0
203788003,0
159001734,0
119976095,0
108441548,0
33008342,0
76146289,0
137741935,0
102398705,0
124502207,0
97869445,0
113222907,0
213096224,0
176234141,0
101923997,0
140529654,0
106857289,0
81908036,0
154287892,0
97169750,0
67010480,0
123874786,0
159787295,0
164265657,0
96386054,0
33109051,0
41213171,0
40021071,0
77120429,0
152462864,0
57611824,0
66797445,0
150099252,0
142522199,0
96649592,0
99255937,0
141155742,0
137320967,0
133420845,0
91065676,0
75462177,0
194194560,0
40064882,0
32342163,0
162232943,0
194357458,0
57556159,0
115454474,0
82451673,0
175128982,0
102618334,0
145005470,0
185448196,0
205283821,0
69070720,0
152115879,0
86294699,0
61451435,0
150165378,0
97200780,0
87245300,0
128232364,0
89479897,0
104146089,0
117501262,0
67007983,0
152320406,0
176550511,0
91272760,0
67061516,0
177009892,0
174296452,0
100782045,0
125844177,0
44552374,0
89510236,0
194195518,0
148357681,0
170662424,0
73425111,0
68815907,0
73353754,0
163463683,0
91434819,0
82619279,0
175597868,0
44525726,0
44548485,0
169660659,0
81805648,0
60392881,0
112408951,0
98617986,0
161681173,0
116427894,0
155293901,0
41717902,0
129607684,0
73032370,0
146707217,0
173391606,0
149433261,0
108896645,0
74292975,0
37489833,0
88753928,0
132666403,0
177781843,0
93726699,0
193939964,0
97815567,0
123867404,0
140651366,0
108746124,0
39275679,0
159589399,0
63306270,0
125391626,0
64817385,0
55716722,0
61628555,0
116131055,0
124393612,0
99293165,0
66703249,0
133160919,0
59308517,0
144531966,0
61431193,0
98824566,0
76453520,0
76173944,0
114436513,0
58290261,0
88005852,0
42090608,0
196126999,0
168462341,0
101697046,0
124591448,0
120074633,0
177853250,0
79002335,0
37284338,0
92897011,0
78157724,0
161724708,0
145157206,0
75017256,0
132630665,0
131181126,0
154808445,0
124561326,0
73729134,0
144469926,0
67391842,0
120710591,0
148665011,0
192542556,0
109394024,0
88143819,0
136588169,0
106280332,0
157500853,0
132086257,0
124957334,0
57018374,0
77025967,0
114978128,0
62728582,0
132554659,0
97675241,0
151670305,0
37404046,0
74512258,0
108540945,0
66719485,0
112127411,0
86551507,0
178001254,0
62481260,0
86511910,0
136472092,0
152930338,0
42605505,0
76166285,0
121273070,0
116210792,0
142037769,0
109547566,0
102363915,0
165945020,0
159532639,0
146077329,0
90903933,0
73972321,0
118996073,0
180371440,0
102751307,0
72342603,0
95117997,0
75993004,0
121508578,0
37354817,0
68728966,0
31874196,0
41335189,0
78218452,0
59657260,0
79071827,0
108292270,0
60205901,0
63845693,0
35275390,0
75371545,0
113476122,0
35308907,0
83893652,0
76391529,0
137969361,0
195113549,0
103471186,0
141748027,0
73638610,0
115268926,0
152949653,0
73653987,0
114970982,0
150909349,0
156003358,0
133883660,0
127136572,0
85385847,0
74573420,0
193970895,0
87781516,0
87050721,0
96009982,0
116261660,0
114967399,0
148054497,0
193520447,0
101591352,0
161693994,0
138122576,0
60417308,0
154155758,0
87839184,0
109566752,0
56344754,0
143146373,0
193511742,0
126768712,0
64173058,0
31873160,0
77771250,0
123638705,0
144047803,0
83089131,0
92875169,0
175567420,0
103227732,0
176863950,0
151278176,0
83510563,0
196281528,0
59375532,0
116613067,0
42361174,0
33716664,0
94260131,0
77340847,0
105675197,0
113358851,0
137161760,0
90584395,0
129597360,0
145639434,0
105513098,0
101829239,0
36097469,0
101633949,0
107734835,0
85502328,0
76228858,0
101844320,0
147404001,0
32035505,0
100368666,0
206235813,0
121907735,0
106147615,0
97453116,0
130788533,0
91301293,0
178361475,0
59306879,0
193572025,0
39190040,0
77875375,0
130433109,0
87945815,0
185609160,0
32437721,0
128319168,0
163911486,0
121752644,0
214073947,0
79780998,0
34501277,0
185016559,0
61121643,0
68729607,0
124724776,0
32848395,0
71946920,0
84034856,0
74766360,0
88417355,0
81619350,0
78087374,0
103326152,0
91822388,0
90173720,0
137771919,0
62173417,0
91101947,0
149425148,0
138663638,0
139976167,0
109606023,0
81055519,0
144691577,0
210471127,0
90598439,0
125324049,0
167222364,0
199387147,0
96388334,0
83455589,0
145305013,0
62199976,0
93250125,0
128997979,0
185809226,0
191951742,0
150620979,0
66165336,0
100023753,0
156950998,0
90380439,0
63365616,0
55720660,0
37053774,0
214372808,0
136922501,0
40554444,0
119646312,0
180888094,0
120079874,0
156201105,0
37453819,0
62597198,0
176353248,0
151356580,0
161878851,0
43371476,0
115304989,0
191823753,0
86809409,0
56786172,0
36427084,0
205794770,0
45646696,0
133489350,0
161558079,0
119784368,0
159848664,0
80430684,0
132136898,0
89376503,0
114891917,0
100008879,0
102866268,0
142111712,0
58834707,0
41721367,0
34989142,0
84227017,0
128642397,0
88160755,0
194967992,0
167173805,0
56472576,0
36101466,0
99981176,0
135264734,0
178138215,0
166545092,0
56531675,0
90524545,0
130904125,0
66231156,0
207196954,0
167134208,0
34639037,0
96966742,0
60765350,0
65095658,0
77371965,0
151181257,0
78469278,0
142505381,0
80475275,0
153903935,0
72288330,0
152072768,0
76154984,0
130183792,0
62027505,0
142687979,0
83465350,0
142353547,0
146548741,0
93368412,0
108344441,0
203922141,0
105558104,0
152410624,0
175616491,0
103889578,0
106062668,0
96820178,0
74817988,0
203918450,0
56798016,0
185742972,0
179332486,0
37897754,0
148336807,0
41410731,0
68307070,0
103988087,0
141149002,0
77649222,0
113333506,0
38537936,0
214802679,0
86443415,0
63857082,0
130389811,0
68861988,0
92897859,0
39248389,0
88288962,0
164962056,0
92680600,0
70958164,0
99275430,0
124949655,0
61306303,0
125781979,0
119335844,0
73988537,0
57038005,0
36370373,0
60807878,0
81404439,0
88943050,0
69517073,0
68297674,0
169111840,0
153060933,0
38315198,0
94741057,0
34468431,0
173538930,0
69851446,0
136065534,0
90922853,0
88886566,0
44085068,0
61638879,0
34657632,0
86896212,0
149989107,0
109807728,0
145448112,0
86681766,0
101599070,0
182323746,0
80005877,0
64484355,0
78068394,0
57220425,0
41172232,0
58019626,0
160438501,0
113779622,0
138541274,0
82338488,0
65340188,0
84588225,0
124501713,0
94749427,0
143200418,0
85756638,0
117221430,0
72087286,0
43447037,0
126451621,0
148270177,0
94987018,0
78164791,0
77336366,0
41234953,0
211717500,0
127133443,0
78919401,0
83546785,0
178184049,0
39321513,0
63232988,0
119001294,0
56857441,0
184760393,0
86256761,0
177659727,0
74377577,0
102412789,0
159984480,0
176155026,0
140273972,0
108013997,0
164527014,0
199103840,0
59540147,0
65998007,0
40363457,0
132141596,0
59544796,0
111920317,0
78159965,0
180879606,0
63422849,0
104803277,0
128174045,0
110825650,0
214430022,0
48239520,0
63000963,0
157082115,0
91260916,0
112173581,0
116161513,0
167028781,0
128272741,0
114749706,0
164735717,0
118652729,0
195322962,0
193531886,0
40489818,0
210588200,0
180645963,0
33110621,0
83058417,0
133184784,0
192054751,0
64994021,0
72105189,0
59352279,0
155009923,0
92006910,0
59153614,0
163669800,0
205676966,0
132207880,0
166693728,0
118918765,0
83422980,0
166763506,0
36551244,0
196486431,0
96462079,0
42086868,0
178624234,0
183259315,0
128256584,0
181222861,0
112275830,0
123205528,0
185918355,0
69766380,0
77121850,0
63878371,0
127110131,0
34752646,0
82360261,0
137979240,0
161358092,0
40011833,0
125719277,0
135018931,0
65491982,0
174333413,0
195096395,0
31898337,0
83809977,0
80409455,0
80917571,0
152768240,0
74435136,0
75072516,0
127404788,0
37762155,0
147939625,0
140755856,0
178680372,0
200704768,0
85285888,0
57988024,0
178601662,0
153006995,0
76611463,0
106503049,0
178301586,0
96611397,0
113838613,0
196485483,0
60882009,0
109716819,0
160807733,0
75158865,0
124228394,0
133064986,0
110270445,0
38323548,0
42783375,0
80270027,0
77465441,0
63217690,0
161372363,0
139018726,0
36246115,0
36140905,0
128109014,0
143608596,0
129031644,0
82086952,0
56443865,0
112717455,0
71591072,0
121922213,0
87617513,0
64255351,0
165317155,0
106989344,0
97848226,0
84224353,0
152098932,0
121186444,0
85483724,0
43596345,0
105813539,0
140735317,0
66748156,0
45416823,0
87511651,0
97453264,0
165287112,0
162017736,0
59502643,0
94656189,0
33932926,0
66505324,0
95596703,0
117201266,0
77170231,0
38637007,0
208076060,0
31963121,0
153438711,0
73769876,0
105988044,0
185623530,0
111719421,0
34496264,0
59305714,0
84526224,0
96155253,0
65228681,0
73282910,0
171049549,0
32800725,0
75124361,0
89497771,0
64247425,0
90199283,0
56150886,0
46328073,0
154048949,0
141074861,0
76303403,0
31722184,0
31312537,0
42750747,0
85185711,0
107461625,0
36367412,0
159540644,0
63845861,0
133500759,0
132369811,0
179543528,0
120711331,0
44693322,0
135675921,0
214117856,0
214740263,0
90641816,0
129316294,0
151857848,0
191051654,0
89869914,0
204760554,0
64430605,0
90058838,0
137682441,0
97069919,0
159191210,0
159848526,0
64349635,0
68012492,0
103025504,0
85246153,0
108298587,0
80381218,0
149921194,0
97591389,0
60533681,0
106704646,0
195060835,0
86687648,0
115749398,0
178698729,0
194989399,0
108566675,0
56818910,0
66485397,0
162509993,0
131626383,0
59425008,0
82895628,0
76454645,0
116102068,0
97500895,0
56966559,0
148617114,0
101391039,0
111012728,0
131148803,0
78334272,0
108624886,0
117017129,0
60579752,0
96760724,0
101505802,0
40434765,0
136985766,0
107330882,0
113449227,0
67223545,0
73196225,0
81319146,0
86523151,0
143137184,0
120640517,0
180133474,0
63237982,0
198853774,0
63534613,0
84197971,0
152268986,0
96218369,0
102501152,0
162700654,0
138789268,0
101372760,0
34173922,0
78562940,0
108279697,0
195281451,0
122824394,0
119080567,0
64418278,0
105578652,0
44874123,0
141019118,0
177503826,0
79784551,0
88557790,0
146919720,0
88170714,0
71903396,0
128539013,0
42904949,0
126246344,0
135333821,0
118713240,0
79500898,0
116076802,0
139860051,0
77177515,0
82004866,0
146931691,0
100264828,0
78122598,0
178329103,0
157367179,0
108271327,0
67580371,0
135415156,0
212734523,0
158369141,0
119963877,0
97362562,0
89071029,0
125081908,0
133723743,0
116799297,0
142647000,0
90073041,0
83932893,0
108380830,0
62523798,0
166979098,0
127714921,0
61855981,0
108624550,0
100703463,0
37608604,0
144193626,0
43682319,0
65208024,0
131681633,0
121343509,0
118877529,0
149764130,0
82712221,0
80586140,0
154332404,0
67026222,0
163851183,0
129754850,0
149804654,0
199954580,0
86318160,0
128765965,0
100254573,0
178379082,0
172467308,0
144032633,0
138978883,0
38875792,0
85813566,0
40518114,0
116532492,0
178692107,0
86921173,0
177883273,0
136747898,0
82827616,0
145605710,0
119697230,0
75977548,0
157295269,0
126016530,0
92330170,0
32508516,0
135040723,0
69872813,0
76781931,0
97339438,0
43368071,0
83573817,0
161659796,0
77531241,0
75148521,0
185002623,0
59857633,0
122802128,0
82818684,0
108902755,0
198609609,0
56180712,0
114837200,0
178393245,0
176448499,0
208213277,0
192670200,0
86926542,0
53493426,0
161262278,0
130816612,0
214660418,0
107804149,0
195137877,0
142078027,0
107017739,0
159430430,0
102917047,0
39179983,0
77499767,0
130430118,0
87710149,0
93250333,0
59635764,0
65542110,0
126718120,0
128119654,0
139279383,0
85848347,0
203645585,0
115103304,0
176107366,0
192938624,0
174249364,0
42819360,0
108019238,0
163454030,0
76548327,0
195017113,0
134719941,0
179741818,0
41961800,0
213196993,0
82078641,0
94757352,0
92524502,0
43833067,0
136692105,0
81921399,0
178074585,0
80738004,0
121400437,0
166197080,0
109056780,0
35103077,0
97516814,0
121141291,0
39972956,0
151161567,0
59365396,0
35400823,0
163763650,0
119653616,0
76004206,0
86555514,0
39581814,0
140451556,0
34756061,0
55896398,0
125671400,0
77444922,0
121460809,0
157242319,0
114887584,0
76523140,0
60915555,0
37500364,0
153402658,0
41671140,0
93512785,0
35511264,0
124907956,0
134885474,0
78399934,0
71034249,0
53488540,0
147278391,0
175175557,0
44023975,0
178381747,0
67606002,0
90429491,0
85515919,0
64624592,0
113676297,0
101668720,0
148073299,0
106106913,0
159832764,0
100907231,0
145753349,0
65047495,0
130023352,0
109807640,0
128758483,0
86011185,0
175195425,0
108937397,0
61014163,0
122665849,0
115165433,0
78140640,0
61144481,0
129292291,0
118918153,0
43802067,0
92307173,0
92671628,0
103556805,0
176269297,0
159486716,0
34170843,0
96351638,0
77599628,0
34356895,0
196281725,0
61301990,0
65935197,0
86022486,0
125525961,0
130499945,0
78403023,0
155916041,0
59568483,0
156185373,0
124687913,0
122611398,0
59550431,0
75025872,0
127219773,0
118354312,0
82256877,0
93069590,0
84525474,0
115043553,0
118779169,0
120565508,0
95492035,0
67265392,0
61843357,0
153013055,0
43901177,0
146176884,0
63281161,0
61670630,0
161775457,0
100705752,0
163425991,0
179115513,0
103384294,0
127654953,0
34697021,0
63176711,0
42719677,0
84126871,0
44128050,0
68112293,0
90321449,0
192924372,0
88084276,0
194942913,0
82403914,0
107997584,0
196683300,0
178419538,0
65283744,0
152952120,0
117251344,0
176205924,0
104999968,0
69120651,0
59947535,0
162731970,0
102792088,0
32013940,0
178014460,0
77301881,0
78443262,0
38150040,0
191098821,0
161221388,0
68803925,0
174413722,0
88401801,0
88477649,0
72390757,0
164183335,0
33002193,0
167177595,0
176186244,0
44291007,0
111753975,0
157340886,0
95092070,0
136269677,0
68697314,0
121010864,0
67513514,0
155095551,0
67844866,0
159279138,0
150611050,0
43439724,0
82294875,0
44385341,0
173989586,0
84783347,0
164590999,0
152374640,0
33357923,0
109606615,0
94370848,0
88228194,0
123854129,0
80389340,0
111753511,0
125359481,0
157712398,0
103452197,0
58255885,0
110279367,0
144414439,0
139098848,0
84163645,0
198598121,0
108183201,0
137221047,0
64955036,0
137895279,0
154434772,0
79829438,0
121602566,0
121363308,0
138067050,0
34685257,0
55911429,0
80643789,0
33669309,0
81106091,0
36462999,0
157469468,0
100793799,0
43548043,0
90440506,0
57919045,0
75037617,0
106540406,0
56174780,0
69569846,0
32585045,0
191483745,0
122215183,0
69003035,0
89234509,0
109206433,0
174946108,0
82395239,0
122609631,0
45385477,0
104658164,0
118068005,0
134691448,0
113569923,0
72151774,0
125937188,0
85926672,0
79845811,0
179275825,0
124512935,0
128314924,0
110479552,0
146779561,0
152844818,0
142102001,0
40400764,0
60084545,0
31255115,0
210358327,0
73283166,0
134586307,0
140851739,0
71018566,0
152856849,0
56041856,0
58169565,0
204197414,0
83872916,0
190705043,0
119936498,0
95344041,0
126172223,0
93712585,0
88645294,0
156570820,0
90663036,0
94303844,0
192136304,0
107249715,0
67691374,0
124388085,0
84543289,0
84959076,0
62735520,0
207202787,0
94245169,0
56456143,0
74568425,0
204414081,0
114511335,0
37487020,0
182366373,0
195323130,0
66176578,0
151576386,0
130227031,0
75904513,0
85042385,0
71594033,0
124613970,0
60300521,0
174235023,0
35593023,0
173107648,0
91900812,0
85078527,0
63071126,0
71679533,0
112579883,0
86131279,0
145351765,0
56054124,0
159811209,0
78101754,0
40659733,0
99764429,0
127142405,0
36361945,0
140909466,0
97393859,0
140024942,0
86687401,0
103226874,0
140449020,0
89396223,0
97514011,0
113815932,0
202308648,0
161697488,0
133087756,0
94147716,0
101370579,0
103931642,0
57744116,0
31500711,0
58858612,0
144931873,0
160772587,0
42868145,0
165627140,0
77422597,0
114659675,0
38144760,0
127307099,0
96603392,0
31414421,0
76995983,0
35510820,0
150237209,0
37332966,0
82346591,0
65355308,0
146493264,0
111936207,0
161942046,0
108029097,0
41663787,0
113422135,0
159659296,0
94424312,0
148034985,0
85677050,0
136339721,0
59161954,0
58380597,0
123291947,0
144121608,0
121115946,0
131436423,0
149740729,0
97171329,0
60928425,0
37045701,0
58068204,0
119067677,0
33201174,0
149409307,0
89607590,0
37104840,0
61708519,0
82875197,0
123796214,0
58510728,0
84040857,0
180076191,0
205110648,0
76794001,0
87026886,0
104153590,0
95973001,0
74726408,0
160577742,0
78142564,0
177578687,0
147092971,0
134664099,0
86676446,0
192377468,0
147555983,0
35770775,0
34219984,0
146518244,0
43696018,0
111359724,0
83902604,0
62029478,0
138656097,0
116956243,0
156013030,0
108918457,0
176902609,0
110190610,0
124543896,0
102674452,0
113470289,0
116319180,0
81520772,0
88892478,0
176755947,0
112087025,0
120591781,0
101221410,0
95013162,0
141461345,0
112089137,0
61812002,0
206672671,0
84118649,0
78516455,0
35471864,0
39239230,0
110457306,0
36762068,0
118182877,0
83404850,0
40837159,0
178589266,0
141006396,0
176053133,0
150734953,0
90649080,0
83136298,0
129975455,0
62390400,0
142972490,0
118211055,0
34899654,0
137732983,0
82338005,0
115719157,0
156158952,0
81606963,0
59594183,0
39185648,0
196377184,0
100478071,0
94412133,0
75796254,0
103664314,0
162532239,0
94770331,0
58777434,0
160322109,0
132880918,0
77066580,0
179631022,0
83717154,0
81833283,0
77685069,0
160138584,0
204908973,0
92710978,0
78779776,0
96230913,0
43833314,0
81064954,0
90485600,0
122944142,0
157185411,0
76463320,0
157019019,0
56264100,0
173564542,0
138203428,0
137242741,0
82207430,0
61126222,0
65163976,0
162003514,0
211626502,0
66995883,0
150681539,0
114754700,0
89573175,0
163923705,0
149101840,0
38063997,0
85351452,0
104836014,0
82371354,0
93288844,0
121702644,0
42749582,0
165957278,0
156601900,0
106949067,0
111503573,0
136347113,0
144949332,0
178615973,0
192088663,0
131620984,0
67219499,0
199550459,0
82984553,0
88522180,0
63404117,0
154347534,0
91945758,0
68134589,0
39080863,0
110749752,0
73240865,0
193574058,0
194023500,0
91760012,0
45018782,0
92816909,0
159783465,0
205807798,0
119354044,0
213738864,0
78933169,0
94161031,0
153752950,0
124140476,0
176190330,0
130334975,0
159483449,0
115613414,0
84906865,0
78659455,0
116771435,0
108287434,0
159325091,0
120204063,0
141035304,0
35357673,0
150732348,0
104566603,0
96357235,0
180962708,0
41540773,0
69890717,0
164154496,0
72218463,0
73922894,0
72771417,0
150386921,0
148541157,0
42730632,0
144392933,0
58517676,0
82129381,0
146436267,0
157294410,0
151995538,0
63746957,0
107937922,0
42401965,0
88401228,0
73551067,0
167099921,0
84622265,0
84489509,0
162436632,0
67457376,0
146055310,0
116084589,0
150263847,0
72184038,0
153648312,0
104656427,0
165731609,0
165773654,0
41044864,0
89346174,0
165948849,0
74990430,0
125243029,0
39366844,0
31205669,0
44133192,0
154923692,0
102716349,0
105774396,0
148991438,0
92581400,0
93246779,0
82314930,0
125410990,0
108080873,0
125634645,0
64825488,0
159789920,0
95057457,0
121056481,0
94503762,0
95447445,0
157433503,0
73649822,0
125909721,0
125708193,0
184941580,0
80481927,0
151267369,0
137594552,0
107593157,0
42628867,0
141829205,0
191440901,0
73753542,0
92761560,0
148973633,0
58666934,0
93508719,0
132649062,0
34960244,0
77540627,0
134567091,0
57927937,0
140740222,0
124006496,0
34308633,0
163962246,0
133152964,0
97050189,0
107494846,0
133152727,0
91974015,0
144621266,0
141918071,0
214126877,0
89181539,0
67803532,0
61357349,0
128320707,0
97189499,0
34711441,0
198981753,0
152811103,0
180346450,0
39525084,0
35382801,0
101421141,0
83427856,0
199572083,0
175317472,0
143431150,0
175670567,0
164153134,0
75388905,0
132817121,0
111660855,0
91938070,0
45078651,0
195269074,0
96560252,0
94555588,0
137223149,0
97086885,0
35933288,0
96490326,0
44189735,0
37729378,0
89460750,0
150519164,0
62901517,0
63275121,0
122422859,0
152907756,0
119912574,0
148112787,0
177048551,0
190944618,0
58843235,0
133527979,0
152874150,0
89480312,0
102639395,0
153757292,0
77706229,0
135843754,0
75255320,0
88670402,0
98240700,0
104157469,0
93591870,0
98070055,0
160147111,0
76909101,0
161656361,0
141391369,0
40657048,0
134442073,0
194684685,0
91209466,0
206920438,0
74042514,0
144639081,0
110228697,0
98538180,0
141699025,0
86817315,0
133899876,0
164891074,0
76857206,0
42171657,0
96596276,0
179323130,0
120751402,0
36051042,0
132262864,0
132463592,0
206439206,0
146271454,0
38715105,0
211715161,0
107601260,0
130618657,0
148161730,0
90452843,0
124415404,0
144637995,0
88504928,0
158246176,0
180982694,0
83775009,0
135830223,0
60100721,0
131611006,0
159354986,0
111691925,0
41897756,0
34681358,0
77819108,0
73229456,0
159417204,0
45052230,0
109796171,0
93503300,0
58239116,0
134372176,0
122285415,0
84114267,0
33004937,0
103659478,0
35616641,0
136210706,0
130971249,0
80623280,0
131334490,0
129247039,0
100460236,0
213357078,0
159369495,0
94047570,0
62205838,0
75363689,0
41843029,0
70610458,0
162052931,0
149026337,0
78245208,0
143372929,0
161882355,0
123208094,0
72140148,0
118513588,0
62650109,0
64053596,0
93972136,0
62688324,0
137164879,0
136215858,0
176440751,0
125536729,0
145055697,0
85999707,0
138702317,0
176689160,0
93522438,0
60916148,0
99864892,0
44283920,0
59438816,0
60013266,0
103728911,0
206627646,0
37962804,0
36991033,0
121370927,0
75750024,0
86825704,0
64647697,0
108621214,0
67194005,0
163468578,0
109296335,0
40836053,0
73681464,0
103364239,0
42016014,0
41199886,0
139791645,0
117019902,0
109079342,0
129481718,0
131144816,0
198931714,0
108140051,0
69764001,0
74338858,0
191746188,0
131565340,0
59829573,0
76081080,0
96407520,0
78096937,0
80221853,0
147401435,0
184761449,0
97187604,0
147449530,0
214195333,0
93560584,0
175019331,0
174207487,0
103409264,0
77508294,0
34945893,0
131672583,0
95461351,0
214380072,0
164486430,0
121378793,0
79744608,0
135955280,0
67813293,0
121145505,0
128922033,0
118250681,0
122733722,0
196225004,0
175035636,0
127996668,0
161612984,0
126722858,0
95606513,0
165486883,0
95135881,0
79948820,0
99406853,0
151184958,0
135858529,0
140341441,0
89959580,0
115322162,0
82018338,0
118746579,0
176759559,0
165747805,0
113863435,0
60398112,0
117625136,0
115826953,0
55756704,0
77471648,0
84816124,0
155966574,0
103836628,0
122127166,0
87538240,0
124256967,0
155593976,0
113094020,0
117339085,0
139540453,0
34420357,0
97506925,0
149154178,0
151670394,0
143321805,0
71942094,0
136910243,0
57737365,0
81649501,0
214550451,0
137874760,0
83216488,0
34591880,0
86175198,0
142515734,0
75575155,0
39509845,0
97869189,0
63319870,0
105390814,0
77025227,0
142589628,0
125727341,0
155149548,0
84137165,0
153061021,0
78056837,0
129497983,0
100808614,0
128660330,0
151045579,0
159496842,0
181163939,0
174611410,0
84596101,0
62320938,0
35699211,0
41380668,0
69105156,0
61298091,0
66401831,0
133951662,0
132075233,0
42167867,0
115327670,0
77201508,0
60902133,0
98958388,0
152972718,0
123864068,0
86041218,0
150601417,0
121533055,0
32224320,0
87400964,0
135272264,0
90247219,0
208416502,0
60308210,0
89855416,0
33872376,0
184585672,0
31385315,0
86097071,0
142914753,0
184628634,0
85430734,0
130335271,0
78903550,0
72298841,0
59495310,0
77179893,0
89368785,0
59661918,0
69009460,0
40719335,0
163658015,0
78475249,0
58052275,0
194149634,0
140011678,0
110232733,0
91285442,0
162662952,0
88083901,0
131420375,0
60795738,0
184360398,0
136064359,0
72090168,0
105148298,0
140237445,0
74330706,0
92863434,0
41419199,0
83177740,0
147435475,0
151989814,0
84162677,0
85195462,0
140248390,0
149463255,0
214234436,0
68757538,0
206441367,0
94089663,0
192045967,0
127303457,0
37714209,0
63076318,0
72015218,0
119829956,0
121906570,0
175984312,0
41428318,0
206552410,0
42801230,0
93925631,0
76704780,0
72939033,0
125347361,0
129369353,0
36753255,0
141158999,0
156775388,0
107185947,0
143584968,0
160429767,0
95656029,0
93314880,0
63228369,0
106997043,0
72510524,0
127507570,0
37283805,0
112481759,0
35648135,0
107706549,0
81970332,0
84304030,0
43779446,0
74692042,0
126696170,0
93840910,0
143401798,0
128793955,0
128253703,0
145791880,0
32282087,0
103420436,0
133102047,0
123606570,0
173445929,0
112662492,0
150047387,0
69256496,0
43147317,0
77342939,0
111163141,0
105596220,0
113043271,0
89681395,0
89180828,0
114795501,0
153405480,0
75493020,0
138103676,0
147356706,0
161443977,0
144337989,0
122409634,0
42958038,0
159877217,0
40379929,0
104748816,0
78488040,0
105752012,0
167002913,0
166484423,0
107543029,0
173501376,0
157323713,0
203896934,0
138149362,0
130501929,0
75182680,0
145135729,0
104992852,0
90643592,0
165364894,0
161207412,0
73785874,0
110461570,0
83727704,0
198967698,0
164912600,0
89071266,0
130856268,0
59098423,0
41330688,0
89748617,0
126093937,0
41084560,0
181282868,0
84017644,0
45276477,0
44588950,0
69585164,0
151423121,0
147369102,0
70477287,0
155792454,0
112096697,0
115475516,0
115964555,0
37675036,0
72747178,0
200149968,0
81484185,0
155401598,0
206494574,0
81877696,0
109113737,0
157536354,0
110138192,0
40617471,0
163659496,0
63112006,0
32031024,0
138160268,0
151770235,0
34516200,0
143455854,0
117228753,0
86370034,0
72094530,0
137462616,0
178395407,0
69562809,0
83138005,0
41676203,0
83314217,0
123352852,0
96237220,0
75183864,0
45176932,0
144795573,0
39463379,0
145046479,0
76849686,0
147906640,0
91399890,0
143936118,0
108183468,0
145802767,0
81828842,0
76072208,0
123902372,0
86122534,0
116390981,0
179893909,0
93775238,0
175954516,0
139505249,0
191954664,0
42215212,0
157635376,0
113079147,0
176387110,0
114902862,0
121162609,0
105696120,0
77607474,0
90099353,0
110296975,0
113849943,0
148013331,0
36797470,0
143365695,0
41112846,0
106687266,0
103963600,0
74410936,0
107930836,0
40125718,0
87017006,0
65382568,0
36369209,0
212383609,0
214510232,0
77215690,0
177415493,0
56323870,0
100505893,0
35087404,0
208386321,0
72463565,0
78371974,0
173519289,0
85492113,0
113513607,0
124658176,0
75566963,0
86754011,0
147337302,0
88186466,0
142936959,0
164125381,0
94113272,0
192583436,0
84886238,0
114699627,0
118525441,0
106301285,0
150054572,0
173783469,0
103065575,0
73580508,0
36069518,0
155945058,0
173364751,0
95496773,0
92176895,0
119545632,0
34958240,0
74147773,0
96889581,0
128409050,0
64251817,0
156493403,0
68149314,0
118069722,0
90335266,0
78102879,0
154750076,0
140585921,0
166356148,0
69820909,0
173741859,0
61841877,0
64348431,0
87750348,0
166122801,0
41002652,0
106710656,0
36217996,0
76195578,0
76875386,0
68290992,0
115691769,0
74831154,0
42665986,0
147119026,0
118484117,0
101771068,0
64254314,0
85129583,0
159661941,0
161745977,0
158875689,0
34332527,0
155494392,0
89494514,0
86733522,0
98991767,0
71953227,0
76309483,0
150126137,0
35007953,0
117328406,0
114268069,0
157092528,0
59990774,0
32803242,0
32352329,0
109135885,0
136607928,0
100660944,0
117355390,0
186095800,0
88076114,0
139424476,0
60391144,0
124299416,0
78810598,0
44756112,0
137757371,0
59153051,0
174118878,0
116542440,0
77983762,0
130837269,0
61213390,0
108964361,0
146090327,0
57828857,0
135312473,0
147237846,0
62174562,0
33610536,0
113206632,0
119986794,0
44947168,0
162233170,0
192136067,0
121970120,0
131525535,0
81694359,0
121509289,0
44521344,0
56480076,0
61941590,0
152331371,0
97470437,0
85240655,0
89334281,0
37765096,0
157182262,0
102827076,0
177947929,0
108151480,0
99293994,0
118576921,0
178073816,0
88192960,0
151216235,0
181090993,0
86955618,0
40009346,0
72494012,0
75182463,0
67563721,0
97336428,0
184950018,0
106427616,0
64538065,0
196555320,0
43422018,0
185073447,0
44331275,0
66301764,0
137820764,0
73851557,0
188387552,0
177169868,0
133396970,0
192803904,0
76345586,0
149618158,0
75757821,0
94688462,0
77586975,0
73652477,0
104819403,0
36160032,0
42444947,0
161686473,0
94143877,0
91258242,0
194994877,0
177451142,0
129433979,0
117499150,0
61009336,0
178836667,0
97648258,0
77685217,0
104406597,0
61994056,0
108883578,0
126282131,0
135586947,0
68494612,0
73725601,0
179360151,0
164440705,0
73786427,0
166317726,0
78445926,0
165406445,0
154807872,0
155529755,0
161191917,0
112050645,0
119778940,0
110810549,0
120609763,0
135373526,0
141217941,0
65564692,0
68438582,0
152123093,0
31680811,0
144307966,0
138389549,0
36335909,0
69918342,0
167101323,0
123973719,0
159658556,0
90369158,0
74547601,0
214482213,0
104571025,0
83656939,0
38694073,0
81367645,0
205084395,0
32618325,0
79279336,0
111256843,0
79736752,0
150521385,0
62512783,0
44544557,0
109335567,0
34382734,0
41660215,0
110229980,0
177367734,0
118417112,0
122838813,0
179897225,0
86642001,0
121410257,0
110995802,0
92493008,0
119376764,0
178433365,0
146154194,0
166187694,0
127349864,0
136070311,0
38388480,0
195016679,0
110887039,0
103219185,0
134497293,0
112747617,0
121604067,0
42492005,0
105812759,0
36187559,0
165301729,0
165761415,0
94773282,0
72422448,0
106918392,0
39709655,0
74506889,0
126385949,0
154020426,0
124376902,0
77407358,0
78850995,0
53109617,0
57839131,0
44789323,0
82898480,0
33528737,0
113103041,0
123196814,0
133757310,0
59587403,0
175282731,0
122503671,0
86305260,0
122507007,0
176842059,0
104069925,0
194851086,0
132371676,0
44050978,0
149088052,0
40390993,0
41235595,0
115636341,0
126988646,0
175135654,0
166414319,0
179182903,0
92575074,0
67159008,0
140244206,0
72403982,0
165768433,0
76486040,0
89884768,0
174854657,0
162449818,0
212605132,0
175357562,0
159894084,0
56333611,0
169474558,0
73233315,0
75478995,0
87408672,0
165598271,0
119866622,0
44580798,0
152115336,0
107757081,0
113506362,0
72512212,0
164635017,0
93504988,0
60572547,0
160764228,0
58074087,0
199189370,0
111878411,0
75276550,0
174139426,0
113005993,0
123945127,0
62470354,0
111358608,0
185683369,0
96443288,0
195290333,0
212521665,0
116454334,0
114190494,0
152475487,0
139211707,0
114429654,0
67426533,0
33401152,0
41615880,0
101338503,0
128171311,0
77608639,0
32310561,0
115937019,0
145683542,0
214799441,0
94547149,0
83668832,0
135543935,0
128729625,0
59150189,0
115730034,0
121627971,0
31576815,0
45336869,0
103802272,0
86158864,0
40597446,0
92483306,0
45113471,0
85876771,0
62620974,0
214729673,0
214774985,0
31678975,0
214472521,0
136032895,0
167087239,0
89165007,0
184750287,0
81593718,0
114606438,0
116484594,0
151753694,0
83021337,0
173505936,0
127683595,0
145513587,0
138354088,0
68047519,0
42768551,0
114399966,0
40332516,0
87847919,0
162355632,0
43122288,0
76690933,0
165600580,0
179337549,0
91599473,0
117432777,0
140485833,0
150486348,0
80773347,0
40609250,0
71842105,0
156716703,0
150989431,0
31657588,0
56536639,0
66360103,0
129654189,0
115687535,0
74635845,0
129828260,0
132329385,0
163638957,0
85749848,0
42459573,0
135377336,0
58854585,0
177858678,0
152143306,0
103962169,0
65348666,0
92387275,0
101279305,0
107098325,0
31466404,0
184500941,0
38335036,0
124391144,0
104820479,0
107261667,0
164424706,0
69090450,0
62418676,0
104960973,0
150131901,0
116796138,0
88942053,0
157143919,0
32726969,0
112434948,0
156993881,0
149370017,0
71691791,0
133192265,0
65098965,0
79903943,0
82623375,0
92774637,0
43047378,0
163497713,0
204891997,0
152137493,0
31191239,0
66779245,0
45231669,0
102490345,0
138588688,0
143859974,0
151954195,0
31396764,0
111323048,0
149470134,0
178138146,0
137434842,0
92218347,0
39362679,0
36855602,0
135353027,0
66831485,0
87641032,0
134306977,0
60599718,0
68707154,0
38346485,0
99284747,0
156242399,0
116904961,0
90363454,0
175266180,0
153913390,0
63448372,0
98606280,0
61797859,0
142187432,0
58235050,0
88991322,0
108607061,0
163730616,0
83142072,0
34356283,0
100660421,0
88813432,0
148411165,0
33752402,0
193954443,0
37971411,0
142066973,0
188753961,0
173521480,0
100371291,0
117281624,0
147057983,0
92663288,0
154494887,0
141059741,0
60742541,0
156371218,0
38900032,0
78720311,0
113188058,0
59705039,0
62551097,0
119311368,0
178821784,0
130171406,0
145930134,0
43771195,0
194690251,0
131583648,0
194001225,0
63284024,0
157805705,0
65539396,0
96383419,0
97452080,0
90156222,0
35755990,0
66935895,0
177493542,0
166904799,0
137800274,0
130971041,0
64028498,0
69896076,0
119333110,0
138790788,0
87954135,0
120957943,0
176457737,0
96778746,0
75494589,0
119606479,0
83780892,0
64094535,0
87470169,0
129375245,0
32438056,0
174515863,0
175871167,0
94534378,0
155899589,0
144644263,0
36429275,0
112633238,0
178130951,0
91648269,0
45061083,0
66411188,0
183763721,0
189260143,0
135129382,0
131318057,0
116242009,0
83281450,0
74244021,0
117322119,0
173597447,0
118478363,0
162517336,0
86225741,0
74229977,0
103457398,0
174148714,0
37195985,0
87873056,0
80831666,0
149392875,0
106220631,0
129921922,0
135427256,0
84490615,0
152720658,0
55923707,0
138401185,0
43765983,0
80481878,0
36281182,0
104843762,0
57699505,0
64132405,0
31714003,0
193867788,0
122534751,0
105869223,0
110938311,0
124610950,0
82524422,0
176792425,0
92126767,0
116386066,0
83088815,0
36558261,0
120573581,0
33669921,0
193645860,0
161733689,0
207213970,0
94943769,0
80092818,0
115905239,0
78334528,0
125391014,0
130547527,0
89380451,0
100398008,0
103530877,0
112314618,0
149326610,0
140122869,0
83818761,0
176275505,0
204581578,0
96105254,0
72459666,0
155989313,0
59765579,0
32097624,0
74433557,0
70296160,0
66269135,0
78228223,0
63921373,0
130294500,0
73477568,0
144704280,0
185379859,0
61251211,0
38699550,0
81994158,0
145744862,0
66933566,0
134431157,0
134686059,0
196549162,0
60349425,0
82176459,0
177731202,0
94574300,0
133909272,0
57808693,0
41237924,0
88671438,0
180455213,0
42541610,0
61701186,0
96343999,0
58990558,0
31732281,0
45190740,0
57804350,0
112351945,0
179997461,0
34326724,0
158311414,0
118278395,0
146767915,0
79710114,0
82685750,0
110686330,0
102399979,0
45068061,0
60898195,0
205569812,0
57647789,0
127685460,0
152448918,0
75947801,0
154487979,0
140592563,0
102482331,0
144801860,0
139337347,0
213985288,0
121513543,0
119778930,0
214665787,0
67938795,0
127161789,0
207307178,0
178545839,0
78681642,0
193655947,0
214073532,0
126690111,0
63171017,0
181281447,0
80684412,0
97635516,0
117796038,0
122799453,0
67683814,0
108813711,0
36327302,0
147485870,0
40322794,0
167264655,0
153588887,0
81138305,0
31940382,0
64858748,0
75346851,0
76786175,0
80770672,0
112638420,0
79340724,0
146240829,0
76795235,0
149360482,0
111399390,0
31830434,0
58943993,0
105513770,0
79632342,0
58216179,0
177629121,0
38204264,0
162233259,0
88672080,0
103077300,0
91487226,0
142924178,0
107012341,0
117777828,0
173103473,0
61838995,0
139677572,0
131903956,0
132096157,0
90733544,0
107556669,0
112681787,0
131731948,0
185877159,0
90992226,0
38875456,0
135073165,0
43349338,0
132748695,0
125325815,0
92460754,0
32639327,0
125644219,0
87014322,0
98405987,0
145671126,0
40660661,0
100922420,0
134879266,0
97287553,0
163537448,0
84365310,0
90275792,0
115533796,0
121405826,0
83981254,0
88175964,0
159316199,0
194870184,0
70138375,0
69367361,0
129860968,0
109217319,0
121792162,0
81330002,0
139589861,0
142764192,0
108585585,0
86684302,0
196145001,0
44994680,0
147676235,0
188517199,0
42820258,0
33472470,0
74188090,0
161726938,0
61390767,0
38774421,0
76273133,0
185326267,0
166576201,0
76700378,0
176891911,0
62165008,0
144027057,0
178748897,0
76114005,0
126048270,0
77402374,0
63240439,0
164596052,0
82190129,0
78872580,0
145581530,0
78090078,0
132052957,0
152264327,0
40684802,0
211717746,0
92982185,0
61474076,0
172497302,0
38085168,0
78091519,0
110107991,0
79955956,0
119439307,0
89604975,0
135674687,0
105066065,0
99928630,0
214543927,0
91699749,0
138414539,0
153925510,0
213379531,0
213851703,0
122783307,0
137102385,0
61376545,0
92405021,0
43328849,0
120571795,0
124659972,0
148135842,0
96175851,0
76697872,0
122573252,0
160730918,0
92709942,0
76962910,0
158802289,0
151425273,0
101359722,0
119616585,0
89766530,0
78401513,0
94814428,0
86932779,0
181366029,0
78867615,0
33467190,0
150346219,0
90466966,0
59469649,0
102842295,0
115219400,0
114591141,0
122453208,0
89086278,0
40984867,0
112506907,0
59235324,0
183255210,0
40478112,0
103240405,0
62613571,0
175940106,0
78371796,0
75259920,0
123539170,0
194670858,0
130226281,0
37368694,0
157415126,0
128253515,0
136781356,0
159893018,0
118092185,0
124184050,0
86447363,0
83210813,0
180809828,0
145887872,0
72009385,0
64059972,0
32477841,0
124569675,0
39696114,0
150541844,0
62509191,0
76678310,0
118395754,0
96293477,0
136931907,0
66493935,0
80313078,0
130728871,0
107853695,0
82375924,0
41730062,0
44767383,0
98813364,0
108532556,0
40202642,0
119419913,0
179292889,0
84349825,0
158612042,0
82944423,0
144553413,0
56274236,0
162969226,0
62934126,0
59194672,0
73976713,0
79574901,0
31845594,0
205722643,0
93937445,0
56058052,0
165614970,0
92432429,0
89198742,0
113277319,0
42005276,0
205711263,0
75205054,0
145405554,0
101707991,0
127417569,0
159813568,0
41452598,0
113795601,0
53460757,0
41299540,0
105823616,0
119280555,0
176004239,0
90513363,0
39446887,0
84598085,0
83155879,0
85556295,0
37058472,0
94241300,0
35471884,0
107318624,0
39259680,0
196646683,0
131213755,0
83685620,0
135309186,0
71790270,0
97372116,0
80365209,0
88483531,0
178689787,0
112418683,0
39628339,0
164539104,0
92012171,0
157920716,0
87544705,0
148343361,0
178949654,0
36557669,0
56108900,0
98074575,0
36800698,0
124591507,0
162854699,0
74237054,0
85229582,0
102945827,0
69227736,0
134438352,0
106144161,0
105754321,0
106474931,0
113223983,0
194052774,0
77832481,0
134616547,0
43680611,0
147327462,0
57546280,0
73246777,0
59390879,0
158345415,0
39081149,0
89651342,0
103928889,0
56336928,0
133165962,0
90297100,0
118009517,0
76693381,0
198783986,0
116997695,0
32786710,0
32741320,0
116607629,0
97082789,0
119907807,0
155382806,0
32222425,0
69222742,0
67474065,0
106827147,0
177354746,0
164520441,0
40772730,0
75453877,0
145725053,0
78205789,0
167023758,0
99224542,0
149988624,0
178384975,0
148591167,0
33087851,0
136694810,0
79332533,0
133798535,0
176937301,0
153940640,0
123916841,0
136456903,0
108645790,0
119002745,0
62951299,0
94068552,0
108549601,0
122585628,0
100022480,0
214707703,0
45425103,0
59452643,0
77883823,0
184986111,0
135186774,0
37402684,0
33667049,0
103165435,0
164566039,0
99181856,0
199579811,0
103950760,0
177479360,0
97629150,0
66095933,0
174137196,0
73006028,0
194728358,0
85992996,0
96914739,0
129307766,0
77763483,0
61675170,0
145809044,0
180652467,0
162216362,0
146647999,0
143045614,0
194638209,0
156052015,0
148029655,0
90453948,0
120105673,0
134309741,0
168887465,0
106435916,0
91796224,0
139174094,0
33260392,0
130475370,0
96617259,0
114703595,0
154711555,0
107749689,0
111417490,0
185348424,0
35628485,0
141151568,0
40337944,0
111869035,0
145003546,0
109529297,0
149366227,0
61729689,0
117918618,0
91255222,0
79779073,0
116235328,0
60038355,0
135923165,0
44770097,0
116259745,0
65167855,0
33122948,0
176057169,0
97400580,0
180715238,0
159877148,0
155947772,0
174390104,0
42248048,0
140368720,0
111432433,0
132333886,0
102559866,0
214354865,0
87400352,0
56779017,0
178363716,0
90906035,0
117034785,0
133231497,0
118511505,0
96437386,0
136612704,0
75146538,0
129264429,0
95241555,0
40070952,0
196313791,0
115517048,0
119005814,0
106462258,0
162870766,0
36795279,0
45523010,0
43918202,0
93925877,0
55990741,0
152214121,0
61186081,0
85251097,0
81705077,0
87045796,0
112384485,0
33226362,0
86874420,0
87901303,0
95192868,0
87832709,0
80778282,0
59122614,0
154261994,0
79781254,0
34740438,0
38314044,0
139205222,0
83783290,0
129623317,0
142561214,0
76040872,0
32967975,0
115210044,0
85423559,0
119376842,0
181201227,0
90053785,0
104395938,0
145806339,0
92871853,0
31219989,0
143025993,0
67512330,0
66656201,0
77703377,0
117162459,0
184484765,0
80242333,0
151726236,0
167174338,0
33666911,0
52016035,0
61317308,0
108608473,0
77893841,0
84825372,0
179960302,0
57103036,0
84099147,0
76947365,0
177498289,0
117724592,0
66626858,0
185035696,0
129549937,0
34889785,0
59308606,0
158386926,0
31242591,0
127885606,0
41633004,0
171301609,0
100191665,0
127792476,0
64935830,0
122760093,0
32045088,0
162383228,0
181182376,0
144051001,0
56820213,0
83389187,0
71770965,0
38128762,0
200999100,0
112746117,0
31664289,0
88419754,0
87422460,0
117235721,0
151980675,0
41148081,0
96654566,0
214497895,0
138123613,0
64077974,0
96043815,0
160361913,0
116859827,0
75450630,0
82416587,0
212442856,0
133605426,0
79791015,0
44806891,0
88902012,0
88990167,0
33254993,0
98292694,0
62714972,0
125220911,0
94511767,0
117421467,0
96239046,0
94347763,0
163655834,0
78438702,0
194640005,0
113820157,0
39851669,0
77585336,0
140505730,0
103273064,0
99417266,0
41425742,0
113323656,0
166495250,0
85546248,0
165789139,0
132066646,0
156916977,0
35800256,0
132761861,0
129698267,0
78139120,0
77381805,0
159937520,0
128361252,0
39696045,0
64564022,0
81180813,0
154323956,0
112696137,0
82528064,0
39210628,0
167290454,0
40625011,0
156575578,0
77401041,0
166551833,0
43718994,0
81367803,0
66070479,0
98233387,0
87578113,0
132337429,0
157517394,0
195379140,0
95802829,0
42952985,0
84227639,0
116438424,0
134311636,0
64229433,0
63254059,0
129567485,0
93623798,0
80721778,0
214280448,0
82125650,0
72708795,0
192712610,0
125146958,0
61135717,0
130394637,0
60617335,0
90062806,0
130044907,0
74819044,0
133485678,0
60098500,0
55867519,0
114907047,0
106061217,0
206840504,0
76940052,0
124509925,0
96948680,0
91532785,0
192695871,0
90340191,0
117170798,0
179727448,0
133115015,0
127679676,0
82847326,0
161800437,0
132453486,0
120813492,0
174435475,0
40507238,0
107993517,0
150469372,0
86052065,0
147227483,0
75533979,0
63469483,0
80400266,0
118899627,0
93734979,0
90383903,0
132930434,0
180645528,0
112270639,0
84722235,0
102056605,0
138625581,0
190429859,0
88741019,0
108419628,0
73954625,0
73612475,0
90746750,0
68741648,0
88913194,0
156187988,0
130865141,0
97125929,0
192230746,0
103853071,0
130190109,0
62176328,0
57688076,0
109750011,0
93895272,0
43790667,0
199037891,0
82069107,0
164084540,0
116428861,0
85133333,0
136106048,0
121170604,0
63988980,0
62599241,0
35627508,0
98040950,0
132981549,0
140401843,0
125053168,0
39671983,0
93531942,0
73553120,0
139724798,0
103573257,0
128212882,0
92753724,0
79168085,0
83800295,0
209971912,0
80900536,0
176373806,0
193528431,0
44039865,0
100428653,0
33756132,0
101926326,0
71120025,0
85769321,0
135390996,0
126418854,0
70322601,0
143010438,0
41216171,0
79786051,0
42361322,0
69712037,0
41149601,0
76678882,0
162741504,0
81530839,0
113402702,0
95825075,0
90289185,0
145138769,0
62196709,0
214559047,0
156566221,0
164992879,0
130367614,0
91005738,0
44667700,0
213378722,0
93881987,0
77313616,0
77073301,0
63371912,0
157075058,0
44976392,0
140185906,0
173820302,0
153168274,0
85640809,0
56461936,0
112492636,0
176264451,0
164673884,0
39986794,0
124949596,0
200345663,0
214738852,0
151257243,0
82303807,0
64674068,0
123610932,0
138255194,0
38795907,0
175867594,0
116151485,0
102811087,0
62956896,0
108507309,0
80936827,0
129616981,0
142179694,0
145305812,0
112331278,0
113442200,0
139056024,0
82948933,0
83946375,0
106625659,0
79704084,0
123735635,0
212287854,0
56845331,0
41391021,0
68528109,0
122598903,0
38881487,0
106948563,0
77438566,0
31986463,0
87117696,0
188508435,0
63534682,0
116147617,0
102180360,0
152092853,0
108441519,0
91096321,0
155227577,0
161150277,0
133165370,0
88870252,0
35988726,0
72372912,0
84206676,0
102155923,0
214710546,0
79463216,0
86138651,0
39127368,0
62781661,0
73911475,0
134833856,0
136519713,0
144231762,0
116306300,0
138982742,0
60828446,0
151065990,0
124520772,0
178751927,0
163140878,0
123873928,0
147327186,0
63558813,0
184990829,0
93225412,0
73536312,0
33875071,0
110738462,0
33693105,0
76723424,0
64093193,0
99093750,0
36843483,0
175609277,0
156859161,0
148224017,0
145752718,0
34140701,0
133885713,0
166417645,0
39344934,0
41036554,0
38302358,0
65952784,0
122204464,0
130660455,0
65276302,0
146204114,0
147453833,0
38279776,0
154775737,0
123177972,0
139414152,0
40024535,0
196302984,0
214626704,0
132979910,0
174075550,0
198555484,0
44141907,0
146073825,0
165739722,0
31266495,0
178682109,0
61155949,0
44986745,0
117823011,0
178525202,0
88345050,0
164552655,0
35194252,0
110566582,0
111337783,0
84348433,0
59949450,0
45232764,0
160355784,0
120880595,0
34504386,0
84518102,0
86327871,0
175999955,0
96901336,0
99803611,0
31627426,0
37543859,0
125878336,0
123568858,0
76442328,0
60789165,0
92675695,0
105863292,0
90739811,0
91582656,0
89139494,0
165624356,0
166380634,0
44515155,0
214774866,0
57996472,0
145511702,0
107509364,0
119364239,0
143179909,0
107270253,0
128204137,0
178358366,0
106008760,0
68847509,0
127893531,0
39801433,0
178936508,0
93294844,0
39461296,0
139612492,0
44913917,0
100531228,0
45289811,0
165880453,0
106496772,0
179098883,0
100615140,0
120672771,0
37522393,0
33677817,0
153648223,0
39522202,0
38994395,0
123443376,0
83020606,0
56792913,0
122101100,0
97471039,0
129549878,0
77127032,0
162101312,0
142898053,0
31327134,0
110631238,0
67843317,0
156863168,0
31256240,0
78237263,0
62924365,0
142058594,0
132811061,0
179658785,0
179790979,0
85470647,0
88442592,0
130044177,0
44542228,0
135795264,0
63195483,0
214542545,0
214601753,0
115022748,0
101018165,0
99673116,0
45641544,0
106159409,0
124594991,0
136564472,0
41946502,0
142974039,0
165728076,0
147888253,0
84173643,0
79342146,0
98154203,0
113413924,0
109380602,0
114609942,0
132297102,0
214787203,0
120351338,0
88610049,0
214618137,0
37531996,0
193760584,0
129621758,0
120252010,0
142517037,0
137910775,0
119849231,0
189596569,0
174389581,0
35002239,0
144333824,0
153746989,0
203992985,0
136354555,0
98926085,0
85855196,0
38712825,0
108711808,0
78774051,0
78843168,0
106601242,0
75659283,0
63416138,0
37834647,0
40696793,0
40643783,0
87531430,0
114804975,0
73184056,0
140972099,0
179015741,0
31312695,0
129968457,0
74092079,0
160536358,0
59732200,0
103432359,0
72304171,0
75284959,0
85232740,0
161249102,0
161924794,0
40237472,0
121380787,0
60256296,0
192727010,0
37828716,0
140988285,0
134691971,0
40014833,0
214632300,0
85820337,0
84002346,0
101817198,0
81826216,0
109607346,0
134717681,0
74331328,0
110748914,0
91809449,0
115756415,0
67370494,0
111162707,0
126650543,0
125283149,0
103298813,0
42532312,0
136137700,0
149748299,0
119143535,0
160935979,0
214399900,0
45491703,0
32804229,0
84576628,0
40569752,0
38915261,0
41054714,0
196246619,0
81377475,0
114462776,0
132251998,0
36968294,0
66719919,0
89289147,0
53261372,0
160095898,0
121036989,0
195317001,0
97690766,0
60612371,0
166354895,0
68075331,0
114183042,0
67146059,0
118740539,0
123558781,0
57151298,0
129461525,0
165014336,0
110098931,0
102041603,0
138633042,0
60663042,0
84219043,0
81568235,0
66069976,0
146259423,0
138531810,0
38881872,0
89617223,0
114917134,0
67849219,0
161765696,0
65316047,0
153153963,0
133849906,0
166334534,0
156730284,0
99993552,0
40763857,0
174112374,0
84959233,0
69960228,0
135985580,0
84860014,0
40804737,0
144866793,0
125204567,0
64820425,0
58724671,0
138746296,0
74996026,0
116219754,0
77850098,0
193873571,0
146580442,0
67868553,0
62500476,0
76224614,0
163967240,0
43084122,0
154489854,0
175755702,0
107273796,0
89615367,0
112444067,0
193578105,0
58029239,0
195436966,0
165957929,0
106258638,0
71693716,0
121524439,0
144577366,0
137126486,0
93441438,0
39464790,0
125307428,0
182970827,0
44393670,0
87160274,0
151831525,0
74485787,0
167147009,0
64191632,0
81762321,0
111442569,0
105970120,0
174961772,0
90109992,0
144089650,0
163011270,0
64059814,0
178826797,0
99236632,0
124268880,0
112360225,0
142090197,0
134868736,0
213226730,0
39467356,0
75458792,0
122792179,0
31630644,0
173517582,0
152126330,0
119612430,0
87870856,0
113372471,0
77577362,0
193863425,0
137832597,0
131421164,0
205963925,0
136605056,0
109282705,0
160663656,0
55729029,0
91525195,0
198956723,0
59692336,0
109779462,0
102265426,0
151359610,0
83411778,0
85994604,0
147011981,0
40908141,0
63512219,0
36464776,0
107123729,0
123769705,0
163015682,0
122137341,0
108137752,0
45391685,0
164587683,0
78393351,0
61798500,0
149794123,0
119057028,0
124194542,0
89329583,0
60967825,0
74525068,0
118647676,0
125127269,0
35226151,0
163940148,0
152829500,0
158182941,0
109471343,0
108909042,0
67401307,0
69305242,0
135360321,0
128005610,0
174890858,0
112388956,0
214449031,0
126962739,0
89493053,0
157751590,0
39934800,0
74804003,0
131459281,0
97453669,0
74209271,0
101750006,0
85057051,0
115759751,0
208243389,0
61664007,0
109185697,0
111201405,0
37250347,0
45285429,0
166759311,0
40005171,0
74037303,0
185400753,0
138539606,0
36814446,0
72710028,0
40257606,0
150116504,0
106908187,0
138711022,0
62681336,0
198954572,0
138758692,0
174324195,0
37886285,0
123637284,0
93690438,0
85087815,0
56273170,0
111144083,0
123895730,0
87223508,0
176132978,0
68671752,0
121372901,0
178171663,0
128284802,0
165394789,0
74143500,0
149300959,0
102814413,0
128376392,0
214504804,0
93870973,0
160823633,0
137491060,0
82416527,0
214749857,0
96115706,0
89357218,0
33359453,0
152984749,0
78398039,0
101838734,0
72032816,0
84427035,0
97202388,0
176024363,0
127699278,0
179265866,0
45449906,0
41023852,0
154993845,0
154256280,0
84355520,0
65472371,0
163136851,0
120639323,0
85978152,0
185667765,0
176340575,0
135260263,0
115399659,0
67161179,0
69376846,0
129066682,0
90319425,0
63465753,0
91229038,0
62016678,0
155580337,0
80833778,0
84724367,0
98306896,0
40311355,0
122173375,0
133376688,0
41773261,0
176746295,0
152677429,0
70147642,0
116745991,0
64978496,0
130939103,0
64092038,0
131067122,0
38764818,0
42260267,0
69431030,0
36601401,0
79878608,0
87181247,0
38493345,0
72114881,0
79874364,0
106345195,0
79862392,0
160710024,0
72884523,0
126862789,0
31582372,0
190317050,0
42220196,0
174133297,0
153345937,0
125746843,0
84931816,0
92412758,0
86921933,0
82450005,0
76258704,0
96364716,0
62102277,0
38634036,0
175041380,0
114221317,0
142148684,0
198888386,0
135712261,0
145739167,0
193053693,0
76161784,0
31827000,0
45022581,0
160893914,0
144498054,0
151171160,0
55785217,0
112840036,0
56440371,0
133034578,0
78727832,0
89833545,0
214810851,0
193038484,0
117073879,0
102654644,0
162416804,0
165342530,0
83426247,0
74937253,0
99601729,0
113942204,0
64984310,0
56857510,0
86885889,0
95042663,0
91992303,0
83511886,0
63058029,0
36581040,0
129038672,0
75887409,0
90629143,0
38190999,0
60056476,0
142841007,0
72332891,0
74824779,0
204072761,0
113916395,0
130637952,0
78917871,0
109037356,0
115073705,0
133364835,0
150439832,0
91899894,0
195228776,0
85022823,0
134042936,0
87311476,0
161360697,0
84468941,0
78999177,0
118364497,0
56638849,0
120476455,0
123989037,0
155081665,0
85308854,0
142811951,0
145293860,0
146737675,0
117126553,0
76048787,0
214721787,0
110387548,0
122335118,0
173110411,0
156138561,0
214627533,0
109209334,0
91560410,0
141245457,0
126999345,0
62448443,0
38241019,0
133823150,0
87174506,0
138995750,0
33599373,0
112148414,0
130711461,0
41427578,0
116892347,0
90771581,0
83214011,0
41430401,0
62064338,0
128684284,0
113324002,0
86675972,0
146479762,0
161261458,0
114127022,0
178929372,0
163729935,0
59046203,0
112678727,0
108720907,0
33400708,0
85052452,0
153285032,0
138174431,0
100463138,0
81285115,0
110398592,0
92124171,0
142500920,0
42295935,0
151793646,0
196637120,0
167077290,0
184811755,0
44061687,0
56485465,0
118789522,0
41211917,0
152086753,0
33118694,0
96942591,0
65468759,0
97591162,0
166450334,0
56095636,0
113987012,0
207314501,0
133739090,0
85318803,0
175560511,0
62444189,0
73510483,0
177596719,0
142641197,0
135708116,0
33132965,0
38423123,0
32028271,0
96850162,0
87580541,0
143008711,0
175476738,0
185578919,0
34472281,0
31642142,0
160892473,0
146576149,0
105073033,0
160779644,0
140508632,0
178385666,0
103642246,0
167033588,0
163034710,0
142143522,0
143164651,0
156860039,0
38705077,0
198925812,0
129250809,0
111280747,0
31473599,0
121152404,0
37391650,0
74843580,0
150359681,0
37286203,0
62199749,0
69178704,0
123679556,0
151419726,0
89130918,0
117095661,0
174792024,0
194274149,0
79532205,0
116063863,0
44297787,0
162061104,0
73787375,0
34928039,0
107326855,0
156846390,0
115351899,0
204722743,0
177990822,0
67020369,0
159192227,0
94601402,0
94963844,0
58843837,0
87972720,0
164332376,0
132965116,0
109320594,0
153734691,0
99889141,0
200695363,0
112352823,0
106865382,0
43185888,0
75794921,0
141592245,0
92036608,0
167103593,0
208408547,0
138014386,0
35480234,0
153393479,0
82957628,0
77806386,0
108424188,0
40185449,0
63816400,0
60203345,0
82662823,0
80760220,0
71392772,0
73854725,0
94452361,0
80351342,0
155886798,0
203776426,0
76079659,0
177698998,0
113971813,0
60880735,0
141093801,0
199580127,0
136450359,0
149192196,0
58165390,0
76543758,0
90775421,0
32539802,0
60653577,0
159502497,0
56374452,0
113277891,0
82476821,0
166468395,0
143169724,0
80041989,0
80368288,0
101889128,0
138768177,0
66059682,0
160286647,0
81367497,0
142660255,0
185626017,0
38807287,0
125835353,0
42870909,0
176307453,0
81898038,0
43738427,0
161783689,0
134991592,0
193856852,0
104184620,0
112128674,0
139413807,0
39073628,0
115805339,0
39354024,0
106066931,0
130289654,0
74356219,0
131257990,0
131736854,0
212959757,0
98961053,0
112896707,0
77879056,0
93934296,0
39957155,0
91423410,0
129164736,0
195459538,0
177806034,0
186930285,0
102675735,0
72883566,0
44625053,0
153912946,0
146607485,0
129998866,0
56412924,0
125904263,0
40606506,0
146460862,0
77605184,0
59622272,0
32434642,0
75226580,0
119616052,0
64672549,0
31425011,0
86511189,0
138165085,0
139306406,0
39311910,0
152206886,0
106558822,0
95892662,0
88637645,0
35155849,0
76049685,0
77065633,0
93348170,0
77189506,0
103377405,0
147853118,0
86596068,0
55963590,0
57032133,0
84232169,0
31543880,0
70580938,0
173453430,0
141401624,0
98052181,0
120140177,0
65058647,0
176200002,0
31189640,0
77197609,0
34547615,0
192142482,0
91925930,0
104241834,0
63110062,0
39117272,0
83173240,0
141435082,0
59394501,0
66275895,0
79045771,0
37741320,0
173699864,0
151348645,0
157500557,0
105870161,0
175210278,0
134101660,0
88607325,0
131811043,0
128366334,0
92695305,0
70977311,0
136304447,0
36789851,0
128383823,0
137776429,0
140649550,0
134167954,0
33862082,0
121850195,0
154926732,0
83208395,0
106322751,0
107377427,0
115899475,0
73244606,0
83499855,0
60257677,0
88604335,0
67921642,0
77154943,0
176569520,0
143226464,0
173675713,0
118571601,0
139044101,0
36224244,0
78950895,0
147976675,0
120454149,0
115740545,0
34226300,0
80043707,0
143113556,0
106740463,0
199070855,0
89252136,0
93294815,0
43237042,0
63194822,0
92519321,0
141956651,0
106069813,0
161122573,0
93791858,0
174514560,0
138628887,0
139375187,0
113049686,0
36015531,0
120405314,0
32108579,0
106672599,0
120757906,0
85446022,0
72405571,0
67167614,0
32823445,0
87962801,0
77960302,0
83071494,0
43906833,0
144924579,0
159451126,0
39937297,0
79314007,0
39409185,0
58642112,0
194912604,0
86999488,0
175504037,0
99781365,0
38250247,0
177537274,0
97089342,0
118246181,0
106362743,0
125809120,0
146146969,0
151436860,0
87866681,0
103114528,0
65840330,0
155496307,0
96811059,0
38730403,0
81831516,0
76231207,0
196112333,0
77780686,0
123966228,0
70904789,0
35450398,0
151395476,0
101483063,0
95416040,0
104216706,0
122698270,0
101638795,0
173584814,0
132465526,0
156819228,0
185892723,0
121518023,0
43687994,0
34837841,0
32693620,0
114062367,0
72762762,0
152143948,0
63745783,0
76051185,0
157070607,0
214394630,0
123759193,0
42832901,0
164673568,0
147165640,0
160705859,0
44262740,0
119160481,0
137476028,0
78391456,0
77938323,0
117894152,0
34496076,0
35244883,0
120243601,0
56141598,0
115867448,0
66883823,0
40367484,0
74172082,0
64583663,0
85707389,0
162675348,0
144507421,0
86044239,0
145411457,0
37658149,0
161882868,0
110753602,0
212467876,0
154948327,0
78506111,0
91580228,0
145309582,0
80107563,0
95687444,0
144941969,0
125259423,0
121634011,0
149877818,0
40703909,0
149308341,0
39333978,0
91884182,0
130548988,0
39932017,0
65817215,0
115521726,0
73672325,0
35803601,0
160156596,0
102757850,0
88713266,0
208598261,0
108546413,0
36150636,0
166327062,0
138570005,0
73756029,0
116602062,0
111703117,0
74236284,0
156569537,0
89809275,0
61805725,0
91557449,0
136091915,0
97420151,0
107232245,0
36668958,0
160959241,0
136930683,0
124569577,0
69128971,0
159618228,0
81358239,0
59729328,0
77424985,0
105124433,0
90888753,0
80445311,0
94626757,0
144250347,0
97766673,0
109558087,0
76196762,0
149662581,0
38638280,0
176512671,0
59867927,0
178149940,0
163208336,0
74292432,0
36101486,0
159781018,0
94154586,0
132268134,0
95323038,0
179275845,0
99890040,0
103425401,0
87546442,0
176279847,0
83812790,0
108013829,0
90011573,0
33761501,0
87139409,0
155203693,0
84573381,0
125517404,0
32014305,0
111782113,0
145810968,0
32978003,0
165310868,0
105189543,0
136530560,0
33907078,0
66090722,0
105060242,0
116789417,0
90240834,0
162515362,0
34884396,0
65006398,0
73657441,0
131056759,0
64593602,0
139490207,0
39893082,0
195325035,0
80807417,0
92303393,0
112320263,0
175662997,0
76221969,0
60542682,0
134274378,0
154185130,0
39485092,0
80044832,0
119156267,0
124474651,0
82981108,0
180475386,0
88105900,0
66800988,0
70295341,0
57808653,0
140077281,0
148189720,0
147458314,0
77412579,0
130588535,0
106088427,0
63153528,0
43606520,0
34938254,0
92664976,0
119262483,0
79666856,0
166267302,0
136429386,0
59385086,0
102490868,0
160418041,0
127178083,0
73996423,0
76070214,0
33502681,0
56201270,0
100042624,0
64800163,0
88822404,0
62949355,0
81345557,0
127114632,0
65475757,0
101525176,0
75589554,0
145588369,0
62613463,0
175844736,0
154619600,0
67273791,0
140775082,0
147999010,0
57989455,0
69450384,0
107374644,0
140711512,0
195243571,0
31255165,0
96771274,0
146943663,0
176325297,0
153135310,0
134683779,0
140487205,0
113305615,0
98163688,0
62952504,0
41800620,0
144123049,0
108320320,0
84222132,0
98105191,0
80074026,0
103526949,0
151277337,0
155540641,0
123547638,0
44572725,0
156296929,0
111680881,0
57693584,0
140636206,0
84029043,0
142812128,0
63690039,0
73686290,0
179012010,0
142499420,0
102965280,0
122727405,0
99051765,0
133371240,0
92285964,0
33242528,0
45097600,0
69822982,0
126695943,0
138316751,0
32068617,0
115527460,0
192427753,0
160675105,0
71215316,0
60132600,0
164696554,0
153515092,0
92811076,0
192429717,0
68344545,0
159307563,0
139977647,0
141491615,0
113770207,0
154240252,0
96627918,0
132432138,0
63083483,0
70069969,0
124202378,0
78115877,0
103308051,0
139209674,0
93293433,0
134396860,0
80103220,0
79614103,0
66626464,0
136656585,0
35885085,0
161530050,0
85374112,0
152317801,0
88878197,0
140826897,0
178748275,0
164454571,0
109393620,0
55845303,0
118531945,0
121786536,0
115366990,0
43015361,0
213919290,0
73845546,0
89161277,0
82699449,0
72681939,0
114009722,0
45445681,0
195943484,0
150040528,0
101570991,0
111149758,0
139840628,0
156881081,0
59561791,0
151533592,0
59605977,0
108143210,0
159994586,0
104959019,0
160184033,0
200714885,0
56680429,0
174453290,0
159387309,0
109538397,0
131850670,0
76353866,0
111607411,0
145758018,0
166468721,0
75855057,0
83142456,0
100769638,0
98695127,0
174939802,0
115395237,0
75494629,0
138579263,0
42043353,0
119333239,0
67582394,0
35675701,0
98104431,0
58917800,0
71938610,0
121756414,0
95081509,0
41984007,0
110802575,0
87152042,0
141256403,0
57173919,0
119992755,0
59783660,0
92966512,0
116385958,0
164962432,0
164006817,0
63979436,0
38998866,0
103424118,0
198718165,0
80746590,0
45071900,0
97883697,0
85538224,0
154290883,0
44608719,0
114647654,0
64208322,0
42622452,0
101573202,0
159344071,0
63366642,0
34239180,0
124177112,0
55835118,0
80682734,0
162941571,0
167133843,0
64458052,0
107164441,0
166274368,0
131806227,0
109993158,0
105625908,0
129459916,0
128783602,0
101469443,0
185097608,0
106456791,0
37886265,0
204996339,0
33237771,0
112332492,0
151405721,0
104135381,0
39887476,0
61615922,0
45192546,0
81417546,0
75792335,0
135162899,0
74865155,0
127514992,0
93640231,0
39617108,0
106868314,0
185505262,0
58916635,0
56131827,0
75869417,0
93331105,0
143335267,0
175244131,0
37168528,0
85927136,0
203859518,0
60512441,0
117869576,0
133981044,0
111242068,0
150104345,0
104004431,0
138850529,0
157104667,0
140770137,0
147688651,0
84939830,0
100184104,0
68561784,0
162522468,0
157016759,0
132343084,0
93212887,0
80812125,0
114521106,0
145083717,0
213639506,0
76001413,0
108025544,0
143986957,0
126111614,0
143661191,0
100174916,0
159671574,0
135483642,0
149782290,0
32898503,0
66242556,0
43130934,0
85420341,0
135201470,0
112016684,0
65947484,0
185874711,0
178822247,0
134128071,0
134640491,0
175312685,0
90083779,0
105732993,0
151023304,0
40355779,0
86013327,0
213729487,0
213078074,0
56390026,0
73052109,0
145186351,0
32481976,0
74206211,0
34194767,0
37054732,0
144345796,0
83194005,0
66590844,0
33415996,0
77896486,0
113721609,0
133183994,0
210402168,0
123730917,0
124695237,0
44489317,0
66444152,0
83723559,0
194634172,0
103287197,0
140376192,0
210445485,0
77962513,0
129975800,0
146630738,0
33660091,0
161890754,0
103206611,0
136685878,0
35423503,0
35791659,0
75001504,0
83438614,0
82629089,0
135225956,0
41865009,0
135956129,0
125150521,0
128257631,0
81907325,0
121936100,0
90549190,0
124790034,0
72117428,0
116201268,0
35048488,0
38580839,0
43923019,0
145288373,0
60970628,0
117898938,0
76290642,0
36843927,0
93671469,0
64819191,0
96302014,0
198719912,0
62284183,0
177899104,0
157175196,0
82427759,0
140561336,0
63243756,0
108178632,0
63935625,0
86435322,0
75713369,0
140013395,0
193903042,0
89634623,0
176498054,0
109978137,0
41109806,0
187035860,0
162871161,0
135697358,0
85026406,0
84399281,0
115994144,0
76362808,0
41958780,0
147171345,0
196352066,0
195431923,0
129546236,0
138083947,0
179983673,0
113319718,0
108804611,0
174499943,0
60648148,0
86465069,0
159389698,0
110947302,0
93415550,0
72303667,0
157081296,0
159554392,0
95110960,0
126055534,0
184526119,0
94271047,0
62007341,0
146632238,0
76979037,0
35481161,0
185837483,0
71670463,0
44472193,0
79713549,0
43011304,0
140444943,0
163608697,0
154695211,0
115085213,0
131407169,0
145872081,0
55712774,0
198908234,0
162337512,0
73965837,0
145798286,0
96018233,0
31682025,0
35854074,0
176410402,0
84978657,0
198925901,0
83086368,0
129012389,0
195477708,0
147109917,0
62259154,0
118532754,0
160033847,0
126853679,0
64378276,0
178303570,0
143454245,0
127953588,0
127320502,0
118103190,0
112753095,0
32104266,0
71517741,0
108937930,0
208176059,0
56019018,0
137731651,0
177098116,0
33767443,0
203784075,0
195351130,0
75688892,0
123656954,0
37153151,0
127684503,0
160842257,0
156848314,0
78536529,0
126355580,0
40861616,0
93923203,0
102407006,0
62228825,0
75743510,0
101885417,0
78188695,0
74520439,0
131776845,0
69683495,0
158630962,0
88824170,0
150988928,0
59606007,0
185416584,0
42617764,0
31784393,0
151342852,0
69429155,0
165995710,0
129069790,0
92780194,0
73481752,0
83144144,0
85941772,0
150525017,0
162683293,0
88892290,0
123258745,0
87732415,0
86701100,0
44059269,0
67050857,0
152726323,0
184501089,0
81643905,0
131007707,0
129047910,0
92329893,0
128139669,0
41054260,0
80615838,0
76851571,0
79075430,0
45323456,0
139124459,0
73214109,0
68364234,0
152104765,0
31981874,0
146086261,0
36146383,0
211935045,0
95837699,0
130910590,0
111754903,0
116214848,0
33628459,0
157369212,0
91266197,0
90115657,0
88620442,0
152395563,0
115644602,0
123616282,0
80490296,0
37429234,0
137267276,0
130535940,0
37909301,0
51461432,0
38660674,0
90841202,0
74611605,0
143528366,0
64546208,0
32718215,0
161922534,0
155481078,0
115415460,0
69122151,0
88118326,0
89926013,0
56381420,0
87228334,0
88283849,0
43020414,0
164484753,0
114925434,0
205068081,0
34360093,0
112579222,0
84116113,0
64649977,0
150235196,0
116700502,0
59449929,0
37097911,0
112592674,0
182739987,0
205135165,0
34193760,0
119650517,0
113068596,0
152406282,0
199099981,0
178583788,0
112973641,0
115825029,0
57659997,0
80436902,0
61008774,0
117664999,0
141311366,0
146552462,0
63916300,0
136942112,0
124350353,0
174155326,0
133646089,0
140473822,0
115983406,0
99523078,0
151790685,0
192283904,0
139499939,0
60367013,0
119698789,0
127496319,0
42469542,0
59947525,0
167277525,0
179918553,0
138740710,0
129414674,0
76521640,0
35299738,0
125422755,0
31501421,0
117485757,0
36732262,0
122485472,0
58505586,0
96129484,0
41385237,0
80824304,0
77431509,0
34879352,0
153002179,0
127985565,0
92867392,0
113053999,0
214477426,0
123360570,0
177664721,0
34273892,0
103195025,0
213856184,0
83638621,0
112989600,0
158745272,0
56164920,0
39312078,0
160343240,0
77064192,0
134528826,0
67816363,0
124518807,0
87833479,0
135940871,0
56243690,0
155984033,0
114352385,0
96986155,0
35327452,0
56462045,0
100155265,0
60510497,0
74132692,0
110273771,0
95871966,0
63052088,0
112276126,0
137572050,0
31729537,0
114582139,0
153208769,0
126847659,0
39433948,0
154583803,0
153618476,0
63377627,0
141557791,0
78013352,0
150884014,0
132375831,0
194047405,0
86124607,0
87850080,0
60383742,0
118667208,0
59415188,0
174981116,0
112146331,0
149571011,0
33792630,0
44667572,0
72504277,0
73794303,0
65512817,0
93974860,0
60104215,0
101667703,0
140388558,0
81974122,0
82017065,0
82570217,0
115112344,0
146185609,0
80898454,0
149253062,0
111186719,0
162834476,0
60824331,0
82239536,0
151149111,0
109530827,0
92749934,0
61164348,0
103819425,0
174258720,0
165957732,0
121151397,0
62945664,0
44155833,0
154512998,0
156844189,0
57739369,0
36749327,0
90787175,0
31638984,0
131696931,0
158313990,0
144298609,0
193146379,0
118452515,0
74483310,0
194977960,0
90163081,0
85007989,0
78586450,0
161969750,0
80490741,0
43637906,0
176504549,0
140632930,0
152308810,0
100276306,0
87629583,0
136913964,0
38231702,0
83499746,0
76067174,0
88006928,0
32607251,0
104169579,0
41988418,0
105268559,0
112213346,0
127553316,0
56824180,0
165631571,0
112373589,0
133006736,0
101604873,0
177183597,0
45615231,0
94764774,0
166250721,0
120816048,0
84352776,0
93587922,0
65713851,0
102742395,0
78843671,0
42293350,0
60670543,0
112224992,0
158268985,0
89772511,0
79128123,0
110974977,0
174054538,0
75370735,0
149181902,0
99090503,0
114777242,0
141925562,0
112905639,0
112695782,0
59337958,0
156662045,0
193191927,0
137612930,0
166986450,0
133802996,0
45383355,0
109615873,0
128548172,0
42030532,0
34433789,0
159458242,0
196154526,0
137252985,0
38749728,0
35154754,0
35876824,0
90722648,0
133561576,0
33961558,0
196127246,0
153507167,0
34840950,0
143265360,0
32944515,0
97802076,0
66116659,0
136897107,0
47316702,0
74210909,0
205178078,0
193616054,0
37890371,0
45424728,0
106718967,0
89647838,0
68350318,0
204260165,0
109534133,0
177131357,0
83300775,0
85320520,0
113605878,0
144660419,0
38435163,0
122872755,0
160966249,0
43981309,0
176617605,0
93105703,0
117263454,0
61509113,0
81382065,0
111518516,0
44228009,0
140520140,0
174066431,0
94823468,0
143212617,0
64747508,0
77894275,0
68052345,0
57966735,0
119087564,0
76951422,0
213150290,0
79311205,0
81942273,0
57794579,0
71489198,0
76157659,0
130818793,0
55925099,0
117559602,0
98694998,0
125623986,0
147134995,0
156031081,0
155462128,0
143158650,0
75324062,0
39939311,0
159764170,0
75870384,0
87955023,0
112747429,0
34902131,0
41941232,0
92199180,0
194047158,0
62771278,0
150561821,0
136638711,0
99293481,0
159406762,0
91318693,0
154499931,0
127641096,0
177878970,0
105087245,0
153596842,0
213060013,0
97072218,0
92916118,0
124755668,0
61928562,0
177260096,0
150542062,0
55895549,0
192061690,0
125507544,0
203829001,0
116913715,0
116900825,0
124378511,0
95817545,0
97383387,0
85555338,0
76262484,0
115400991,0
115645797,0
97941730,0
36930621,0
181304660,0
44630245,0
108668875,0
175935507,0
39691130,0
175592725,0
194065654,0
95451669,0
77934533,0
86427831,0
76849923,0
67680350,0
76305426,0
108107067,0
107390297,0
111458459,0
161167973,0
153024642,0
93250806,0
86025921,0
97751217,0
67244597,0
64984092,0
180822234,0
102167362,0
75096814,0
153190757,0
173510367,0
77934128,0
32198511,0
134281889,0
124590994,0
142188527,0
166172544,0
94928432,0
98616979,0
77933783,0
89360899,0
144320431,0
77949910,0
123711888,0
118813130,0
147309628,0
35384597,0
108635091,0
33418434,0
161504033,0
212968304,0
134565768,0
207996876,0
108700349,0
123297326,0
90375268,0
91602010,0
207996619,0
130158882,0
159358490,0
34603408,0
165881183,0
99123161,0
96024293,0
64529074,0
143609790,0
85987755,0
90261441,0
198763042,0
204513883,0
110837335,0
113929867,0
111607500,0
124333160,0
59627858,0
116762108,0
116399745,0
68096077,0
75508416,0
43775024,0
103014282,0
130062554,0
42866596,0
55746666,0
84298039,0
180828274,0
156161212,0
198598388,0
80650283,0
56931285,0
74987045,0
55865141,0
83738620,0
121804508,0
38598318,0
59701584,0
35397526,0
39136596,0
81231119,0
214363718,0
175161947,0
145082345,0
127436381,0
164744205,0
124707070,0
41937017,0
165774759,0
199378007,0
109446491,0
193926532,0
166914856,0
39807690,0
42520666,0
95031579,0
163908397,0
80053182,0
92657791,0
81383515,0
180979832,0
147387687,0
79859471,0
96590216,0
98024033,0
126398296,0
62971305,0
43911303,0
91377299,0
56052298,0
161075031,0
174310230,0
35806513,0
181161975,0
86016327,0
82320358,0
63856836,0
77386563,0
62998101,0
192093795,0
173770885,0
79496112,0
91958214,0
42977451,0
140262859,0
130775080,0
169396904,0
134824747,0
185683961,0
160786237,0
82993722,0
141194777,0
90462021,0
38963878,0
57117396,0
138131696,0
125266904,0
66423683,0
40959522,0
163958397,0
87993989,0
152770766,0
150611297,0
112565878,0
93837327,0
74956084,0
87769129,0
31263189,0
83968611,0
60664808,0
35902189,0
39114321,0
110451700,0
210450835,0
90563580,0
120375903,0
112493001,0
160028301,0
180144281,0
108539899,0
92194660,0
82139932,0
67175164,0
140713673,0
104516653,0
78708606,0
158204309,0
163083387,0
75243023,0
86554951,0
72595087,0
127230343,0
130400272,0
176828005,0
60283871,0
62259144,0
64011246,0
109790960,0
174590744,0
34360162,0
42355015,0
92000851,0
42306683,0
98625714,0
125266154,0
166643038,0
94143828,0
150356947,0
133494571,0
103097898,0
151895836,0
165537366,0
32102727,0
40483235,0
60830361,0
99833033,0
124797782,0
73533627,0
94732846,0
32857900,0
69046639,0
141634329,0
117283776,0
111682193,0
107940449,0
136168839,0
132618653,0
94779026,0
150988296,0
150032168,0
131935193,0
166641152,0
178558581,0
103127586,0
84859116,0
35533391,0
88467295,0
120875404,0
123571197,0
91633237,0
93111566,0
37165390,0
75017226,0
62199808,0
102478797,0
199094128,0
43558218,0
88819611,0
40115493,0
40815603,0
101730740,0
32423992,0
175950410,0
166057030,0
136339869,0
114972285,0
204000259,0
154359605,0
109063205,0
93042498,0
150502563,0
109169787,0
143535265,0
42680574,0
36439194,0
109148893,0
104420326,0
175705910,0
167101885,0
81181860,0
39390255,0
83746200,0
132852978,0
158687091,0
42778075,0
144237280,0
126641059,0
213861859,0
162320556,0
62887265,0
64498241,0
149458113,0
92062111,0
84830652,0
44811500,0
164824178,0
128530170,0
104208159,0
155647430,0
75253050,0
77174159,0
143921403,0
78064812,0
85724434,0
121135606,0
41211838,0
36527823,0
122892474,0
81989904,0
43732219,0
103822643,0
40487548,0
59111816,0
58519492,0
125805379,0
66215128,0
81388815,0
209837843,0
130604090,0
84969774,0
97858816,0
74946678,0
146604919,0
103395822,0
33252042,0
73035232,0
144067986,0
97178326,0
42278338,0
136603624,0
133465061,0
80142630,0
66804590,0
34886557,0
57530992,0
115822403,0
59694597,0
116810933,0
131139002,0
203997673,0
76557338,0
192442765,0
44180744,0
144263286,0
33754366,0
117338236,0
174077712,0
148409822,0
150295845,0
154211363,0
154479807,0
67704748,0
99603791,0
39227101,0
155334850,0
153851379,0
152949120,0
112498913,0
33560033,0
37906982,0
34574411,0
163737002,0
196135556,0
106951761,0
87598188,0
89342808,0
58335246,0
145832277,0
87409846,0
174538356,0
86114490,0
99192979,0
162240888,0
70093774,0
174047609,0
33068783,0
45270535,0
174079202,0
37368743,0
137497978,0
143554135,0
32079227,0
106602140,0
34776403,0
104028947,0
177848660,0
154375919,0
87047148,0
126020300,0
108955903,0
69090825,0
163159709,0
43788417,0
156259671,0
107072634,0
106083532,0
138587316,0
214571542,0
214238591,0
60673494,0
112796975,0
139025635,0
65181751,0
127320038,0
178383859,0
133383202,0
34196376,0
91421238,0
62775522,0
132995682,0
61091570,0
62674043,0
159719007,0
73626204,0
194964617,0
94055288,0
93723452,0
181373362,0
91137013,0
42367470,0
78044007,0
156873403,0
78404642,0
116508104,0
85993627,0
77907678,0
77962553,0
95653433,0
181822686,0
142985607,0
114735651,0
185162609,0
131249157,0
59634984,0
80470103,0
175966932,0
93874703,0
93735216,0
122849137,0
38268476,0
69947487,0
109064972,0
164438395,0
123809528,0
32213276,0
112838615,0
118307185,0
101094487,0
163566860,0
78619750,0
89463987,0
67181974,0
114889055,0
80528591,0
79234508,0
84647551,0
127867732,0
125160342,0
154825776,0
93356628,0
181356041,0
106704518,0
154188426,0
44590401,0
36148751,0
65961469,0
150355556,0
176470646,0
84633161,0
97417506,0
110313180,0
117457649,0
63481268,0
116569601,0
95212045,0
139755117,0
93630233,0
41026448,0
129855895,0
85417568,0
149143776,0
79028065,0
74300999,0
36836219,0
34736223,0
67631712,0
35820074,0
94071415,0
100150419,0
102804622,0
98727598,0
31983976,0
154959213,0
64543563,0
140856190,0
115631308,0
165773318,0
165974451,0
177411733,0
76487294,0
41404809,0
144768896,0
98983171,0
37613361,0
154852937,0
61443984,0
61161891,0
76321701,0
40501523,0
175592676,0
78214208,0
59096568,0
174229111,0
35639223,0
133586220,0
122970592,0
159328664,0
38966425,0
62510178,0
39784684,0
87843536,0
99508925,0
75563045,0
68573737,0
82407161,0
161785445,0
71047602,0
41110093,0
137240500,0
33994325,0
149219870,0
162757266,0
113325709,0
104207192,0
110611420,0
131370632,0
143692201,0
193943409,0
32721265,0
151023856,0
144828064,0
96687570,0
103517938,0
142077731,0
119851995,0
93557514,0
138022153,0
145662500,0
159739743,0
33548861,0
195322824,0
61940326,0
37293221,0
164055908,0
83987531,0
147129735,0
44605354,0
211515044,0
125154716,0
122437752,0
99040898,0
67049465,0
73922845,0
39366459,0
133524219,0
140341776,0
196607195,0
163773648,0
142301357,0
98808775,0
127673261,0
37423993,0
194054521,0
155487997,0
128194169,0
108196604,0
60463962,0
112911137,0
56914428,0
78494238,0
32821145,0
107265575,0
94928718,0
57229426,0
116495066,0
175358510,0
33493857,0
79624258,0
84831087,0
112091012,0
83844402,0
142395779,0
74606098,0
87134376,0
120900808,0
158350093,0
102795256,0
156566014,0
81442565,0
157419518,0
41436313,0
76889016,0
43559403,0
96544915,0
82073292,0
124624195,0
58599248,0
183903475,0
40220081,0
37129691,0
144733632,0
44926224,0
198551092,0
78141410,0
144991090,0
137696170,0
180843621,0
192511645,0
140011382,0
72254497,0
137674812,0
189670255,0
83372102,0
145193309,0
116849266,0
162199031,0
106006835,0
105548274,0
195419753,0
125748925,0
85714702,0
103836263,0
71801521,0
32022635,0
145708068,0
114318986,0
140689522,0
143628720,0
37780838,0
75897457,0
78045714,0
64914245,0
154501688,0
63195197,0
95890067,0
85688459,0
69095148,0
76040122,0
92465571,0
61507860,0
90702099,0
91613242,0
103475835,0
86958302,0
121551965,0
94785086,0
61482525,0
87901096,0
32083402,0
106242719,0
104805241,0
147451681,0
84349292,0
121407810,0
184322598,0
119350412,0
130362304,0
159805938,0
152739026,0
128871944,0
132684237,0
40212126,0
94169745,0
65346534,0
61356490,0
83983416,0
116829883,0
64659264,0
175415635,0
42699592,0
125878572,0
176650727,0
154774572,0
132621664,0
152480866,0
131327226,0
83933219,0
32588677,0
134532123,0
100690948,0
63103143,0
118844456,0
40550555,0
44377287,0
123993034,0
39140120,0
173517750,0
149430882,0
66437984,0
35102988,0
144570162,0
193592218,0
36872252,0
69573083,0
116147320,0
90708080,0
96693344,0
33033588,0
92749835,0
102650489,0
56063036,0
104145527,0
162157303,0
145652403,0
139669262,0
156225779,0
75702463,0
123915735,0
80015253,0
83457800,0
150276737,0
137930958,0
180173712,0
41580142,0
101582173,0
112371319,0
195034898,0
178327208,0
35840405,0
60569389,0
74668760,0
86594587,0
38098482,0
82190642,0
112423035,0
86780037,0
126181263,0
204127873,0
63232465,0
141665675,0
68805277,0
138435462,0
71254676,0
84552053,0
128148384,0
99255769,0
154221786,0
38806369,0
117674504,0
152823687,0
87734231,0
153164287,0
136876894,0
38212387,0
204368000,0
78626550,0
40969737,0
102493454,0
135620039,0
138363365,0
141276596,0
165976780,0
208401214,0
38629269,0
85272070,0
156741130,0
84598292,0
185449035,0
176199262,0
157534015,0
116418705,0
45070686,0
119680520,0
83757757,0
120482820,0
135948895,0
118466559,0
73446854,0
113553480,0
180129960,0
115512873,0
139960751,0
91586860,0
140370951,0
143207919,0
115883842,0
130506331,0
64837460,0
83495245,0
84482838,0
138530763,0
117314520,0
35404030,0
104182814,0
90046600,0
34770056,0
119385824,0
214286311,0
67945329,0
31236837,0
66902487,0
128267994,0
79050963,0
74863369,0
83185143,0
63667635,0
59400680,0
194794336,0
166981693,0
76083380,0
81398695,0
139948621,0
35497209,0
195607493,0
123172436,0
82177032,0
162704651,0
142406044,0
71072829,0
166526418,0
139857248,0
106355025,0
115569169,0
175664912,0
100367975,0
88037336,0
134139471,0
195088105,0
111527872,0
105270079,0
106055769,0
61612290,0
165449043,0
73903086,0
160381840,0
134607349,0
143529382,0
129447066,0
104897452,0
73861456,0
116592193,0
84176367,0
143780899,0
67243225,0
86793460,0
120933713,0
42469236,0
180515378,0
146576820,0
173306451,0
129991651,0
56324758,0
89697502,0
74451806,0
83363703,0
79307957,0
97827569,0
108799696,0
95046216,0
31354275,0
114257686,0
78642776,0
60015201,0
71674815,0
135802834,0
67434064,0
83741512,0
89601066,0
74262566,0
139199636,0
33380367,0
73227008,0
107604616,0
56218078,0
116925637,0
76232964,0
79810577,0
73705230,0
94116667,0
125803001,0
152372113,0
174077011,0
161882306,0
140700576,0
56438516,0
195179547,0
83801608,0
124796706,0
166119277,0
73761931,0
212742971,0
204616625,0
62305314,0
77309205,0
76536010,0
162289062,0
74748062,0
66653783,0
101959429,0
39602432,0
84767230,0
62709287,0
128733119,0
125717540,0
164503278,0
40524983,0
131197164,0
123174331,0
155237832,0
146662320,0
107803745,0
107226452,0
123516549,0
73622542,0
73581603,0
121775067,0
81098175,0
198917235,0
137835766,0
31248088,0
78084808,0
156790074,0
119653270,0
83557148,0
42021195,0
92389091,0
68935763,0
65589790,0
94627616,0
193287425,0
110975490,0
144582824,0
31332444,0
132539766,0
191164691,0
92170776,0
43542111,0
45377453,0
144526419,0
132935862,0
81449494,0
81181277,0
167002311,0
131122056,0
60636818,0
108357587,0
161861965,0
128804703,0
73822747,0
38917343,0
130800889,0
36517726,0
111646564,0
177249348,0
79224707,0
108516636,0
100227166,0
151069138,0
121151980,0
95343103,0
62489560,0
76155211,0
113946636,0
89911564,0
32279580,0
66684556,0
127768138,0
85930531,0
119758490,0
135089864,0
60390088,0
92270784,0
92705313,0
77901026,0
35346501,0
110141351,0
156956150,0
76513458,0
40665161,0
31355657,0
204912862,0
34806436,0
94457671,0
35827496,0
115073537,0
91795711,0
137470038,0
61648749,0
134104424,0
34335478,0
97519489,0
33528352,0
35638305,0
63733436,0
33074064,0
59727709,0
158801529,0
40928137,0
66068920,0
89199324,0
113725458,0
111734157,0
73288772,0
110230108,0
205746942,0
127061257,0
139247070,0
104889596,0
155899559,0
34171682,0
77963925,0
175474004,0
83551019,0
95778402,0
143145632,0
44081485,0
120674676,0
92681991,0
74730603,0
92710584,0
68896917,0
63716006,0
129544459,0
82248339,0
194977615,0
149519580,0
153466238,0
71923638,0
174621941,0
63490002,0
195030131,0
39171801,0
103293602,0
132839851,0
109642324,0
140967263,0
37081360,0
43032336,0
106850874,0
40550664,0
108023294,0
126830466,0
44402178,0
107158302,0
107266216,0
66286939,0
188617810,0
144264549,0
107872487,0
39167498,0
33654416,0
65005579,0
34647960,0
76204056,0
172841050,0
41658399,0
44331374,0
166358092,0
145142480,0
31729873,0
34721281,0
56145665,0
87401743,0
162728378,0
136923331,0
77890978,0
106726685,0
59774402,0
129608454,0
120699103,0
43316689,0
147220851,0
72876163,0
36818374,0
66346720,0
145599147,0
135189281,0
92212475,0
154062204,0
87641239,0
87553380,0
60390039,0
164692054,0
145111569,0
129466341,0
91352082,0
214650272,0
164568022,0
39003051,0
67339217,0
192565582,0
59839956,0
111240637,0
57042604,0
161292242,0
37408952,0
60664325,0
72145132,0
118254994,0
69681925,0
141042607,0
107851968,0
70224655,0
90932051,0
37559730,0
126283947,0
66778890,0
82375796,0
133581542,0
194095391,0
59909418,0
83575712,0
87355070,0
34843082,0
164263752,0
105064051,0
130594654,0
152348456,0
108058578,0
74282918,0
185126605,0
125499590,0
78247074,0
44556134,0
81563646,0
151359512,0
38671392,0
204723799,0
32381060,0
166200761,0
74942029,0
39589503,0
41333225,0
87464938,0
132376562,0
154362575,0
163440983,0
120440746,0
94751884,0
107461575,0
151794406,0
192923257,0
91676466,0
154355025,0
148405588,0
206995062,0
74703787,0
60809003,0
114472449,0
181179711,0
137053915,0
177660072,0
122622896,0
115343935,0
73833604,0
44003446,0
167210599,0
106993825,0
111054447,0
124367872,0
39485279,0
111370254,0
125580086,0
78675641,0
63028944,0
78847718,0
151002301,0
134294680,0
163837405,0
184168484,0
117853114,0
83868228,0
174395513,0
112587394,0
129046251,0
101410728,0
44842718,0
123807071,0
156910572,0
64843658,0
61698442,0
34870608,0
138655091,0
64423667,0
75943666,0
121380510,0
130146880,0
106017504,0
71949891,0
65233172,0
115890207,0
161394718,0
131248555,0
122105620,0
126786872,0
111835626,0
118093083,0
80481740,0
180716264,0
125121268,0
149611328,0
117872369,0
66345752,0
73669186,0
98547635,0
41072450,0
107455950,0
92751444,0
62536391,0
126802061,0
155623496,0
142093029,0
74124836,0
118399248,0
105586637,0
130736698,0
115568922,0
150423646,0
205063600,0
161515689,0
76562579,0
136897877,0
114294539,0
102022910,0
174255128,0
44327110,0
145582753,0
160943489,0
106748121,0
80801880,0
56941836,0
59856547,0
134949222,0
147754510,0
117234951,0
36582599,0
85240418,0
59108313,0
56480175,0
137090176,0
67644592,0
194102852,0
34249089,0
74947685,0
56081483,0
88132104,0
35997421,0
122667201,0
44629110,0
89405865,0
109459746,0
43576250,0
60219669,0
82910768,0
77960263,0
93713434,0
96534424,0
162612844,0
66079411,0
140215524,0
135861035,0
154922251,0
67431340,0
64100674,0
159759986,0
156623258,0
66738168,0
102076443,0
93542838,0
196601678,0
150683217,0
142018642,0
115008605,0
139465997,0
116823250,0
67285309,0
194624865,0
104270081,0
89044194,0
64335186,0
85490031,0
164399825,0
37916664,0
214663428,0
126879350,0
145791683,0
143254326,0
113493759,0
150595841,0
81385391,0
145852865,0
153975598,0
32491648,0
77878720,0
141667087,0
79712779,0
143211255,0
59837054,0
152252276,0
84392156,0
127290054,0
107513598,0
114815102,0
110736350,0
138316840,0
61480649,0
72476079,0
114774212,0
33439308,0
56014507,0
91691656,0
159656552,0
78980494,0
72600851,0
205716356,0
77626433,0
138544097,0
66194106,0
56031306,0
126329850,0
63605802,0
115675958,0
32939659,0
75349447,0
130387768,0
171109724,0
150970886,0
173479071,0
196334251,0
184498977,0
42953350,0
123882021,0
75073710,0
87949388,0
87533118,0
88425359,0
86370182,0
91773356,0
73768731,0
72142427,0
118021795,0
64794764,0
63492440,0
76029216,0
90145839,0
107185967,0
64325198,0
175892090,0
124074596,0
193963089,0
134272779,0
73836792,0
146586699,0
134727057,0
153753187,0
111681779,0
35505214,0
129065833,0
40663898,0
109074200,0
41631790,0
40078423,0
89357445,0
109381480,0
196494464,0
162720512,0
89541602,0
60173845,0
44442505,0
71930665,0
149598774,0
63323838,0
39603646,0
119872978,0
175494937,0
35052436,0
141244885,0
152956907,0
73196866,0
150038682,0
100029764,0
161524839,0
104280217,0
60029808,0
37266652,0
33383713,0
81344787,0
137965008,0
165644964,0
45615083,0
58147359,0
93254892,0
129219858,0
146500232,0
108603311,0
142608440,0
66280988,0
39921960,0
123572342,0
114032353,0
129628380,0
106481524,0
194938087,0
145253947,0
108571343,0
32870059,0
56511620,0
81579299,0
116540772,0
157517858,0
40265945,0
152402551,0
42527911,0
75973275,0
120809090,0
95930720,0
96140695,0
75794931,0
132324973,0
74239797,0
68509643,0
109966224,0
138602318,0
86646136,0
97809330,0
155521869,0
123278534,0
73020694,0
109234186,0
160541698,0
60642779,0
77837584,0
64176631,0
130630155,0
114101490,0
65766397,0
139657941,0
114073648,0
157103019,0
180809009,0
192925596,0
162947473,0
59939531,0
83404070,0
152812041,0
133371428,0
142447101,0
127570213,0
157947413,0
195078847,0
33093448,0
155412563,0
111448866,0
93533916,0
55919226,0
148175192,0
68196599,0
95735519,0
37943026,0
69507825,0
190617747,0
175391178,0
119967864,0
76037783,0
105004014,0
105971808,0
93043081,0
139172386,0
174978905,0
60951589,0
160098671,0
102248431,0
33125692,0
74904061,0
152996701,0
156109367,0
79172171,0
36260771,0
67135084,0
192593651,0
76777766,0
41951249,0
95792743,0
200128502,0
42415555,0
152235360,0
75280754,0
70957009,0
204478530,0
151381906,0
62807411,0
41294694,0
41391140,0
146864430,0
132663234,0
42746601,0
112213059,0
140428353,0
69854742,0
115610888,0
177877262,0
101887934,0
156110640,0
31635223,0
83617244,0
180647137,0
62492827,0
60672112,0
89302471,0
115902150,0
60256601,0
129298588,0
133136946,0
175118096,0
155198975,0
168204873,0
63677712,0
79165223,0
100212391,0
144048800,0
85681777,0
149352794,0
150035248,0
82016838,0
127114474,0
155386221,0
134681016,0
166586080,0
95528504,0
94996621,0
80380497,0
163748747,0
118557932,0
42811464,0
160086709,0
153915167,0
111611083,0
144985267,0
83381104,0
111047815,0
63935082,0
194985244,0
72456330,0
114228906,0
34694258,0
139107385,0
84860982,0
192646928,0
83812889,0
100189661,0
113252102,0
42454106,0
156555296,0
62818691,0
173496609,0
110495275,0
106927156,0
191216042,0
139392498,0
126291369,0
122162380,0
76821587,0
38553668,0
141698975,0
83407297,0
77020351,0
63133561,0
87856890,0
132497376,0
133634769,0
121164514,0
103814431,0
147554592,0
142349876,0
58059716,0
205637370,0
157117133,0
35362243,0
138035151,0
99160153,0
102930174,0
194058676,0
83948320,0
160604824,0
108524364,0
90706304,0
88230573,0
59958214,0
153522761,0
170230491,0
71945035,0
126877653,0
185027258,0
125251843,0
117405241,0
58890480,0
43116011,0
161999438,0
95929032,0
37746413,0
33160196,0
58267590,0
94793040,0
92733264,0
110607176,0
63288396,0
90628127,0
87953612,0
165711683,0
129401409,0
44270498,0
110959995,0
165747687,0
93989319,0
144281328,0
83698717,0
116782104,0
111010685,0
38310037,0
134446504,0
146859170,0
94208888,0
79996125,0
204210126,0
105647749,0
89131303,0
126364868,0
40756869,0
75093133,0
177440404,0
103962258,0
139455456,0
134099716,0
162689935,0
133334506,0
167225394,0
34510733,0
210386584,0
125510120,0
45471747,0
129102380,0
131722740,0
130304073,0
78981323,0
159088221,0
95116231,0
176628659,0
93284886,0
163179932,0
145791249,0
63290903,0
70976215,0
64770998,0
143619936,0
78846326,0
38818213,0
93021486,0
43714089,0
105690643,0
208419927,0
40083614,0
126257259,0
89125825,0
154951495,0
87952793,0
175938142,0
123003981,0
34422222,0
56287402,0
124096073,0
67258533,0
108349692,0
159653542,0
176094486,0
104425971,0
60633926,0
138871215,0
111231478,0
80177223,0
81435183,0
90303111,0
77072778,0
79183531,0
76305614,0
106467460,0
161857395,0
111969892,0
71566368,0
97795414,0
71854778,0
121340864,0
133904712,0
134353226,0
92920175,0
214420439,0
39413093,0
147940927,0
191321114,0
123016802,0
78332140,0
103774716,0
40580588,0
83425823,0
196115649,0
78819205,0
112008472,0
37871619,0
97399741,0
157121485,0
87595770,0
118649374,0
84812482,0
61206196,0
73787266,0
87107669,0
107472718,0
82698640,0
95069153,0
31988614,0
137196867,0
56655361,0
134023029,0
94752289,0
60806378,0
203853981,0
111750530,0
156245311,0
159802987,0
78411847,0
78426622,0
44911775,0
105564450,0
71981050,0
135589829,0
131999346,0
143525918,0
125307399,0
141527244,0
89070190,0
63037688,0
36828441,0
31248621,0
61478202,0
130780578,0
73637672,0
198862814,0
122138920,0
45214723,0
103431441,0
40436778,0
35757885,0
63928973,0
139976147,0
75444945,0
162225393,0
144663074,0
86216809,0
112321211,0
58797144,0
104732956,0
133741025,0
113114559,0
84752406,0
58639339,0
41521675,0
77075591,0
125886873,0
214226067,0
193838712,0
63712621,0
141187424,0
69694499,0
38632477,0
121795083,0
108001009,0
33776000,0
118275937,0
214081132,0
123274714,0
95574081,0
63428850,0
90835211,0
116082280,0
33236300,0
137991597,0
65749194,0
100687869,0
65283299,0
67035904,0
119955912,0
124245755,0
145254273,0
57686033,0
140379547,0
41489441,0
121426276,0
106398580,0
193493740,0
44548327,0
112739889,0
102471069,0
127670182,0
129664997,0
135314782,0
89359971,0
184975827,0
121627744,0
55958478,0
117271083,0
174479424,0
76309532,0
66600497,0
35152711,0
175522227,0
120549796,0
88954222,0
61238607,0
146698019,0
208409633,0
144795366,0
126004834,0
127290903,0
72470769,0
137095368,0
31525059,0
113232797,0
148182338,0
87722446,0
60915871,0
103827972,0
78459586,0
65182412,0
74211590,0
178547488,0
86994504,0
60138028,0
164227087,0
99204438,0
73154378,0
60128316,0
113825407,0
56130781,0
102016160,0
140528894,0
108111568,0
181353900,0
133522877,0
93796891,0
91198501,0
38510577,0
35718565,0
127085260,0
143275990,0
77598828,0
64518464,0
83523956,0
106815748,0
115697375,0
149802128,0
106815136,0
173534874,0
165254710,0
83551463,0
119901057,0
39263973,0
113562343,0
190763610,0
161378235,0
45553625,0
117017612,0
82815733,0
66417425,0
65313540,0
33494351,0
38304302,0
116520767,0
107181091,0
101132228,0
111807735,0
59484108,0
126132823,0
58738854,0
146094186,0
193678716,0
210460833,0
88474214,0
109340580,0
121731256,0
135227565,0
155046509,0
133113229,0
55833657,0
118206712,0
44995460,0
128788201,0
129375176,0
126838382,0
84922528,0
63924541,0
115231915,0
102761364,0
94372477,0
124216136,0
179383492,0
55767698,0
133861079,0
81406512,0
64312713,0
149521742,0
81204915,0
36102848,0
79992375,0
116452765,0
84182624,0
109930072,0
75887883,0
162736155,0
112039769,0
125134246,0
112567299,0
71286871,0
133810319,0
83340757,0
129435134,0
116519385,0
143164779,0
37768807,0
81547884,0
160652109,0
79204583,0
161186025,0
176510944,0
154254572,0
150028635,0
76825387,0
158620027,0
97770937,0
115958633,0
100219477,0
118787736,0
164009393,0
60451033,0
100972123,0
99614085,0
60845610,0
60473792,0
184480521,0
84010932,0
141248458,0
114145548,0
109399818,0
80023681,0
81829414,0
74563343,0
97715568,0
203057327,0
130553843,0
119116818,0
132794441,0
63620853,0
135838819,0
109102693,0
49852391,0
65629811,0
144519797,0
80527179,0
59463549,0
84977482,0
78840000,0
67069481,0
138217532,0
90000509,0
136552293,0
59775429,0
115904528,0
65066790,0
118328937,0
77215700,0
68779488,0
94325034,0
60494587,0
139131427,0
44001877,0
34641515,0
83609101,0
109035057,0
82183417,0
150251905,0
33402998,0
95510462,0
99918829,0
92076610,0
121205749,0
151071665,0
213097645,0
44457349,0
77684980,0
136361760,0
95341998,0
103844425,0
38507370,0
174537527,0
59163681,0
97236527,0
77681170,0
58820051,0
82849467,0
181303614,0
155217974,0
33356640,0
144305212,0
185826330,0
132653246,0
148610126,0
34723689,0
36541473,0
114140415,0
62919401,0
44818725,0
66791602,0
143164829,0
145993457,0
71128355,0
76573791,0
136803691,0
32145038,0
117390437,0
45102269,0
116789180,0
170748684,0
194171239,0
94367818,0
106612740,0
174567728,0
77678535,0
164701854,0
129855845,0
82190178,0
32464774,0
76114390,0
68672472,0
148892851,0
83373691,0
80233973,0
128304116,0
131930248,0
139769892,0
130367436,0
109977347,0
110287352,0
39075503,0
212528090,0
150664484,0
99529690,0
75890044,0
179123872,0
94288220,0
38356029,0
122792811,0
110054922,0
44833361,0
78515882,0
73936682,0
43090419,0
102168754,0
195213597,0
128378287,0
175831886,0
31374735,0
92456214,0
31426304,0
61619140,0
111376768,0
84200360,0
121871938,0
135241047,0
126995910,0
136350933,0
75611386,0
126673796,0
35976329,0
124499749,0
120369567,0
107500659,0
115420937,0
43775399,0
90077196,0
136759317,0
44666960,0
41632905,0
198710181,0
105102424,0
62131935,0
115739913,0
131251960,0
76143693,0
95348028,0
115518173,0
32050961,0
144082366,0
176394670,0
94543547,0
35968542,0
152624854,0
63278625,0
60448348,0
192855305,0
97376844,0
61345209,0
122293972,0
135648306,0
155284120,0
196591680,0
179531704,0
32535144,0
149157889,0
112968864,0
138138022,0
126741659,0
103892144,0
137911238,0
194349158,0
120678821,0
133973444,0
44186843,0
185826074,0
160957573,0
63920731,0
194539849,0
93976064,0
212871750,0
145007355,0
88689855,0
35319043,0
75705582,0
60209188,0
163505826,0
83521518,0
129235136,0
63326364,0
79801684,0
122389519,0
152447418,0
38479320,0
71027656,0
212505291,0
155434395,0
116764536,0
110127908,0
84017703,0
141150679,0
40328282,0
163597673,0
116484999,0
145855381,0
143492786,0
34846743,0
171739336,0
192068737,0
135662370,0
205379358,0
76815547,0
32871510,0
116827386,0
56353627,0
78496192,0
127710716,0
117152115,0
40444783,0
97447895,0
99044826,0
66540460,0
31571239,0
34804659,0
67047284,0
210435211,0
111957476,0
102664060,0
56792153,0
123690807,0
43306356,0
122613382,0
137570579,0
118581984,0
104848400,0
56655015,0
176605199,0
88854776,0
44592079,0
60725447,0
129168546,0
75199814,0
195392967,0
147133031,0
73029991,0
89127217,0
136351634,0
109604947,0
164184559,0
117325031,0
44571550,0
156126244,0
101886996,0
199577028,0
120261347,0
90051910,0
159868522,0
69720002,0
63286373,0
41666265,0
90897379,0
39105004,0
177138246,0
109943860,0
64978319,0
86791516,0
205625121,0
67656890,0
142081146,0
125376289,0
135824755,0
112898987,0
163474855,0
84217523,0
69384307,0
59562048,0
193492338,0
122158275,0
116658003,0
174300469,0
160777640,0
74208876,0
100591403,0
94181776,0
32258292,0
86580730,0
68923831,0
144144259,0
67587279,0
206388446,0
73076763,0
74485708,0
142253529,0
126184737,0
171729476,0
41279495,0
152438506,0
80768037,0
35089940,0
73201179,0
75572322,0
84922005,0
183144453,0
36149600,0
62261039,0
195881917,0
58605170,0
69752562,0
204060878,0
142855061,0
80037222,0
184950137,0
87661393,0
157429032,0
73503456,0
34458276,0
35007075,0
86153081,0
75051434,0
210509687,0
115865425,0
63085793,0
68109934,0
60218228,0
72383453,0
102968103,0
58773466,0
176911778,0
137866746,0
161829503,0
104127061,0
66715784,0
74619590,0
72346531,0
84517954,0
214569253,0
122541245,0
56559556,0
95105019,0
92943220,0
154891428,0
188734172,0
135570474,0
135847573,0
120853977,0
69479391,0
35287421,0
119906090,0
123873286,0
90137371,0
79359348,0
199572350,0
196227521,0
85927126,0
138973405,0
64747182,0
100087905,0
95863577,0
141001451,0
59924371,0
165267876,0
59758927,0
145088543,0
67174187,0
62760323,0
176495232,0
184706693,0
41074631,0
80658554,0
71743883,0
109815891,0
157117241,0
111573479,0
214687856,0
164184598,0
34911557,0
90182485,0
117010931,0
127095031,0
86949429,0
89901181,0
33304361,0
102503738,0
125501376,0
137254939,0
63553839,0
42433863,0
88846160,0
139647104,0
93909810,0
63504511,0
90325229,0
39548327,0
81439081,0
132765424,0
112908166,0
73638383,0
127530665,0
175018305,0
40958357,0
72219499,0
118190674,0
119573633,0
191846236,0
77825148,0
112491491,0
37589161,0
113821696,0
40733607,0
68754656,0
45539818,0
87335686,0
75045177,0
82283426,0
159354947,0
65071429,0
94714834,0
153911781,0
108005627,0
74604894,0
66120587,0
75526379,0
66132184,0
156700063,0
39716653,0
35529670,0
81625646,0
66649075,0
32598931,0
39892845,0
66395850,0
122706580,0
177688575,0
148159243,0
209974024,0
98654375,0
144187122,0
39130586,0
126073961,0
101862855,0
162631409,0
37734195,0
103336209,0
121341249,0
78139238,0
104275263,0
115327916,0
56433966,0
155422018,0
107514763,0
37808473,0
190291941,0
125276319,0
138022420,0
81961085,0
145246229,0
44971516,0
205902092,0
77838679,0
108202852,0
105674861,0
160821758,0
59469609,0
82375272,0
154679854,0
196661419,0
87387817,0
129586316,0
36402163,0
120664688,0
108244511,0
106742535,0
175664971,0
35788373,0
127583369,0
137472416,0
96583160,0
159058030,0
130617078,0
88478567,0
78857706,0
192691005,0
84164592,0
142169104,0
58903469,0
165490505,0
112961501,0
134048641,0
38459719,0
108051837,0
206620501,0
76826472,0
107888199,0
98919946,0
37947398,0
128366808,0
115242298,0
35157626,0
173569516,0
95801072,0
76850692,0
178569122,0
119252397,0
200508886,0
84531998,0
151337157,0
140083637,0
115135015,0
45377492,0
66967557,0
63504895,0
92845087,0
94340213,0
144303031,0
159211275,0
111073979,0
120785038,0
164577843,0
108046122,0
126339621,0
61146613,0
65037783,0
35941016,0
155715372,0
118683513,0
38699748,0
85134725,0
74850903,0
38052697,0
98876313,0
136949386,0
105560680,0
89940492,0
156903781,0
133611190,0
106925074,0
112377428,0
63515476,0
102102124,0
70436160,0
130037071,0
56527717,0
72226161,0
56224138,0
121731493,0
125515707,0
65649077,0
92740943,0
140974754,0
35477490,0
185528861,0
175713441,0
59303217,0
40985380,0
39295842,0
214366343,0
126542876,0
40798134,0
105552784,0
80635291,0
213272012,0
161265396,0
39681921,0
101282552,0
178015210,0
145276322,0
67321738,0
179638029,0
68106371,0
147879756,0
144715077,0
45006336,0
137489856,0
86530652,0
84454383,0
128190833,0
76383860,0
132359478,0
193862438,0
164346864,0
82368630,0
86852391,0
80560203,0
147965532,0
135425085,0
157185835,0
33717207,0
100159717,0
119707514,0
155302379,0
76942983,0
139545013,0
77218691,0
150123087,0
87957520,0
81687588,0
78523452,0
167955241,0
111912086,0
111032408,0
39293750,0
131950580,0
63579214,0
97472056,0
157032461,0
89459250,0
43610981,0
120818377,0
126676254,0
114858182,0
36879388,0
143101624,0
132610837,0
106005088,0
97611355,0
162727055,0
79456426,0
127432157,0
90943392,0
90066102,0
130700229,0
64555623,0
42414203,0
32680859,0
103727983,0
33178543,0
48595092,0
199048836,0
79663964,0
40088312,0
126842566,0
45399057,0
191798033,0
95313346,0
146175453,0
60771410,0
65593817,0
198770138,0
139771866,0
162835897,0
94182300,0
155345193,0
115553536,0
40496302,0
194688268,0
44041365,0
95300299,0
101628432,0
129229264,0
75285620,0
103152408,0
154844281,0
119759467,0
155267342,0
112231506,0
67456497,0
86087566,0
102601654,0
86916179,0
126806147,0
38640027,0
95515979,0
149796156,0
37951563,0
212819530,0
31793236,0
102448823,0
59746491,0
124008687,0
82639274,0
96801041,0
193005974,0
80954592,0
135062831,0
161301213,0
66233693,0
66170824,0
164478041,0
74773101,0
138771927,0
180473580,0
105880781,0
104191341,0
138887145,0
156565254,0
118758709,0
118897950,0
135731961,0
151430918,0
136278155,0
72168720,0
175067850,0
68239147,0
31533606,0
73772353,0
138694836,0
73579718,0
72354614,0
73739004,0
124461159,0
115207823,0
160930284,0
68140441,0
92216492,0
198774244,0
87779098,0
33143733,0
77604355,0
97246229,0
112693541,0
82127585,0
178098006,0
117449832,0
31149925,0
133963347,0
210454141,0
195058625,0
124764570,0
96291464,0
56384262,0
32959191,0
78376129,0
174034285,0
106218193,0
76713939,0
178531459,0
121634406,0
74419464,0
67351781,0
39473327,0
65708285,0
128617467,0
48471475,0
90451323,0
119465827,0
98433661,0
94849534,0
36289294,0
96570931,0
132088725,0
39286121,0
65802283,0
113519025,0
179771447,0
40284165,0
82560594,0
102561159,0
122762581,0
173571786,0
81350166,0
131346896,0
56168325,0
142473285,0
44082502,0
71340956,0
75139945,0
83911101,0
57089396,0
91281455,0
90662266,0
40245871,0
60293316,0
40173191,0
196222468,0
111247704,0
192171874,0
122623241,0
33120599,0
129432952,0
142018089,0
96268527,0
132900302,0
35882608,0
193559432,0
35708478,0
143806422,0
60670612,0
107141514,0
82754068,0
118458496,0
66899802,0
161805718,0
102145461,0
84691688,0
158360130,0
75904336,0
78217356,0
61435723,0
41619562,0
132137273,0
178025109,0
31944162,0
100507521,0
76619586,0
85214077,0
73414452,0
62022126,0
134443474,0
155944851,0
88506211,0
32663646,0
108833243,0
140924083,0
192507134,0
195640635,0
81009467,0
140872120,0
98912070,0
119918684,0
112027096,0
78008525,0
86687332,0
175724722,0
75795119,0
74342767,0
132787276,0
150777353,0
181037727,0
135364960,0
35258967,0
152342840,0
73956846,0
121146818,0
113656015,0
104428676,0
103392486,0
110011319,0
68190204,0
43744478,0
32819221,0
148362202,0
81764709,0
117716568,0
140881515,0
60317645,0
152100403,0
87591556,0
154933216,0
166742553,0
80734490,0
34727992,0
97667434,0
96374052,0
75755611,0
138462900,0
195162305,0
87152674,0
90646919,0
176553798,0
92680254,0
56777438,0
95132101,0
80086600,0
63137776,0
107539476,0
119951411,0
163133485,0
123393870,0
150991938,0
90306555,0
118569381,0
59697607,0
180248188,0
178089844,0
64079524,0
103045362,0
74155629,0
212368657,0
43121202,0
33426734,0
62375497,0
63563462,0
69826456,0
104876154,0
78309045,0
77039991,0
64924233,0
98423545,0
127702080,0
109557840,0
64445271,0
120251131,0
121170090,0
100609889,0
78918296,0
115455353,0
86955331,0
105146798,0
163516031,0
78266319,0
114151035,0
85083758,0
174185340,0
181195956,0
32079089,0
175194378,0
59303040,0
99839705,0
32720663,0
175569384,0
93698936,0
211517502,0
122432196,0
76434047,0
45628486,0
194974535,0
75209969,0
82506884,0
42016951,0
129023769,0
121160842,0
64024619,0
31354078,0
141438980,0
84172725,0
86420428,0
104665112,0
130360567,0
77959868,0
61077210,0
111715937,0
121433559,0
33581697,0
193678163,0
123698762,0
31124827,0
74866942,0
178551396,0
106666658,0
89797185,0
110623175,0
121700710,0
130081306,0
56322873,0
144808897,0
79274174,0
88233642,0
41237598,0
159296637,0
88419517,0
149980915,0
97515640,0
78149493,0
180890995,0
32563164,0
36468704,0
94061782,0
86091711,0
144558585,0
37584927,0
61214891,0
118161736,0
38049380,0
31516808,0
98960737,0
38557793,0
91338284,0
191725955,0
34951292,0
31456021,0
145047771,0
140455237,0
109367465,0
156749608,0
156755915,0
206322192,0
167024626,0
44521215,0
44777341,0
75511654,0
130688218,0
156992302,0
122326611,0
133438916,0
31394662,0
194946190,0
132098298,0
107107415,0
175760084,0
119586858,0
154182169,0
72381400,0
35913391,0
149721039,0
73463721,0
41198041,0
83618231,0
32238819,0
74629449,0
157815693,0
162408523,0
100995741,0
156574265,0
137524370,0
56984601,0
59959270,0
70878832,0
156475441,0
137307456,0
100199136,0
118097189,0
153146532,0
39893032,0
103553133,0
34950512,0
95913783,0
121417758,0
153838865,0
94141429,0
85251048,0
160368891,0
103785562,0
84904546,0
88287451,0
160855383,0
87174940,0
37166347,0
177253049,0
186726034,0
90748605,0
69724621,0
180609159,0
38828072,0
42803184,0
97944227,0
131635355,0
94837464,0
208541017,0
76341816,0
79954762,0
120425794,0
45426554,0
111977275,0
63278289,0
115688344,0
32026356,0
167040901,0
78815257,0
150652838,0
167049063,0
126830446,0
56308256,0
112737757,0
62549518,0
118172050,0
56431488,0
153871188,0
61575240,0
34729611,0
64949559,0
150558356,0
116858485,0
212439797,0
33849903,0
101777848,0
42554243,0
133293300,0
154341711,0
43019851,0
57681128,0
87886617,0
138589744,0
75987240,0
161930302,0
121368321,0
176324448,0
156787241,0
110438139,0
85694953,0
151907817,0
132025816,0
74479244,0
125839785,0
34259364,0
140881002,0
37445499,0
105511559,0
123747004,0
160748338,0
96598665,0
73601796,0
45169757,0
96326510,0
108891957,0
187076079,0
77533807,0
75598200,0
78533263,0
44384847,0
145685170,0
60359433,0
39977250,0
111893116,0
119042253,0
83698332,0
79842693,0
137188724,0
81253404,0
133230964,0
83672800,0
59275415,0
121070723,0
145041169,0
68430084,0
125658105,0
146197008,0
130906849,0
92382143,0
149862875,0
39373664,0
145184633,0
86211351,0
73842950,0
163718871,0
107150693,0
62722029,0
118478600,0
84667449,0
58824828,0
140669694,0
174882420,0
33685663,0
82485802,0
38410647,0
87374809,0
70986825,0
98715646,0
134756883,0
163621656,0
116587554,0
96041141,0
153780052,0
85088831,0
113228198,0
97551723,0
84433845,0
131707166,0
112798031,0
64200002,0
142292168,0
118782199,0
81186646,0
34228047,0
118720701,0
159728995,0
87621293,0
62384241,0
199369677,0
66151242,0
112041003,0
142429109,0
141779452,0
99022995,0
142520393,0
84075539,0
129269472,0
60472410,0
153812246,0
108281789,0
38090053,0
148103914,0
78078067,0
111759354,0
171724423,0
88529800,0
32746413,0
31126633,0
116009975,0
76823798,0
85474881,0
181223127,0
108343523,0
179836635,0
41802376,0
86968576,0
152043712,0
169676756,0
83606831,0
153048773,0
128877639,0
111759630,0
75131417,0
113950850,0
70388421,0
35480816,0
79502379,0
38480228,0
81426527,0
134509897,0
36846572,0
134437019,0
149231309,0
100578573,0
137397654,0
35392286,0
102902835,0
87404606,0
92025327,0
204910592,0
93944185,0
45453913,0
147210142,0
115351890,0
110946947,0
99223200,0
81264340,0
159520065,0
114489701,0
144330893,0
152705923,0
79621594,0
97389033,0
102322561,0
180939169,0
102598555,0
34198182,0
56031789,0
107041288,0
86376499,0
72157192,0
60869721,0
62331597,0
76328610,0
39576800,0
34414682,0
145915379,0
107969643,0
79224599,0
41104803,0
40050413,0
213553779,0
193035938,0
109621716,0
211001282,0
109904608,0
79313139,0
113865784,0
68582037,0
72753445,0
32490938,0
64720752,0
81525845,0
152210933,0
60840833,0
131637427,0
155899816,0
100405450,0
40637023,0
161531333,0
88851904,0
141577066,0
59165240,0
128274843,0
109001776,0
66522280,0
86499464,0
116751251,0
123058402,0
63507738,0
177270124,0
36221095,0
71423901,0
76602946,0
60194216,0
159458351,0
86346712,0
118405989,0
143857428,0
139221448,0
88640803,0
57662396,0
109773856,0
117520400,0
134239381,0
99145467,0
102322275,0
32830531,0
194207292,0
64049105,0
175269851,0
122097024,0
154554983,0
174585641,0
83022570,0
211688068,0
103189369,0
62369249,0
106881598,0
194962001,0
91521553,0
134587205,0
75115093,0
65067806,0
165622738,0
45187483,0
156620030,0
86350196,0
39525143,0
97984110,0
37944091,0
128066121,0
132791549,0
118433160,0
147392691,0
41617104,0
55888936,0
63287162,0
124607614,0
60143486,0
93048825,0
40359371,0
147500092,0
157888778,0
211615270,0
177368968,0
59861886,0
127966882,0
83643684,0
58707676,0
157558669,0
108477730,0
192374260,0
113831684,0
80068864,0
97095372,0
122537327,0
134071785,0
69893470,0
72271976,0
144933037,0
34480295,0
35761409,0
35944648,0
145880569,0
77272095,0
77610869,0
167084456,0
33726721,0
67641138,0
162016493,0
115720164,0
140011599,0
35376257,0
41225991,0
136710295,0
65784389,0
130594486,0
97447697,0
123863486,0
178182381,0
120601048,0
158129093,0
92803782,0
129631213,0
36101634,0
105272241,0
36172873,0
111339856,0
120498266,0
38741289,0
195518518,0
129670415,0
78785007,0
128346872,0
191048802,0
133052837,0
113029789,0
133171233,0
41666758,0
132922627,0
173199702,0
31662503,0
74265942,0
185178786,0
60744634,0
32128200,0
45367248,0
34960333,0
36252915,0
41020565,0
64733039,0
65551526,0
120472576,0
140273558,0
58625965,0
107974489,0
101207049,0
96351984,0
82232390,0
116345621,0
86156594,0
106570400,0
63028756,0
96389745,0
92454734,0
164557255,0
32021293,0
58181675,0
60016415,0
90218963,0
78718949,0
105947104,0
106911878,0
122648893,0
59089462,0
214406523,0
60142706,0
139520004,0
110460553,0
116749090,0
77778830,0
133137735,0
102687135,0
101172535,0
156235560,0
113310165,0
66549619,0
38373972,0
144162971,0
105555706,0
130605580,0
76757810,0
78394822,0
206687278,0
207213101,0
147034118,0
32955954,0
161912635,0
155981743,0
144412771,0
129596630,0
139486220,0
87198578,0
83728612,0
76825486,0
96760141,0
129510192,0
193523852,0
90760794,0
177570407,0
80303031,0
163344922,0
102589880,0
130395663,0
179721714,0
94333344,0
175042702,0
100813686,0
146352375,0
87504999,0
107358073,0
132150499,0
147607591,0
166743787,0
94055554,0
105647730,0
73287055,0
214505900,0
34554060,0
127943294,0
58780405,0
80993222,0
44793360,0
207258176,0
58818166,0
44677204,0
144426845,0
123531304,0
109770944,0
42596376,0
62801351,0
156957442,0
132373838,0
35140887,0
78800936,0
65750398,0
31167917,0
85182119,0
104655795,0
86294127,0
196194201,0
106179780,0
81396879,0
42984883,0
162522054,0
60689650,0
33774203,0
112534295,0
151179085,0
146433089,0
37568918,0
92351468,0
65070047,0
78089150,0
64693887,0
161861728,0
81797595,0
89158345,0
112236292,0
118007297,0
80300168,0
58656097,0
60038769,0
77823253,0
156188699,0
56521726,0
73650740,0
103196742,0
36378792,0
116299707,0
152623482,0
61847276,0
174101142,0
144564141,0
78869589,0
83751243,0
43255054,0
125941442,0
203370400,0
45304023,0
67487241,0
60651287,0
127996293,0
32013219,0
77647663,0
92564168,0
33682436,0
62653790,0
42272051,0
105731276,0
64275771,0
98116876,0
36263002,0
65856773,0
161749313,0
64046085,0
60715933,0
67154566,0
109565587,0
165689654,0
79476392,0
108171269,0
62046829,0
60232845,0
144166189,0
118059280,0
45225165,0
40289623,0
110316822,0
143585728,0
104118326,0
141076756,0
86563617,0
36310218,0
120169687,0
151122108,0
109632375,0
178003228,0
144936284,0
90660736,0
37718699,0
61217615,0
121579412,0
91615285,0
78599261,0
96539684,0
85553581,0
148376838,0
117176187,0
203968074,0
64180825,0
90023673,0
40457435,0
112492754,0
89302777,0
164288555,0
40841669,0
108541488,0
107919584,0
161198767,0
120275124,0
40333996,0
76783056,0
116346114,0
112476519,0
80900211,0
64962468,0
94432879,0
185883959,0
86552484,0
117201039,0
152358306,0
157909780,0
113697862,0
195003434,0
40007845,0
140610230,0
107592081,0
142340539,0
63280855,0
150890153,0
66125404,0
101805937,0
126238764,0
212378891,0
77731594,0
113619014,0
62401612,0
151381846,0
140537649,0
32508752,0
106957791,0
150606036,0
127294693,0
42937519,0
122694036,0
157377295,0
127396518,0
125789993,0
89542332,0
86191602,0
132292897,0
145197365,0
97718539,0
74604380,0
185345651,0
65064707,0
198679940,0
146010443,0
129503036,0
65411851,0
44658235,0
112903853,0
55802548,0
160229423,0
174368105,0
193536376,0
73746051,0
134123541,0
37058295,0
72670264,0
121137846,0
72877575,0
34194520,0
166282136,0
162266944,0
95666086,0
161539140,0
180690899,0
157221425,0
88453113,0
31565287,0
55769593,0
102458130,0
106802237,0
100237568,0
96804673,0
127776330,0
151839895,0
109534607,0
71646085,0
96677247,0
98415797,0
83737643,0
105980444,0
44109100,0
72346817,0
98318443,0
161299792,0
85036710,0
164097558,0
81242114,0
67038510,0
99030150,0
68296184,0
42551736,0
83554937,0
78763945,0
101492587,0
95827513,0
123998423,0
92590638,0
124148569,0
45187877,0
92313233,0
82459342,0
125464069,0
44205645,0
56560099,0
140730432,0
123109458,0
64945996,0
142186455,0
39406737,0
71375391,0
111896245,0
126313713,0
90164443,0
194423950,0
142385377,0
129206958,0
37214698,0
115566257,0
103273399,0
165585283,0
175004240,0
42966082,0
94054547,0
178511256,0
112457016,0
90828026,0
93401782,0
127072676,0
160612581,0
104156669,0
142026508,0
110577419,0
74860546,0
123131368,0
67207497,0
43537305,0
31985525,0
95907378,0
110311325,0
105497653,0
120725050,0
150887044,0
88191736,0
78197380,0
127486844,0
174564352,0
163516475,0
164322723,0
106725135,0
83371234,0
37126010,0
194927230,0
63570104,0
40033832,0
64079445,0
84934727,0
190819649,0
137780022,0
193941454,0
60598731,0
111185920,0
73126496,0
94666719,0
194194284,0
106039079,0
74696770,0
118946242,0
84887175,0
88249375,0
121582936,0
36189483,0
32966218,0
143623222,0
97455238,0
144250278,0
98389801,0
194393078,0
82310034,0
121762642,0
85884864,0
61164793,0
35283631,0
33606647,0
89010262,0
78513059,0
163461640,0
119358209,0
144247149,0
31516502,0
38625894,0
133864010,0
66992853,0
37274468,0
133995404,0
42669046,0
75331908,0
145471789,0
94388357,0
39834831,0
203983076,0
146675170,0
136654739,0
32657033,0
127403604,0
66165810,0
140174003,0
100744935,0
165454283,0
66073825,0
206111476,0
183602205,0
108032256,0
91965202,0
39667709,0
87652382,0
87705836,0
62547179,0
150573210,0
110685324,0
115387953,0
58844123,0
146829324,0
44078860,0
134486565,0
87088541,0
160928409,0
144286154,0
92715745,0
63214463,0
165329837,0
178739599,0
106425987,0
165342806,0
164816677,0
39470682,0
35620648,0
167014322,0
111822470,0
141788631,0
40581556,0
83923991,0
125091531,0
85004811,0
136200145,0
38733837,0
45188578,0
39495939,0
87915170,0
62483283,0
205106997,0
134982177,0
42920257,0
179568044,0
211655913,0
78661034,0
92814214,0
43172820,0
44293682,0
64518168,0
151233654,0
64966051,0
138057950,0
92031486,0
123903813,0
113759380,0
144548399,0
173558906,0
95766519,0
75784114,0
68587386,0
133632370,0
56162246,0
111477912,0
64885584,0
148185486,0
62697828,0
99107765,0
85382610,0
112509335,0
142381409,0
89130424,0
161654101,0
34350500,0
95450307,0
64845425,0
34590045,0
162059051,0
35396372,0
74489814,0
106873426,0
151797495,0
196467728,0
37815945,0
195351466,0
41808278,0
180482315,0
176412702,0
114443570,0
71805005,0
119179993,0
123838900,0
74546624,0
166024885,0
162606833,0
175490980,0
33252950,0
67761587,0
139847211,0
157819789,0
96040035,0
81732347,0
152677498,0
43095778,0
132663353,0
96511793,0
76345912,0
66237601,0
155469185,0
96344828,0
134250790,0
112338996,0
87321138,0
131283740,0
32214678,0
212220089,0
34422143,0
33393997,0
135727964,0
168094521,0
136370998,0
81245765,0
64134487,0
32473883,0
103663989,0
121252896,0
130423979,0
63733693,0
40869343,0
178801689,0
108129303,0
35646211,0
36619156,0
113155192,0
60365453,0
36953351,0
86923196,0
126053916,0
94578919,0
196350684,0
189757216,0
179644149,0
44897168,0
164532620,0
86524375,0
191720418,0
156249219,0
119510921,0
93584685,0
68594502,0
77093080,0
177503994,0
101369000,0
146017648,0
71803337,0
55923006,0
124206198,0
40552430,0
116603908,0
207207288,0
98635267,0
122823200,0
41881412,0
83916451,0
65799608,0
129223500,0
110918493,0
79866745,0
121648046,0
194054017,0
73943423,0
117904534,0
152257507,0
88787633,0
34559449,0
68529442,0
103403875,0
175357878,0
71984770,0
70406581,0
144560687,0
165387387,0
60693351,0
147229605,0
132853471,0
110774871,0
60667167,0
44594162,0
173809189,0
66341390,0
179460219,0
119886193,0
57158069,0
32944801,0
132107961,0
136428765,0
81454705,0
64212270,0
100553889,0
165637394,0
84214483,0
43942363,0
106218765,0
116460424,0
42308904,0
78017971,0
95047686,0
158883446,0
124475885,0
81574729,0
130222995,0
132345749,0
69944417,0
94664884,0
133274390,0
115405205,0
199098717,0
101271577,0
81482093,0
78569375,0
38651584,0
72006868,0
156756537,0
41974088,0
59824954,0
41562900,0
31160288,0
60415630,0
195461275,0
45096959,0
196136800,0
194775811,0
151027774,0
44751088,0
94845142,0
212465211,0
120242387,0
117398086,0
154123099,0
102488775,0
84358787,0
142429593,0
78266043,0
129040310,0
66222067,0
161384661,0
191814150,0
41187855,0
141081316,0
84969251,0
39856998,0
37250673,0
159300496,0
89512881,0
93678733,0
177075495,0
91589643,0
137820014,0
94254565,0
64302468,0
143175942,0
147356637,0
123794961,0
117177885,0
150887833,0
205805834,0
55831831,0
106761199,0
164976140,0
77440362,0
43643225,0
59625203,0
131183317,0
186548953,0
211690802,0
77562656,0
137411461,0
117814780,0
125116442,0
59301471,0
64558387,0
147437203,0
162629770,0
88898725,0
78690278,0
109990681,0
121369427,0
36306606,0
139173817,0
40571479,0
133358814,0
212659997,0
107112063,0
85493110,0
89562377,0
130926628,0
81445250,0
61651325,0
112424516,0
142151270,0
109934760,0
65874706,0
178610396,0
115819650,0
152867291,0
154614319,0
107709066,0
56787278,0
126800690,0
175485571,0
141053592,0
36755929,0
156786787,0
56027062,0
117769015,0
58564172,0
76508533,0
44950543,0
61330799,0
42175102,0
156060157,0
58049501,0
175428752,0
134334770,0
67028729,0
56786508,0
164507522,0
135724016,0
118945462,0
65458830,0
132834472,0
78203815,0
140358979,0
38706834,0
138020998,0
180391139,0
100210338,0
159739674,0
153902533,0
80648477,0
73200794,0
43659352,0
87833706,0
114456559,0
121177127,0
166601506,0
68849010,0
177572864,0
153142594,0
65041228,0
42318951,0
71496768,0
193582181,0
198869831,0
162444518,0
86075545,0
39393265,0
113137555,0
136932332,0
117966772,0
89814556,0
35188893,0
61096001,0
43201432,0
173627914,0
104105545,0
180458618,0
124761106,0
110706869,0
161791367,0
59541667,0
113760988,0
109341853,0
96087567,0
136945350,0
110262362,0
84341929,0
180817881,0
77827142,0
93136477,0
90605062,0
98023796,0
77139250,0
144595329,0
156888918,0
143141457,0
183360666,0
55996624,0
214545013,0
58485313,0
85166456,0
162354043,0
144806173,0
76884881,0
59992777,0
127508705,0
76720216,0
155852353,0
97450787,0
129010435,0
155488835,0
32101651,0
62399756,0
65261113,0
144369799,0
87459115,0
139857475,0
133856548,0
34443738,0
192814316,0
137288940,0
69228693,0
192609028,0
32226886,0
104475862,0
109014035,0
110502558,0
140322590,0
43354372,0
116136158,0
152160509,0
77546973,0
60920589,0
92666684,0
214663043,0
89339620,0
93335695,0
42228418,0
55999723,0
160788379,0
137789892,0
43372403,0
84714467,0
134698860,0
78139515,0
119947315,0
59260758,0
147480303,0
61767825,0
114979519,0
77845825,0
152840515,0
123283034,0
94327393,0
34845450,0
150876691,0
60935492,0
146056336,0
65610773,0
185830298,0
33363125,0
94639805,0
41516691,0
115824584,0
155504745,0
34019799,0
157770096,0
146574767,0
113443740,0
204637638,0
126363279,0
198430308,0
77961753,0
113641033,0
36673913,0
154552654,0
57866154,0
33437147,0
122095563,0
91997436,0
35168048,0
92164696,0
74771295,0
63512673,0
161699866,0
38267864,0
115781415,0
142206678,0
105121877,0
161827293,0
45001628,0
40762426,0
36153074,0
185013865,0
37882298,0
108548367,0
34331658,0
154841626,0
98869207,0
37707270,0
44239507,0
35110370,0
42174816,0
145193220,0
139947989,0
142807973,0
119554703,0
85183086,0
76958015,0
174578880,0
141060817,0
64253347,0
196212786,0
78186978,0
123731055,0
97850062,0
114582495,0
35257733,0
41397219,0
96090449,0
78038410,0
150728597,0
177184140,0
133059835,0
87148035,0
132071463,0
57681089,0
146240474,0
88039645,0
161198688,0
87505325,0
71550291,0
79413187,0
143196905,0
77679078,0
196658339,0
62724832,0
40519150,0
185829854,0
180211167,0
61586659,0
73326592,0
40354555,0
174998832,0
40125738,0
108202052,0
45312935,0
72173053,0
37078882,0
62031620,0
102899025,0
162932550,0
107196468,0
163567037,0
32706796,0
117496485,0
166920127,0
56794236,0
40233159,0
59416817,0
82372193,0
126058870,0
33004019,0
101913841,0
158308581,0
109571874,0
38644557,0
119499778,0
132128292,0
86929276,0
42586023,0
34795155,0
152696389,0
60022998,0
81462591,0
117796156,0
144885752,0
75013584,0
139460727,0
126181846,0
103432783,0
76000367,0
124047583,0
112201838,0
85605031,0
59966287,0
127703383,0
206857095,0
43279313,0
120155426,0
68500958,0
75558199,0
96387169,0
90880937,0
64173541,0
41920367,0
112981467,0
59627809,0
95873654,0
93556665,0
37454599,0
121913923,0
31520825,0
38587155,0
109034919,0
128246271,0
117385620,0
84242355,0
91585992,0
38714305,0
140799667,0
163678574,0
138541511,0
62180710,0
123514447,0
36085536,0
90905275,0
61556034,0
42747875,0
107149587,0
66987879,0
83530391,0
163026509,0
134369876,0
196506940,0
90473727,0
136783577,0
205399443,0
180374687,0
69268113,0
96235227,0
151856969,0
136763749,0
35050689,0
158580884,0
192147871,0
45170556,0
143509011,0
149453119,0
158999799,0
33750250,0
94744985,0
178832502,0
87899586,0
115495818,0
62785885,0
74546890,0
160800449,0
69633396,0
115864892,0
74906963,0
40615724,0
133662660,0
55998588,0
101377172,0
32257630,0
35956639,0
90976405,0
34252633,0
133728559,0
81337178,0
35539886,0
84771879,0
195250815,0
85877097,0
139894476,0
154944931,0
120613533,0
116632224,0
144382846,0
147320485,0
76470308,0
116713688,0
97472756,0
60258013,0
65642662,0
185858624,0
212516493,0
33194996,0
39202091,0
41488602,0
78757934,0
107821994,0
39698986,0
116115501,0
58042701,0
185270119,0
165402882,0
159794667,0
111753294,0
80836808,0
61244026,0
198604201,0
58638608,0
123652197,0
125893614,0
184234008,0
31228004,0
193978919,0
119287473,0
148130917,0
87056416,0
84885182,0
113883865,0
40816867,0
143506840,0
173697594,0
33895343,0
90065925,0
93414829,0
104509212,0
135955981,0
99261375,0
79898900,0
66711806,0
107071726,0
63891409,0
81039412,0
42172891,0
97604210,0
153517974,0
102553500,0
109353559,0
184998656,0
95868472,0
171326569,0
159255313,0
107688833,0
43344749,0
131744532,0
77149445,0
126181382,0
79344909,0
77878207,0
63980926,0
151629041,0
86129699,0
33828713,0
126787306,0
78295070,0
107764187,0
136604720,0
156068586,0
115056858,0
160659472,0
155561525,0
117575334,0
103554712,0
74413354,0
45312402,0
101248689,0
77778356,0
66840604,0
104352719,0
140038276,0
35867912,0
212717893,0
34771152,0
109816670,0
41800777,0
111430617,0
118377890,0
106927817,0
75490849,0
134202843,0
123121775,0
150458604,0
57066647,0
177999547,0
164777781,0
157434401,0
114780370,0
135168693,0
90116279,0
96747252,0
62127513,0
177398527,0
66053839,0
96369937,0
89106372,0
150525994,0
44953277,0
96946401,0
83230937,0
85295550,0
60667019,0
132539894,0
166858797,0
58741588,0
181367579,0
112368121,0
38418444,0
78492304,0
71145025,0
165957594,0
214568976,0
150136490,0
164010449,0
56357299,0
57009778,0
140368266,0
39243139,0
175208137,0
142834394,0
113783629,0
177692336,0
110666562,0
37035634,0
107850398,0
160085742,0
121159323,0
175206113,0
139986540,0
143555823,0
35923576,0
94951635,0
60338618,0
81759824,0
67386453,0
123754051,0
116549773,0
84587238,0
160674750,0
93340462,0
38175978,0
139043716,0
68255600,0
96799077,0
61755854,0
66113126,0
190330788,0
130024852,0
58799779,0
109190227,0
80531472,0
44129412,0
36326078,0
191838972,0
107280646,0
112518247,0
178742521,0
59043301,0
166304362,0
44483208,0
100517559,0
161608868,0
81498003,0
109688770,0
45832728,0
77914359,0
103833766,0
60415591,0
127592409,0
76135669,0
32716557,0
94035805,0
102409493,0
86127262,0
156536060,0
131935667,0
103143841,0
81986923,0
88574775,0
43763861,0
106643760,0
91643038,0
96180480,0
120455363,0
87300343,0
195173260,0
114247629,0
91958688,0
177780017,0
133733099,0
180679115,0
175136602,0
138027601,0
214515019,0
147510070,0
176032199,0
125958329,0
178419084,0
101467785,0
89002573,0
207373157,0
97970362,0
62550929,0
159394297,0
160811572,0
83658765,0
90576607,0
198811433,0
192965657,0
150167283,0
42853756,0
60104422,0
43597193,0
130452927,0
164382553,0
42700471,0
85105333,0
59623733,0
99821989,0
82004767,0
34362807,0
125348121,0
45445474,0
88411216,0
43341808,0
155981615,0
166114372,0
169465873,0
96110948,0
91819773,0
84285534,0
61718714,0
143644067,0
143566334,0
120922057,0
113637490,0
82632948,0
67308651,0
106927087,0
141689047,0
95913320,0
94070852,0
119890545,0
146751463,0
133924757,0
122044004,0
102768904,0
198997574,0
130292309,0
68144971,0
185903570,0
65290781,0
41624704,0
88248032,0
127395195,0
144631935,0
45209196,0
93720402,0
39801857,0
152175886,0
126448651,0
87672072,0
120088589,0
39461030,0
139027816,0
85178043,0
42194525,0
179911763,0
80378474,0
125523849,0
81871557,0
177209939,0
172973905,0
196514954,0
135949398,0
93278856,0
75799580,0
67963726,0
141598907,0
119857867,0
83181037,0
82089143,0
166096676,0
68809196,0
78418331,0
61145636,0
93005478,0
133399990,0
88134542,0
112238237,0
44123421,0
78309815,0
131391941,0
139140932,0
156154619,0
158845942,0
63072696,0
68983917,0
147782126,0
195267979,0
115761291,0
194128908,0
71809121,0
83129113,0
74133650,0
111954101,0
59437918,0
79951604,0
63354917,0
106344711,0
77951282,0
84504926,0
139881567,0
192417815,0
72054825,0
139204295,0
120066491,0
192882604,0
176925260,0
56807925,0
37226344,0
117280391,0
86878348,0
31229514,0
83129952,0
154488768,0
178320526,0
42379640,0
165553650,0
31680959,0
134160167,0
82636008,0
195483955,0
145415424,0
57213556,0
139309001,0
137808575,0
38094593,0
122105314,0
57845220,0
73868167,0
116426877,0
88228609,0
86064886,0
44160165,0
103500874,0
95562554,0
62881620,0
117264106,0
166330645,0
56296749,0
166561969,0
85100418,0
83329219,0
200321936,0
98850297,0
93705104,0
36733752,0
56195595,0
138604114,0
71118199,0
65499306,0
145896034,0
34504090,0
109268039,0
92424118,0
62184234,0
89327885,0
75382451,0
180026181,0
32833522,0
114364949,0
78067782,0
83204033,0
156410281,0
123682931,0
113200168,0
214729140,0
145658720,0
64807742,0
130811963,0
82471738,0
213184468,0
59708483,0
116886406,0
42219999,0
135038670,0
124347234,0
126782539,0
93682226,0
211580697,0
86605079,0
133248482,0
194725052,0
76680837,0
124094326,0
43394304,0
136217565,0
134258982,0
87121802,0
77105200,0
118285323,0
106911809,0
211535948,0
79257089,0
199049942,0
160117265,0
142269004,0
59605464,0
206489314,0
37622708,0
140583602,0
145993437,0
75527554,0
176908275,0
182962013,0
71951628,0
79435236,0
138105660,0
103232687,0
105709513,0
190821357,0
141819592,0
178237671,0
37496090,0
56652735,0
97027943,0
127627002,0
40033585,0
86574404,0
152856967,0
143957378,0
155429638,0
149459109,0
188907423,0
128401253,0
94495146,0
34993208,0
89246027,0
166389359,0
72420563,0
131750405,0
67255829,0
173820164,0
93345752,0
123101937,0
42560480,0
108124763,0
40750128,0
44507832,0
122623399,0
141989576,0
83267238,0
157175807,0
115506467,0
112035870,0
109462559,0
44518353,0
150961540,0
69359179,0
150745899,0
84659158,0
44155231,0
35060075,0
70488578,0
185399243,0
56049920,0
97922445,0
79994073,0
156617514,0
101382442,0
166187684,0
45617886,0
133151494,0
149025676,0
119519784,0
88480264,0
31897044,0
35744857,0
164338189,0
86490670,0
111842999,0
99837859,0
159731522,0
103393295,0
185672276,0
57180088,0
151673276,0
105139899,0
179383078,0
86861659,0
143394731,0
111521427,0
85316878,0
100879892,0
129002618,0
59713724,0
67520324,0
59563874,0
116431762,0
37510214,0
111988259,0
185151990,0
65910986,0
86393899,0
35357100,0
135488626,0
117472700,0
74323146,0
213713025,0
145868942,0
84394968,0
110068266,0
36908198,0
148289285,0
34138145,0
88777527,0
162483217,0
148175528,0
32257946,0
138014642,0
159863883,0
83493133,0
74837431,0
144950822,0
58811820,0
33498407,0
37818254,0
113002016,0
33906515,0
142447703,0
195109986,0
130013038,0
127004635,0
114865032,0
207074009,0
145500174,0
128163889,0
140056426,0
66378608,0
37466156,0
42451382,0
136539324,0
114938324,0
38882533,0
123242974,0
124752510,0
129606233,0
38009537,0
64422502,0
88696961,0
45046861,0
89372121,0
208211175,0
78821090,0
73651115,0
153161948,0
35220880,0
73247734,0
156545900,0
126583617,0
92602541,0
164339738,0
91680641,0
79470322,0
39292427,0
40767706,0
77790466,0
144856005,0
87145390,0
108703724,0
73511825,0
194322500,0
119134021,0
74498026,0
115213182,0
92833233,0
59375266,0
213420115,0
92688505,0
162994393,0
81136558,0
56045409,0
136602598,0
141592749,0
177142974,0
94849870,0
85610756,0
133072882,0
85100981,0
116535926,0
105615298,0
132630270,0
72171799,0
123642515,0
137963843,0
123715708,0
145547430,0
43158164,0
44167558,0
121858012,0
61712240,0
86046015,0
102031773,0
31238643,0
135731161,0
110202335,0
83913253,0
122928331,0
129323429,0
211626887,0
76028880,0
67695391,0
66756190,0
168936655,0
132055790,0
114406352,0
35850581,0
134580208,0
153032340,0
101958896,0
151705264,0
196370976,0
87180941,0
191513749,0
40043346,0
108074419,0
85983600,0
92488212,0
131328923,0
126562319,0
179398593,0
33977389,0
82874882,0
152501405,0
96568622,0
189290275,0
185334252,0
120436463,0
132666442,0
173495662,0
79026220,0
63914948,0
123077628,0
78078086,0
99749417,0
101343181,0
93227899,0
144917710,0
67070369,0
118579527,0
211534300,0
91762026,0
162806071,0
59565936,0
41320700,0
159386668,0
75994850,0
157269302,0
177185976,0
72571657,0
77057767,0
31476362,0
112058975,0
58498934,0
58782803,0
45365461,0
76403639,0
151397944,0
78796031,0
101128014,0
127615593,0
72486245,0
193591528,0
34207528,0
62598382,0
143308530,0
65346001,0
159854684,0
58458399,0
39069789,0
138547344,0
126259993,0
32331109,0
199015280,0
106739170,0
127206992,0
84974837,0
102263502,0
177873019,0
162932955,0
141622851,0
175205876,0
141592216,0
116408697,0
189664491,0
55934761,0
82161299,0
177393316,0
71009239,0
136568380,0
102761404,0
176904238,0
98275738,0
150014975,0
71880024,0
175234015,0
108495278,0
41400545,0
151639246,0
94218847,0
152744424,0
108851798,0
89856186,0
34178650,0
82101509,0
134283389,0
61799250,0
78535740,0
127902710,0
156777302,0
31513225,0
110528861,0
45614471,0
153102523,0
85572156,0
127996422,0
44164271,0
57102227,0
178815339,0
83017626,0
37181043,0
136330118,0
125280336,0
97483731,0
114696716,0
93641386,0
73705477,0
142253509,0
84061662,0
117503809,0
110266892,0
87931001,0
156735820,0
75310255,0
64799333,0
148593081,0
131557602,0
40066560,0
95329335,0
32832130,0
120840110,0
39877083,0
62480717,0
81319185,0
162301557,0
39072207,0
177653380,0
162824113,0
112034400,0
63216555,0
133630535,0
161391471,0
39517247,0
127139069,0
110293066,0
60337424,0
179639174,0
78018099,0
174587733,0
106131518,0
116294230,0
185073566,0
175911701,0
115425724,0
178970933,0
98898371,0
61389030,0
125402374,0
77947304,0
180997044,0
118502820,0
78839605,0
106194960,0
81489021,0
107873276,0
118707279,0
37014710,0
31726192,0
48035199,0
173126361,0
64690245,0
36122074,0
106667477,0
66127506,0
76547469,0
62260052,0
116465408,0
135051787,0
122846551,0
176203486,0
77312126,0
66748738,0
121168334,0
91506452,0
95945939,0
62405649,0
66405898,0
165335325,0
78675750,0
89313367,0
83508273,0
43591380,0
61380690,0
103911824,0
163814922,0
103064302,0
114105911,0
83005249,0
176960406,0
95785350,0
65506718,0
133973523,0
81266442,0
108864411,0
180963823,0
72694089,0
161412621,0
91555781,0
75776297,0
66534706,0
111320561,0
103035838,0
79641915,0
156723819,0
78926339,0
150682457,0
71773906,0
97376232,0
167113907,0
193007040,0
140145391,0
176605722,0
83698540,0
127630950,0
204904364,0
110249857,0
97273321,0
36102640,0
89438099,0
178914430,0
67019304,0
75227666,0
160026445,0
154117898,0
103943486,0
117452763,0
42820880,0
56174879,0
151018388,0
122174323,0
53328139,0
107784420,0
88981492,0
39335183,0
136251822,0
148023605,0
159645528,0
176116298,0
56462676,0
122885082,0
125801057,0
106978863,0
73473610,0
106521821,0
149754053,0
39864549,0
149135623,0
59128289,0
42700155,0
32860100,0
84212953,0
85277301,0
36996985,0
119935669,0
154807764,0
176794863,0
111412033,0
43844279,0
128277972,0
75056260,0
57209016,0
183336496,0
144464399,0
100811584,0
109154094,0
57018078,0
63250536,0
173969975,0
156778447,0
39437037,0
66629395,0
143766381,0
44946477,0
35218788,0
75052322,0
78762691,0
120215976,0
71541378,0
150767098,0
159381210,0
34121229,0
95993609,0
119479220,0
213549042,0
125246039,0
80112498,0
162240365,0
81022614,0
83950540,0
111662276,0
97181554,0
102591153,0
194348418,0
145083667,0
195158100,0
80664939,0
67182932,0
31391148,0
129178317,0
75520497,0
161444441,0
142966686,0
173382773,0
196200340,0
71280604,0
58698211,0
155069446,0
81985324,0
62705793,0
132809176,0
149985525,0
203777936,0
107273954,0
33877617,0
160960179,0
67776539,0
175298453,0
173560288,0
123867868,0
85287487,0
66259235,0
110773380,0
36843937,0
60950306,0
150905599,0
148074749,0
35135617,0
89538315,0
161080924,0
121913804,0
31849058,0
78797324,0
38029829,0
115930012,0
147635809,0
36416504,0
104360487,0
161457972,0
151586384,0
127808495,0
79030819,0
122155185,0
163607335,0
95455281,0
36166596,0
177781577,0
99862997,0
173498277,0
34169422,0
66028899,0
181255361,0
72345761,0
42813557,0
41313683,0
98868111,0
72244153,0
166615215,0
74301729,0
33140713,0
31765542,0
82586985,0
31158344,0
36387527,0
65380505,0
132332563,0
119723206,0
149556907,0
102471395,0
131380729,0
150031014,0
154972961,0
41433668,0
35798449,0
79692517,0
116433164,0
96267895,0
43866318,0
80110840,0
63141842,0
112454579,0
86567328,0
73079862,0
142997292,0
180911287,0
93557554,0
75178130,0
117896915,0
161444530,0
73644966,0
43083638,0
120292998,0
34185657,0
92839964,0
31543308,0
67225351,0
33496858,0
115589471,0
127423846,0
64980806,0
96935386,0
57102108,0
76057285,0
41901714,0
35100678,0
66692926,0
125591041,0
125751866,0
43425551,0
136759870,0
56922807,0
98356441,0
176539546,0
93961832,0
88033921,0
37814622,0
79892179,0
153965166,0
127352016,0
41273415,0
32671601,0
134536673,0
166835061,0
99084009,0
116830356,0
111350930,0
94596300,0
40401208,0
134899677,0
95427281,0
122912974,0
188312109,0
102651417,0
140366628,0
66865713,0
166340781,0
183039431,0
75921815,0
62815740,0
143114829,0
81945076,0
81644882,0
59881813,0
37605682,0
84701992,0
132878777,0
173642590,0
78514056,0
119277771,0
43365682,0
123646384,0
105791392,0
84052019,0
172181850,0
72467364,0
31602604,0
131730507,0
45072531,0
161173481,0
124091029,0
83560365,0
194790408,0
69773130,0
172164607,0
130113590,0
108026551,0
84776596,0
76965890,0
133061157,0
162626938,0
90591836,0
82124219,0
84148505,0
142298554,0
156152428,0
114280248,0
33096132,0
213388503,0
97577147,0
126285743,0
37367638,0
161939046,0
144272257,0
121181312,0
95437901,0
96732398,0
31681236,0
129498941,0
159475573,0
103009713,0
61215562,0
78661913,0
89021987,0
40877871,0
83097362,0
92704958,0
80810990,0
112225426,0
53129000,0
177234297,0
104186555,0
58866418,0
113208360,0
85896165,0
157377503,0
33369086,0
63534583,0
89883870,0
209820512,0
35516870,0
81139203,0
99173852,0
179840692,0
132843838,0
75239006,0
44087584,0
166563992,0
33940467,0
96877432,0
31579855,0
134314725,0
45234028,0
139590877,0
162109465,0
126670253,0
154868225,0
111962154,0
108877025,0
41867101,0
159448432,0
61585139,0
38003783,0
150172573,0
77494171,0
38622755,0
166059665,0
67295169,0
139548290,0
86779544,0
85016181,0
103483868,0
175596130,0
59940675,0
121633320,0
72080318,0
162543135,0
40463150,0
42776644,0
109046091,0
132589084,0
63111631,0
77794947,0
94704569,0
154050805,0
66139221,0
71841918,0
61714678,0
175427469,0
86105045,0
42077215,0
31559830,0
59840420,0
75016594,0
155937498,0
113507251,0
72323732,0
105059985,0
43970521,0
36783752,0
90401392,0
59265585,0
63753382,0
73955918,0
86344136,0
192502071,0
82222451,0
161568867,0
56034306,0
37997753,0
63909589,0
107321960,0
204722556,0
55902675,0
118091327,0
35171384,0
71450006,0
147645491,0
118622104,0
56848450,0
136239199,0
131790307,0
34494793,0
78093710,0
33493581,0
90295788,0
152103759,0
149227559,0
95382177,0
129404686,0
127717645,0
40554019,0
144525048,0
168262047,0
129203316,0
166274437,0
126923615,0
78181924,0
94427806,0
42334220,0
116660135,0
64711830,0
45602134,0
76768854,0
43083915,0
84586439,0
143741223,0
83364236,0
122174569,0
88541505,0
180225103,0
34860827,0
44512639,0
60142667,0
129988404,0
145830026,0
60648069,0
140222196,0
61233603,0
131800710,0
102272246,0
156627166,0
97324851,0
125124288,0
87760948,0
41445659,0
121581386,0
105532877,0
133758830,0
131162946,0
34442652,0
138588165,0
98204943,0
75297493,0
44396227,0
44546422,0
76825772,0
152043732,0
190289217,0
110559644,0
61216973,0
164548293,0
144886433,0
128243764,0
95855671,0
84622640,0
193453205,0
80728855,0
159749790,0
176809184,0
43280873,0
78880564,0
55789944,0
90131044,0
179422428,0
94010549,0
91614031,0
77202949,0
71836401,0
95675482,0
175710539,0
155890430,0
115656337,0
85448539,0
126762168,0
157182756,0
44426418,0
133356002,0
164535048,0
84283304,0
64129701,0
87059248,0
185806650,0
73937531,0
62889605,0
61884425,0
116642715,0
75845157,0
65587589,0
147709377,0
65262396,0
146565539,0
163435120,0
88026460,0
33587411,0
83240393,0
164843750,0
144207000,0
58309852,0
131445375,0
43632201,0
177990743,0
144242234,0
82016019,0
87834575,0
180055030,0
81850821,0
118118330,0
153860716,0
103792234,0
88172105,0
156755639,0
178324069,0
75816210,0
80811404,0
117512593,0
119979076,0
108880321,0
81756636,0
97452070,0
105893522,0
33144898,0
71900454,0
115040859,0
73155829,0
76736541,0
106306565,0
65853397,0
57670400,0
31914178,0
204069504,0
178436603,0
143405874,0
65467239,0
45162848,0
118133164,0
99223210,0
65406531,0
74879071,0
39596717,0
109386750,0
134283271,0
82840190,0
96117610,0
59902115,0
87165070,0
44995282,0
36837452,0
131390865,0
122177244,0
149662779,0
120536353,0
38496937,0
77408957,0
58224588,0
173446511,0
145146023,0
194672496,0
144478779,0
81357943,0
56287165,0
81462640,0
118558968,0
68438099,0
80534552,0
91984546,0
86219355,0
88728218,0
35569633,0
105171521,0
41971077,0
74742575,0
102849638,0
120817696,0
31289906,0
45561037,0
122222812,0
92948787,0
104236159,0
34558057,0
144050211,0
110636528,0
116837778,0
107900546,0
34277060,0
135804048,0
117937795,0
120448652,0
60342655,0
67717312,0
44337710,0
40199276,0
139306751,0
62122529,0
113375274,0
164882764,0
192413077,0
165644846,0
183872445,0
182328187,0
145158883,0
157880912,0
185546586,0
31450751,0
72325963,0
94676688,0
132998357,0
83144845,0
69496604,0
98775998,0
102401617,0
118145609,0
40284648,0
63352677,0
143629263,0
155415899,0
192238010,0
37306288,0
83576956,0
92909545,0
55737616,0
102906260,0
61783972,0
69934824,0
72008902,0
65212584,0
74052966,0
103431175,0
74621406,0
146394785,0
100434733,0
65517160,0
141602125,0
33362078,0
38321989,0
143198218,0
176734777,0
165269031,0
72759909,0
138552052,0
60755401,0
41671229,0
35402511,0
76580581,0
179084572,0
115105268,0
60218278,0
127272881,0
127865501,0
122391977,0
101848238,0
198764730,0
122145701,0
155849550,0
95929752,0
136351436,0
75355428,0
167159771,0
162540993,0
97256504,0
39270537,0
69557726,0
138951682,0
37543218,0
74382581,0
167195370,0
36114928,0
160348204,0
111205985,0
162236486,0
161188690,0
104012326,0
65352466,0
157414336,0
159443418,0
132514638,0
138061276,0
128017868,0
132496478,0
136750948,0
89082655,0
115988528,0
130053839,0
204208853,0
176372977,0
75114629,0
65782909,0
105076132,0
149534533,0
166437375,0
74404570,0
95068550,0
174150214,0
57762424,0
73736704,0
61714766,0
35500555,0
147673205,0
164479305,0
96238908,0
133554469,0
39190099,0
36036761,0
40899722,0
68112520,0
78421479,0
123336330,0
113538626,0
94669108,0
95946639,0
131360802,0
115001035,0
37018411,0
166656904,0
59704673,0
65380939,0
86035070,0
139094831,0
92138275,0
130708599,0
71966512,0
161272453,0
112916555,0
164277945,0
112634452,0
180526531,0
72081976,0
92560605,0
199361288,0
83963519,0
44589957,0
213645152,0
119544468,0
107349249,0
128595635,0
140288796,0
194350105,0
78766008,0
111437111,0
87346888,0
67546321,0
131690674,0
81463834,0
98530304,0
95907960,0
103800515,0
32304708,0
105170327,0
89169804,0
175954407,0
80296596,0
80853024,0
82590943,0
125397291,0
164343588,0
79745793,0
167137692,0
100185851,0
115393302,0
73758842,0
106510175,0
163220121,0
45540933,0
35167012,0
176962390,0
160196854,0
66720353,0
31478504,0
33488508,0
130351970,0
130430394,0
87077971,0
60011934,0
151792965,0
118322690,0
126888529,0
83321185,0
65788189,0
91542200,0
111435147,0
179856069,0
34886587,0
120015297,0
85760004,0
86599295,0
60123066,0
41608202,0
62694976,0
66793990,0
59391975,0
33214942,0
82553113,0
133071520,0
95682410,0
60916059,0
107392587,0
88385506,0
146011449,0
41328635,0
153209480,0
58761731,0
66340887,0
92754632,0
144723713,0
44962248,0
177622262,0
87658146,0
40757235,0
61796694,0
57778610,0
60503233,0
138563619,0
40093405,0
130284453,0
132289808,0
121465576,0
180913715,0
99270238,0
60144315,0
133000262,0
133021876,0
67130435,0
154520647,0
104996168,0
79417925,0
130849783,0
107044318,0
177440740,0
89046858,0
35294162,0
73515250,0
36847825,0
115850946,0
75931941,0
139019190,0
79849996,0
115955357,0
107850211,0
31117730,0
173502462,0
38376805,0
84207209,0
138781797,0
177328068,0
121792507,0
96845652,0
73276682,0
79492973,0
71734852,0
137039160,0
72060737,0
81045393,0
103143821,0
106329256,0
34552974,0
194149200,0
45315373,0
36954298,0
175487594,0
81166029,0
185683438,0
59176729,0
35682886,0
145240663,0
65280121,0
176010920,0
166523971,0
177324446,0
102579507,0
144153270,0
33643757,0
36763351,0
90452250,0
40166381,0
42049225,0
90192502,0
82067272,0
62501206,0
60263293,0
143770408,0
158373188,0
113177981,0
89542500,0
91936550,0
79488127,0
85921184,0
64742613,0
56596340,0
66703575,0
142503022,0
213639250,0
35753809,0
92705343,0
79292581,0
97957561,0
142885983,0
40226260,0
120665457,0
151295951,0
129269966,0
149542310,0
166159506,0
143390428,0
151753447,0
195870597,0
119316046,0
162303373,0
97701406,0
142595076,0
92868093,0
88774368,0
109205002,0
135745077,0
40234669,0
78688748,0
206013135,0
115490696,0
58309970,0
208334495,0
141401693,0
118006714,0
109070242,0
86143912,0
109626907,0
59828527,0
150997948,0
33168871,0
58877453,0
86086905,0
41455855,0
164663313,0
39469646,0
67533401,0
44867540,0
63140983,0
67228973,0
95283876,0
159629233,0
80076365,0
39413903,0
83298001,0
162960442,0
42514133,0
108686916,0
87693805,0
177731192,0
132385731,0
174812079,0
33128564,0
31503987,0
127419918,0
167031081,0
77416744,0
81083045,0
155487631,0
84633122,0
111220463,0
113164499,0
151704198,0
61954104,0
133888713,0
106092681,0
77064932,0
90993963,0
38981732,0
66348526,0
138077778,0
40695480,0
128304403,0
80603718,0
72374057,0
129467131,0
59542585,0
157240137,0
71936765,0
90300347,0
67900501,0
67072590,0
110402096,0
35342790,0
178799034,0
114792777,0
133026831,0
175919725,0
145435223,0
159710114,0
35505273,0
110985991,0
146575339,0
204602946,0
110740939,0
34235696,0
106885931,0
199364180,0
162094167,0
98797445,0
121630241,0
86732140,0
95290419,0
122708850,0
72979824,0
48689189,0
86162161,0
32017039,0
200724596,0
145675774,0
175241595,0
84932477,0
72838116,0
63600226,0
57538315,0
93687517,0
161346544,0
165453444,0
185090384,0
88648985,0
67984166,0
129081979,0
108155902,0
87624905,0
81409423,0
107091061,0
214046322,0
66521333,0
148272556,0
88613109,0
100726429,0
32447344,0
102539150,0
123688359,0
145382015,0
113352791,0
73840868,0
97341313,0
212357366,0
122705830,0
97414338,0
76993338,0
128721245,0
146745630,0
131254585,0
123645525,0
91452643,0
41194991,0
42723092,0
148050342,0
55871013,0
58381317,0
115374521,0
111162983,0
144640374,0
117512849,0
96362130,0
129018804,0
33510063,0
150773435,0
150155519,0
157172995,0
33769427,0
140982353,0
74890579,0
114557850,0
40952367,0
154168302,0
76955705,0
108212731,0
42633742,0
56548789,0
74281250,0
45049673,0
34910550,0
132567035,0
176203338,0
75526024,0
111125222,0
77039399,0
81208152,0
121779617,0
138959598,0
120556576,0
62351070,0
131360624,0
167188008,0
123559610,0
103350945,0
157053217,0
195413299,0
75968804,0
100656079,0
31640405,0
105752575,0
98542572,0
135690202,0
83856355,0
82147936,0
35215176,0
156448319,0
122827680,0
40286227,0
73355727,0
90112489,0
64925546,0
94191824,0
62230345,0
38545022,0
178671410,0
131715989,0
139320075,0
134545723,0
144256930,0
177487847,0
33707189,0
87409915,0
71576721,0
75782110,0
110169311,0
151740913,0
78761754,0
112031745,0
176932702,0
36463483,0
76478184,0
173621312,0
86368258,0
32467527,0
128529607,0
77621696,0
61010205,0
33342586,0
73946710,0
61098656,0
131402422,0
159532096,0
75369522,0
33615244,0
115568626,0
192159340,0
56798845,0
181044547,0
160123453,0
128463284,0
81667839,0
67231490,0
78808496,0
33382291,0
196183088,0
140372599,0
40002032,0
113374584,0
74309220,0
116161562,0
100512160,0
39355011,0
171225682,0
162047474,0
86403818,0
42193933,0
163066421,0
175540920,0
131847689,0
77944284,0
182268170,0
117074363,0
145671678,0
143537525,0
41397496,0
132520500,0
108872139,0
71553301,0
112477150,0
74236165,0
31181478,0
144716103,0
45416142,0
110005446,0
85009243,0
117080442,0
84562278,0
130276142,0
62374066,0
129301450,0
145634549,0
193943132,0
34242664,0
154996401,0
165414114,0
31136562,0
162992459,0
78805348,0
132867358,0
40558244,0
179416654,0
173636195,0
78738560,0
110116538,0
73593486,0
40269242,0
92766919,0
163140463,0
151778496,0
37018925,0
186359861,0
124677975,0
214694024,0
110548620,0
178094236,0
180737819,0
132434783,0
71113442,0
132588443,0
114402977,0
106701971,0
120751757,0
66985698,0
67058150,0
88606704,0
157353263,0
212503633,0
180361452,0
32582113,0
103565707,0
141897917,0
180845980,0
157310241,0
104397626,0
109585564,0
87538852,0
32203071,0
156666230,0
134012024,0
90098899,0
65586859,0
142833506,0
57682599,0
33288313,0
77359944,0
81245144,0
42135100,0
102557290,0
37297396,0
108437117,0
180963271,0
127513680,0
177120096,0
207018650,0
82217418,0
134640096,0
195457672,0
169885035,0
177673080,0
31525177,0
135734497,0
163756099,0
120159364,0
33082877,0
34882511,0
95752475,0
32643226,0
194695749,0
108747644,0
175927009,0
129182659,0
142369802,0
96295500,0
94295997,0
214377180,0
82011301,0
133284457,0
68919686,0
152373949,0
127842614,0
138423579,0
213860447,0
148164632,0
36855948,0
59062912,0
33606440,0
115731415,0
134323766,0
157798885,0
196071522,0
95999609,0
95942524,0
161496029,0
107671462,0
83582118,0
108401695,0
74737827,0
194712685,0
65904048,0
95671534,0
73262874,0
193319906,0
57183621,0
74478987,0
159522878,0
115524213,0
132438977,0
62081383,0
127198316,0
70936994,0
117097684,0
40589491,0
96242402,0
143164108,0
89228528,0
102244256,0
102923147,0
132206775,0
42199875,0
35184491,0
60014836,0
57666946,0
208165972,0
33416578,0
107170777,0
86540778,0
81942855,0
79477162,0
155467497,0
87840536,0
59301352,0
156293583,0
52291693,0
180251998,0
106259862,0
39288006,0
120301082,0
102269127,0
84054457,0
33100889,0
113342211,0
205056227,0
89105780,0
56664332,0
65538537,0
84704173,0
85390506,0
82595424,0
124014490,0
132414886,0
68293084,0
176653639,0
178532624,0
61959296,0
122402271,0
137861821,0
31196539,0
96119644,0
154245680,0
79339856,0
59006754,0
80236302,0
146989892,0
71446749,0
31977126,0
208433221,0
139731401,0
34271474,0
73349747,0
58509139,0
92240583,0
70404193,0
115475339,0
164593259,0
82621746,0
90892257,0
32506759,0
37464291,0
141132381,0
160779378,0
73816687,0
84133848,0
203012854,0
142658212,0
36208304,0
214001533,0
149018698,0
32155776,0
105588226,0
105728582,0
49410370,0
86532211,0
43029662,0
90326068,0
136855151,0
97727461,0
84371084,0
42305697,0
60787872,0
214745168,0
36036159,0
44524295,0
107928447,0
104465845,0
73478357,0
67328360,0
89401246,0
93228580,0
115579917,0
35230276,0
88636569,0
32133402,0
166037636,0
76877794,0
78654688,0
89475999,0
72502224,0
97649837,0
113058875,0
123932829,0
119644200,0
33751721,0
74448855,0
155220668,0
44647684,0
95530892,0
38650489,0
76361140,0
103911716,0
44336506,0
148030504,0
84418804,0
78019017,0
154917099,0
178479891,0
63022933,0
213977057,0
42245837,0
131859987,0
37513056,0
151425983,0
66737319,0
149736909,0
185226110,0
132186621,0
37488589,0
196637169,0
143655901,0
86681874,0
191429551,0
41392778,0
35900432,0
125515499,0
157449492,0
184484420,0
154215706,0
121389492,0
80609788,0
121129378,0
82712625,0
33139331,0
33060503,0
98368541,0
86033757,0
34403164,0
144024224,0
63998435,0
174356715,0
108503095,0
77805981,0
113289833,0
93844739,0
192274715,0
83018386,0
193765460,0
131801164,0
130853080,0
94198792,0
203978615,0
75618265,0
91414053,0
73944410,0
84025352,0
41498096,0
115508905,0
38172148,0
33920422,0
74988496,0
75431384,0
109112918,0
135843379,0
159500612,0
68497030,0
151072622,0
142019293,0
64251620,0
99034088,0
82974121,0
165313809,0
73656010,0
137280541,0
57049217,0
127232583,0
97269600,0
60123362,0
31678502,0
82263262,0
113424099,0
103838404,0
61106690,0
144572955,0
66030567,0
133942266,0
190187432,0
35643191,0
43908106,0
63668030,0
183674885,0
163451731,0
110484201,0
35113716,0
122718829,0
58347070,0
59058323,0
194394992,0
43296911,0
38119849,0
199083370,0
67219045,0
180332326,0
84381220,0
39346937,0
154157150,0
45034010,0
87265632,0
80032969,0
133446496,0
164473481,0
133041112,0
40795993,0
37076830,0
159370245,0
80438708,0
36860606,0
33999862,0
36715158,0
133864681,0
180380490,0
175047242,0
133576271,0
140087940,0
99791886,0
77442602,0
156299604,0
90163574,0
69879406,0
105530232,0
42091329,0
114403914,0
149463294,0
154218775,0
106026091,0
147016234,0
193970886,0
82158487,0
154108117,0
141539660,0
113022002,0
104302601,0
147595126,0
121657284,0
77356500,0
179112947,0
111996570,0
143383213,0
65341471,0
61833221,0
40646369,0
135282874,0
146731319,0
69718354,0
127989533,0
142543468,0
82025809,0
155267273,0
94489925,0
33669112,0
175343133,0
164615772,0
87913166,0
140764995,0
63571555,0
179228944,0
134613034,0
134610764,0
81444845,0
103448269,0
211640941,0
118022002,0
106410502,0
74417085,0
91222948,0
42883305,0
66421778,0
73730121,0
204330900,0
137912383,0
83999237,0
90881588,0
66856830,0
125548780,0
102331523,0
75456137,0
89767734,0
84037511,0
126226081,0
34014558,0
81193822,0
115299749,0
109769780,0
144617546,0
117623369,0
132160102,0
126097263,0
82706921,0
95443813,0
87172976,0
80253051,0
151420664,0
212465280,0
174487873,0
95969389,0
158098586,0
76089065,0
92711709,0
168606694,0
143732015,0
79371972,0
115014083,0
86296742,0
121622306,0
151476999,0
144406978,0
114292753,0
33481126,0
192673112,0
77379289,0
165647826,0
64203140,0
39054570,0
164830465,0
115489156,0
198735664,0
124195854,0
83106541,0
79337941,0
79743335,0
90165509,0
185717163,0
83341240,0
88029006,0
58844518,0
164819934,0
79629756,0
126312391,0
108017343,0
191401058,0
65610575,0
36144073,0
152111793,0
162099595,0
115797719,0
76165456,0
35040957,0
156572903,0
92561947,0
78086959,0
63167118,0
37136521,0
60690657,0
83414917,0
68739497,0
103917766,0
110120457,0
113798601,0
33159406,0
34266608,0
99358285,0
104886497,0
89397861,0
41350753,0
33304272,0
32801416,0
42099905,0
161761018,0
59198037,0
45268443,0
154791341,0
95442105,0
92199259,0
205299158,0
65868271,0
125150808,0
60234158,0
89512516,0
104473148,0
194429378,0
132166704,0
159425307,0
73042762,0
166117116,0
138222476,0
35930376,0
36616018,0
154115579,0
71384264,0
76229332,0
83516929,0
95559257,0
83961653,0
85813921,0
175186374,0
118109793,0
114773235,0
75356375,0
69313454,0
101388739,0
112846915,0
115786458,0
58684058,0
58060022,0
79424290,0
65566498,0
129878407,0
76611720,0
82740398,0
123747103,0
32614989,0
137071700,0
86548792,0
124140091,0
77411474,0
62492975,0
84498303,0
43226343,0
82693804,0
174927070,0
94250301,0
37351738,0
62968433,0
32507766,0
102362602,0
94389354,0
142599478,0
111765730,0
45252079,0
97194937,0
39148460,0
116153568,0
150196862,0
98750288,0
159818197,0
41559772,0
126121019,0
163563751,0
118998274,0
59560429,0
59602770,0
121398157,0
78995624,0
63802444,0
142429908,0
122802197,0
80330912,0
109808212,0
44047672,0
40445681,0
100253429,0
161653795,0
64856528,0
63678324,0
64025330,0
85227785,0
124788188,0
65965299,0
109344114,0
31765295,0
82622634,0
80120640,0
95613293,0
164028945,0
106980995,0
140116118,0
152160242,0
92780984,0
152049683,0
69990568,0
32653322,0
43556077,0
41967120,0
113463114,0
164126595,0
44704681,0
122715118,0
35578643,0
65274565,0
94169331,0
85802571,0
146372845,0
37721177,0
152249967,0
66029530,0
112701901,0
111596377,0
138696938,0
75407519,0
179814764,0
33473723,0
64940291,0
141893091,0
138106430,0
148075727,0
103483000,0
37542853,0
91626319,0
75559807,0
81914401,0
117243439,0
58750431,0
87588940,0
164503377,0
58740946,0
96933392,0
31884993,0
84136178,0
67177612,0
41456348,0
101351471,0
60063443,0
179090829,0
89713284,0
132471942,0
156911016,0
111496102,0
163652863,0
83723826,0
61688158,0
154439055,0
143614735,0
126742735,0
101357442,0
106538017,0
166608346,0
106934085,0
86469382,0
137791510,0
87860818,0
38017492,0
101282651,0
115019402,0
85458685,0
104626719,0
116392452,0
146644575,0
56103640,0
105745942,0
79398916,0
85003874,0
111490752,0
35517669,0
153179279,0
143152363,0
178357626,0
141583234,0
137857854,0
92862743,0
37892493,0
151462353,0
112201778,0
141227346,0
39175996,0
148080592,0
74165153,0
100565565,0
77402630,0
194710326,0
105986652,0
110237194,0
162244086,0
125656309,0
106175122,0
64061373,0
115270130,0
138383045,0
206874761,0
138008760,0
136368284,0
115911634,0
41313722,0
88030980,0
37255114,0
85769271,0
214272819,0
35188932,0
131223151,0
132406131,0
41561943,0
174058723,0
107492941,0
40562882,0
136989052,0
66810779,0
42972674,0
79283866,0
181150763,0
109910353,0
122052236,0
90796946,0
122619688,0
124428619,0
149966269,0
57975242,0
203999341,0
119647576,0
92063088,0
63346478,0
212354701,0
133705119,0
121054182,0
213762422,0
115846534,0
56573305,0
176641381,0
104013373,0
132600997,0
193870749,0
106199559,0
63479540,0
32020720,0
43322621,0
105644710,0
134897338,0
45505896,0
122819400,0
114826333,0
143653591,0
36265667,0
69778855,0
85762698,0
179555125,0
92640934,0
206804845,0
67485297,0
198941820,0
85747282,0
143075696,0
185201762,0
99105061,0
111177432,0
72196454,0
37638973,0
34908211,0
102420113,0
142856453,0
123570812,0
85493574,0
41634248,0
128668788,0
89808279,0
78088351,0
77478064,0
66698670,0
148190194,0
82089301,0
60202447,0
92482398,0
89285318,0
194903662,0
134275454,0
65170549,0
90110565,0
82153433,0
74752168,0
99285586,0
185614371,0
76990811,0
137066440,0
38233143,0
43809133,0
32768678,0
97094346,0
191287676,0
105523047,0
32382698,0
37434672,0
39875988,0
140970451,0
36112115,0
56463841,0
149507569,0
105756483,0
128731638,0
76920717,0
82655836,0
117366878,0
41314413,0
170059697,0
60358179,0
125769089,0
80213651,0
105515339,0
77159601,0
119128474,0
204670573,0
94075550,0
150900427,0
87645108,0
89324934,0
100014574,0
113793844,0
193935543,0
89436412,0
31526372,0
150922426,0
160096973,0
151537905,0
44970105,0
124601584,0
95357651,0
102184496,0
94550584,0
134018321,0
144937972,0
105469978,0
95011356,0
71613338,0
93751037,0
65883292,0
140425402,0
36641935,0
94659919,0
93448060,0
92074113,0
80187300,0
79864031,0
78743791,0
109410082,0
71903169,0
78543922,0
212175242,0
142176832,0
192881400,0
83818110,0
194467238,0
92910818,0
157710947,0
32824333,0
196039268,0
80887183,0
129995520,0
63361559,0
86320578,0
81701514,0
104049959,0
72886911,0
39620789,0
79533113,0
103481519,0
131865287,0
179461324,0
106692684,0
100786407,0
45535218,0
78945092,0
114317210,0
42999095,0
106304631,0
83549331,0
185677951,0
121561499,0
97178159,0
93841384,0
42719085,0
134282205,0
68406733,0
76885019,0
106300426,0
32181072,0
81360302,0
97602009,0
71499640,0
193339547,0
75068469,0
77210213,0
141222718,0
149567527,0
134232886,0
76274544,0
69662462,0
92911134,0
204806171,0
105566177,0
60343947,0
82988787,0
78815168,0
35493607,0
64392637,0
176962409,0
60653774,0
72874347,0
73918808,0
153076842,0
82469251,0
80123335,0
112135850,0
66658303,0
209866258,0
108877429,0
76494656,0
176490297,0
212863746,0
122800559,0
180419445,0
32780216,0
82908557,0
205103552,0
116765385,0
75824412,0
118535804,0
56004500,0
66847711,0
90903962,0
31799177,0
58229592,0
100183976,0
107646127,0
195073074,0
132987559,0
32971094,0
56922018,0
93575388,0
140457201,0
41405806,0
137519267,0
144836029,0
65781310,0
60822071,0
45106552,0
43349891,0
121558657,0
187473488,0
61424225,0
115258800,0
167283526,0
175720014,0
81675054,0
111898535,0
92762814,0
138543367,0
63034875,0
108377662,0
130897079,0
123780749,0
135952635,0
108659676,0
80878853,0
134082029,0
84557175,0
138826447,0
179242456,0
77804007,0
96989304,0
115160133,0
155859824,0
83378982,0
43135957,0
37170818,0
86403009,0
63857211,0
175285988,0
85142670,0
157807462,0
205951183,0
37293240,0
88687121,0
137638324,0
72083466,0
210594970,0
127596851,0
83240412,0
156266787,0
31334941,0
65499256,0
34822681,0
92003663,0
140766614,0
39485457,0
155890213,0
167152201,0
91972051,0
167039273,0
134110365,0
91665353,0
74447710,0
110158030,0
74243854,0
92364644,0
63143628,0
150690767,0
109370011,0
96200012,0
134049618,0
46505568,0
45671429,0
64879682,0
36162085,0
128246557,0
188029631,0
97216966,0
104876914,0
114198863,0
72804994,0
64084231,0
163152198,0
138133650,0
79546555,0
67164515,0
45011034,0
128038525,0
41647512,0
31300219,0
114897720,0
150968843,0
196267868,0
59530317,0
58592645,0
57875125,0
118089895,0
37425799,0
95591649,0
145538222,0
74163920,0
88764449,0
60884229,0
111278763,0
175711921,0
213950083,0
213247999,0
126798923,0
37378928,0
32632221,0
85912479,0
160783513,0
60830341,0
110903195,0
41309044,0
103466073,0
43523369,0
90865688,0
80029929,0
191773063,0
135460083,0
96721522,0
32489329,0
34510427,0
207999107,0
77779876,0
134842098,0
43172860,0
64007683,0
74168203,0
115032154,0
84564272,0
111077858,0
61327394,0
147016915,0
173404920,0
31923337,0
73315302,0
136104765,0
41853649,0
140086519,0
136844936,0
41555705,0
104948103,0
34294253,0
126369536,0
61981660,0
139321092,0
146198084,0
104012099,0
60246436,0
111216950,0
94752309,0
35368480,0
129119859,0
121553929,0
98141728,0
156858549,0
212345049,0
144863131,0
106514488,0
41129348,0
41785006,0
41166172,0
67106650,0
195575831,0
141305514,0
99442473,0
146209700,0
65157669,0
94440113,0
74871107,0
97469480,0
111978183,0
120425054,0
84153992,0
116259025,0
56780448,0
163652784,0
162976263,0
118431196,0
183294747,0
154304286,0
75388086,0
66508502,0
63157475,0
116305293,0
154835270,0
38813288,0
77467651,0
125731525,0
135274524,0
175010192,0
32943834,0
101715107,0
33641852,0
155343436,0
75319088,0
42056726,0
193603776,0
102888958,0
65629081,0
116809768,0
116214335,0
32767573,0
105043601,0
91810722,0
151275215,0
120107529,0
162170153,0
138350544,0
140034161,0
32168073,0
150262397,0
112129730,0
88495532,0
111634444,0
89166606,0
153900293,0
90492815,0
63425337,0
64385096,0
81976294,0
40275736,0
85886828,0
112343042,0
59495862,0
110236839,0
176464952,0
57716718,0
150259524,0
87744041,0
93157479,0
75124676,0
81785041,0
142859374,0
33573781,0
164181075,0
95403584,0
176165656,0
177371840,0
131476602,0
109739993,0
91155252,0
67525131,0
180412951,0
134226846,0
55265414,0
66487737,0
205649302,0
135494153,0
45897472,0
176432708,0
123552632,0
97392457,0
73660935,0
79553928,0
180327520,0
88285961,0
135327583,0
75766299,0
146063916,0
81296821,0
85093213,0
33932818,0
32566253,0
174224601,0
113322265,0
31611359,0
38463706,0
104921376,0
122037895,0
136094609,0
56587833,0
113747151,0
104043978,0
109142053,0
89289927,0
72423425,0
144474229,0
31320067,0
76191472,0
110818050,0
38859349,0
115062473,0
45584369,0
62570698,0
181148316,0
152095715,0
80194307,0
129485370,0
39261930,0
96483358,0
62397171,0
88747217,0
80507845,0
38753606,0
122143539,0
96392282,0
96005186,0
32683365,0
114058587,0
135448960,0
81661838,0
130090337,0
85693256,0
112419393,0
93485002,0
102875506,0
69893530,0
90289609,0
82616880,0
102259129,0
145405002,0
213939740,0
65030213,0
138813952,0
81998175,0
80248027,0
157286071,0
69794083,0
101872014,0
205634645,0
212980572,0
161876739,0
45195832,0
174970388,0
91715905,0
151208526,0
58217926,0
108044859,0
58788429,0
64383507,0
56375212,0
40898064,0
95320808,0
125482002,0
160560628,0
117764672,0
66653872,0
78436679,0
100595134,0
94142130,0
131846495,0
92202783,0
55850060,0
61292446,0
102233330,0
62254367,0
159390043,0
61821368,0
74463373,0
159580260,0
59473902,0
73042141,0
156872436,0
120288656,0
151076432,0
137490231,0
84896749,0
62093651,0
97524552,0
108324771,0
102252379,0
130970864,0
60371474,0
157365067,0
60081959,0
113657654,0
126915404,0
83536688,0
94866253,0
140754306,0
107389893,0
73873467,0
39687370,0
179976399,0
44888177,0
76238195,0
102776770,0
99142111,0
193934980,0
185759888,0
200127762,0
155322789,0
107875990,0
84925341,0
84605082,0
41300783,0
108978711,0
143779054,0
131029825,0
117973079,0
103876679,0
78182921,0
159541403,0
86512087,0
87987080,0
113276509,0
116781581,0
151826827,0
75109457,0
185782983,0
78823123,0
32421239,0
135584598,0
36310356,0
205922749,0
44115831,0
90562474,0
149611338,0
34282695,0
75526034,0
39410300,0
134372600,0
137666147,0
130434184,0
184721103,0
124392102,0
80278544,0
140712686,0
38975534,0
34838196,0
75659036,0
194918999,0
213121303,0
108225552,0
89281597,0
56371994,0
103254706,0
106735034,0
87394262,0
194465461,0
118570338,0
135135166,0
57057152,0
139436704,0
89198337,0
138903469,0
87250995,0
62640831,0
151270695,0
31833563,0
177566794,0
63284527,0
138858562,0
174161159,0
75516973,0
110135449,0
34543934,0
146560969,0
82622151,0
41143314,0
112925230,0
116202600,0
154370106,0
177448833,0
124246870,0
108273844,0
114843427,0
110430431,0
96802324,0
34965297,0
43891317,0
98320417,0
68075351,0
213638431,0
88513002,0
107532992,0
37627761,0
208077007,0
120804787,0
64713764,0
60460399,0
36631622,0
33991384,0
85291188,0
151049803,0
132500327,0
155446159,0
31818127,0
44975651,0
91464704,0
86601891,0
83703297,0
166236676,0
113142569,0
178712942,0
114261881,0
90205392,0
34348516,0
90145335,0
72759633,0
147597613,0
101810378,0
195078275,0
63602456,0
148270533,0
55953434,0
205289732,0
106602545,0
90847271,0
85635262,0
101105432,0
116494089,0
128587127,0
83192140,0
67292899,0
138265439,0
40244824,0
112620625,0
72329762,0
107683839,0
65463657,0
87669752,0
124225049,0
43826435,0
61150403,0
151200562,0
160420055,0
57893621,0
150765963,0
95364392,0
75755186,0
145447678,0
116488927,0
105816895,0
60970263,0
72001243,0
39674371,0
143982555,0
124413262,0
118513371,0
36116695,0
157266687,0
78983415,0
173653082,0
131566297,0
67388861,0
36319338,0
122426106,0
119291924,0
115900087,0
112519442,0
85993963,0
66951470,0
109130427,0
140246959,0
62605923,0
31717980,0
69017829,0
129311694,0
80470932,0
39859880,0
68449735,0
135629643,0
79631542,0
108973658,0
79288623,0
89434615,0
94282308,0
84686704,0
45231195,0
65373093,0
175684315,0
93101223,0
167223874,0
93969047,0
139570625,0
126172548,0
133264343,0
69275347,0
81100919,0
66920904,0
151001107,0
77925631,0
86688684,0
85261816,0
66463072,0
117261016,0
70772724,0
137940216,0
117072616,0
175187104,0
54738624,0
180495205,0
122996046,0
123236756,0
93951538,0
154641490,0
160904455,0
59385648,0
189825277,0
140215130,0
132387537,0
101124461,0
40918228,0
95668040,0
90695053,0
32803646,0
173516674,0
120843466,0
177278937,0
85250920,0
145710979,0
113525519,0
96166603,0
65574433,0
92711531,0
147436541,0
192154415,0
113025515,0
78582709,0
107102421,0
116112570,0
194419508,0
180049760,0
97644369,0
159204781,0
124977853,0
96937261,0
149176799,0
60997315,0
88992092,0
69833246,0
91549188,0
59519707,0
125610080,0
160516461,0
174357466,0
90745447,0
177772309,0
206054834,0
128349428,0
45067468,0
38255576,0
213884835,0
176204789,0
40438318,0
81915467,0
139880639,0
106194802,0
117849511,0
31312626,0
93395327,0
131602943,0
44636473,0
93836419,0
132920466,0
71897977,0
66437698,0
68644650,0
99456971,0
44672023,0
105812138,0
101832713,0
151665302,0
180609268,0
130554061,0
93702459,0
103433573,0
40347912,0
92473190,0
113673919,0
59984368,0
124878643,0
131533461,0
131377028,0
75644943,0
184624025,0
31124501,0
156629870,0
95464243,0
36030612,0
39286338,0
85537138,0
35892240,0
36765779,0
91974992,0
113344600,0
104086289,0
77564768,0
61548691,0
39738030,0
177910503,0
33323794,0
127557224,0
161667612,0
154900785,0
140898314,0
58432067,0
125727390,0
33644349,0
148345463,0
56081729,0
86401518,0
74698428,0
87687320,0
37681994,0
121235062,0
76246535,0
58770239,0
71392861,0
148780002,0
94038697,0
110288487,0
153430105,0
32430733,0
192617111,0
41362626,0
120996790,0
156530148,0
74133324,0
120225115,0
198985227,0
214069337,0
103236931,0
84163980,0
77876628,0
142082025,0
180110073,0
34870035,0
122234300,0
94234529,0
125371689,0
87933419,0
134779406,0
110536638,0
104232705,0
32307205,0
38872259,0
94050688,0
136931335,0
68734710,0
148094291,0
213753609,0
144553748,0
44321849,0
154849798,0
98929076,0
118360293,0
34925976,0
136606082,0
88605559,0
90028795,0
83495848,0
58041359,0
59096351,0
159703640,0
167228216,0
208210365,0
73655596,0
80284328,0
60089035,0
149909736,0
79702515,0
87918832,0
65439673,0
93904381,0
135291382,0
128561980,0
103334561,0
82200571,0
119732000,0
77916422,0
78964160,0
61921485,0
59605642,0
94902563,0
65987180,0
78044026,0
77932954,0
124277121,0
127457561,0
60623593,0
43043351,0
104715447,0
123422877,0
110434547,0
142466130,0
76526032,0
145302516,0
86648959,0
65819614,0
35031788,0
76648168,0
78255571,0
43002925,0
143205136,0
102985305,0
161958282,0
75564673,0
106292787,0
163725267,0
109631595,0
133304354,0
98234789,0
111801941,0
43915044,0
116112501,0
44043013,0
209829385,0
121284745,0
39184691,0
101142769,0
87911193,0
107121883,0
142663946,0
41255551,0
156339289,0
99204260,0
35706948,0
157397903,0
65720266,0
99684969,0
193899074,0
79176425,0
146001935,0
90609730,0
209936984,0
89048674,0
44326922,0
41939939,0
59999883,0
57798695,0
73137728,0
104376150,0
39755154,0
56139082,0
93610938,0
127926061,0
32513569,0
138578878,0
97432271,0
57673440,0
56518015,0
97879147,0
86364093,0
107331612,0
86307066,0
115603999,0
96784588,0
138833375,0
108054462,0
41077217,0
140751178,0
41606149,0
140989410,0
62970535,0
103918812,0
34462796,0
122680742,0
159448264,0
190786843,0
92583651,0
74897646,0
196369683,0
140026729,0
44559509,0
31233639,0
112572955,0
126020941,0
129763446,0
99228914,0
39516112,0
87924418,0
160425503,0
38529951,0
45671853,0
78686784,0
156844613,0
98690369,0
166421179,0
62658241,0
44752579,0
91034449,0
86595456,0
32664386,0
43390504,0
62336107,0
115791067,0
73666561,0
113617632,0
33247394,0
124047494,0
155978802,0
67265945,0
144707714,0
157142458,0
35537912,0
110364364,0
204132117,0
174113953,0
126082577,0
109354792,0
109020420,0
58800736,0
119317635,0
33016050,0
206584930,0
154954920,0
150229106,0
195146632,0
66507683,0
116379710,0
135510951,0
72217723,0
72246068,0
111858484,0
72659338,0
59354352,0
40360200,0
79891715,0
94234233,0
41068798,0
76668845,0
158148802,0
37259378,0
71527423,0
94710758,0
38383437,0
65481935,0
81420497,0
37681067,0
32418673,0
42859362,0
161990151,0
100670153,0
62127138,0
99775059,0
133688104,0
60819593,0
190052169,0
42246755,0
60102557,0
98636817,0
144005689,0
94775709,0
44784033,0
90737225,0
101594412,0
161198471,0
113105282,0
168881730,0
125065445,0
87810157,0
163115533,0
97208073,0
81107216,0
34141392,0
194322638,0
62495353,0
155449989,0
37026870,0
113401271,0
137248870,0
36346814,0
147123764,0
214410697,0
104220220,0
143610895,0
77920893,0
117115608,0
45652163,0
93332773,0
124603489,0
81747052,0
124112229,0
128979237,0
75581234,0
147071178,0
165864178,0
143563255,0
136174395,0
34410744,0
151424059,0
203543750,0
39638722,0
61665310,0
149042622,0
178593845,0
191866291,0
144476568,0
139441027,0
128816171,0
196521004,0
100489381,0
150040123,0
77685355,0
107400877,0
77370317,0
104423001,0
57912797,0
127607401,0
181131222,0
126890493,0
99794225,0
67015662,0
60921507,0
75565038,0
86019367,0
79286215,0
80614160,0
113640619,0
113114944,0
126788096,0
178468580,0
164764477,0
37242215,0
40967655,0
89432928,0
59554902,0
72368264,0
76898067,0
77378766,0
163070981,0
93548730,0
35103146,0
138852039,0
112566974,0
152175915,0
62945911,0
33028821,0
74464064,0
138715058,0
163892843,0
59737954,0
32653994,0
116818621,0
145824717,0
130532959,0
121816757,0
100134273,0
132843473,0
37259585,0
64978792,0
152970290,0
77933793,0
39952082,0
34649065,0
93762072,0
174927564,0
64595951,0
131583816,0
115425152,0
174510938,0
103152496,0
79987164,0
164976930,0
123633662,0
96052313,0
148995840,0
176304324,0
64730947,0
110335575,0
59226945,0
146926362,0
56559744,0
72871120,0
122517775,0
140790014,0
86382203,0
86334701,0
43291048,0
186423392,0
61297026,0
125902161,0
99908407,0
174474085,0
180200853,0
167200068,0
92585990,0
130844474,0
125452551,0
38624433,0
65727876,0
64843638,0
188809270,0
147259905,0
90887826,0
145785070,0
148279524,0
32695327,0
107637057,0
79644846,0
127838330,0
113634263,0
131823706,0
66550784,0
103825732,0
73581070,0
78685304,0
119593095,0
161467358,0
173776402,0
104101942,0
140825140,0
159764743,0
152736341,0
36113240,0
110683666,0
117467420,0
72700386,0
161528332,0
64340456,0
90711604,0
166416027,0
77312294,0
195418312,0
89978292,0
140732356,0
41705111,0
147449411,0
157038501,0
83131383,0
64945542,0
104464374,0
90191545,0
124740607,0
84171304,0
31749148,0
74055028,0
138967385,0
110705941,0
173616752,0
59305369,0
98656961,0
161926640,0
161755225,0
40048706,0
95502408,0
176471239,0
61335152,0
144730947,0
57880761,0
34557613,0
67543883,0
97724431,0
73605577,0
87101678,0
35953333,0
45217605,0
129958242,0
73856047,0
101346033,0
97887082,0
136432130,0
108710949,0
78180118,0
77746596,0
101375711,0
157251221,0
196658695,0
136669672,0
89229051,0
38880529,0
112650421,0
93771428,0
33587885,0
74563096,0
141966787,0
44996387,0
95826832,0
192947595,0
75345104,0
140823087,0
67134048,0
66209058,0
38632536,0
39087455,0
140265771,0
65381176,0
36927690,0
93205682,0
160490701,0
149894132,0
195430718,0
96065469,0
143116093,0
95599436,0
104717895,0
61032382,0
57633271,0
60403422,0
104909316,0
150740638,0
122388276,0
81568136,0
37575156,0
130198834,0
134577977,0
208331722,0
166591913,0
67472693,0
96475759,0
140182639,0
116442224,0
71674510,0
84567558,0
180850550,0
92050366,0
162738316,0
86700814,0
91082770,0
161729238,0
143764920,0
125587014,0
96301935,0
99994934,0
62893503,0
35570333,0
126119282,0
31144832,0
72011626,0
198640748,0
149924797,0
39398743,0
184486147,0
34769415,0
109146425,0
206391328,0
173319548,0
91057741,0
78295859,0
34613603,0
164619413,0
174308206,0
73677980,0
203852590,0
84518516,0
102895531,0
151104363,0
65203681,0
115380492,0
124692128,0
115019323,0
109508768,0
43744241,0
83209511,0
147785007,0
63538304,0
76376369,0
80442468,0
82106592,0
119826748,0
145432913,0
70105085,0
53332176,0
82872661,0
107472244,0
141419754,0
76669704,0
149544324,0
115433383,0
85257759,0
82058942,0
107842187,0
154751912,0
81204204,0
147655281,0
31230066,0
79387585,0
56281984,0
153502864,0
72131906,0
92231345,0
97018044,0
121732016,0
98705095,0
164078638,0
107675292,0
166249181,0
151629731,0
164768089,0
110029725,0
72737199,0
85255628,0
196208799,0
136082174,0
142572021,0
96564022,0
193590343,0
115393036,0
179699863,0
205613495,0
105048734,0
119889983,0
92676346,0
153758990,0
155869220,0
88932933,0
66646242,0
88272233,0
150146488,0
137172923,0
43928723,0
93941718,0
39279804,0
153267286,0
118639711,0
141154913,0
98130980,0
35066618,0
160040726,0
90344257,0
162606656,0
77782975,0
44217389,0
107145620,0
194842707,0
82113254,0
43534650,0
100943531,0
37947970,0
120541959,0
155477110,0
126000511,0
132801044,0
176147417,0
178240306,0
79746809,0
97507754,0
71838444,0
110822699,0
65940358,0
93030171,0
113889639,0
84910132,0
33239162,0
34249533,0
34540193,0
131817360,0
43240249,0
38396534,0
68766391,0
63929328,0
75577750,0
146374335,0
164816973,0
132475761,0
104326723,0
109430966,0
61270427,0
78999394,0
198983125,0
44249318,0
113004602,0
66314328,0
196621516,0
42147151,0
75885573,0
175707746,0
78893089,0
213722934,0
121821385,0
93955565,0
203624069,0
155411300,0
156877104,0
35457099,0
118494510,0
35454286,0
194150285,0
117798120,0
134180410,0
204349682,0
163841314,0
71756694,0
72621666,0
72498977,0
120042646,0
116979970,0
178939804,0
196072716,0
118096804,0
205825070,0
84701074,0
92040339,0
147425083,0
85529993,0
164635294,0
82970400,0
191900835,0
57785075,0
79261175,0
152944817,0
113228405,0
75816980,0
199142410,0
57045496,0
141272855,0
87262898,0
94381241,0
122946876,0
32144613,0
74279197,0
88412697,0
126093444,0
177578352,0
110811664,0
76853160,0
34819720,0
41314561,0
80441373,0
41640169,0
105242760,0
156244127,0
39551899,0
141526997,0
43964017,0
79485660,0
38626950,0
58367204,0
94680339,0
112408527,0
151776374,0
174381340,0
85828933,0
133702750,0
110908712,0
63735755,0
89356330,0
33973520,0
81554881,0
152717322,0
115910233,0
177934832,0
110832815,0
63591501,0
94967584,0
77706111,0
127238278,0
130627530,0
76326547,0
36448649,0
40397152,0
127373679,0
112120068,0
122678561,0
119407873,0
170033977,0
143187706,0
154724553,0
130090673,0
119885117,0
63302253,0
133056203,0
38308675,0
100038666,0
76380623,0
121587525,0
147440578,0
129325058,0
40425823,0
188098511,0
42479806,0
142580213,0
100628256,0
109925335,0
116565575,0
151183161,0
57848655,0
99285132,0
104254714,0
93344943,0
81857770,0
105100993,0
143552339,0
194744001,0
156557457,0
161495131,0
80514053,0
174696674,0
159916458,0
115635305,0
66390945,0
78918444,0
120308237,0
145047752,0
172377416,0
175491937,0
160476292,0
123533347,0
88049367,0
154595626,0
42608970,0
92673809,0
213351442,0
38349653,0
89266595,0
59124992,0
82681398,0
142928215,0
88252079,0
103791484,0
191604135,0
62415321,0
131213824,0
208054110,0
154185811,0
85319701,0
81829997,0
98148291,0
176575156,0
64159013,0
161416441,0
41292611,0
143914524,0
164416090,0
95447514,0
34325510,0
144829101,0
75095670,0
67247627,0
154156251,0
42456030,0
36363958,0
101602416,0
81507409,0
111163555,0
94436521,0
84300506,0
151195952,0
124523446,0
130891591,0
36287607,0
115201349,0
77361741,0
213604667,0
196646229,0
77590360,0
156281927,0
154176770,0
38796085,0
68353684,0
34588554,0
71706448,0
96670644,0
79637178,0
60039598,0
106546525,0
34904964,0
32950417,0
102808837,0
125386227,0
62008890,0
76539573,0
73150223,0
117207948,0
114834140,0
97269630,0
102142964,0
56763048,0
195446076,0
90724750,0
121401572,0
78178865,0
146593401,0
90129959,0
97060454,0
196357869,0
118426597,0
39399266,0
86048423,0
64968804,0
55814214,0
43463263,0
76736432,0
58915835,0
42558092,0
80368999,0
60152112,0
190108752,0
89897677,0
101069911,0
40616001,0
164670420,0
114065959,0
73417146,0
192278239,0
121353556,0
159907546,0
90840294,0
111259093,0
66500133,0
86166760,0
93538022,0
88639332,0
31178863,0
132488365,0
76049429,0
92269728,0
67497101,0
87828248,0
157024615,0
93992191,0
193840942,0
161924725,0
152490144,0
118999804,0
89779291,0
60643924,0
37459356,0
105259292,0
73617094,0
45159729,0
60616595,0
103918496,0
144279364,0
207016933,0
102842907,0
116128371,0
42492459,0
78902218,0
123668186,0
58843294,0
195329831,0
106618287,0
101034677,0
152253885,0
60214133,0
105050481,0
109146090,0
167189557,0
143534870,0
110825956,0
96033285,0
73182822,0
150099884,0
124441716,0
108438804,0
33861628,0
34694998,0
116148377,0
163928758,0
162304626,0
139957365,0
150121982,0
106959963,0
32594430,0
121090670,0
150654082,0
157248912,0
67199414,0
82496333,0
67188794,0
62941292,0
199770186,0
114441774,0
91737510,0
48604971,0
151504091,0
54340070,0
81554003,0
124837507,0
110842616,0
212741135,0
40846673,0
85697687,0
93118258,0
176916308,0
162326280,0
63507580,0
32728539,0
33706804,0
88207300,0
39177239,0
87310440,0
66539542,0
180003067,0
96738211,0
131819344,0
82097473,0
204905854,0
37655899,0
37733148,0
125769000,0
109170892,0
91332876,0
67775670,0
210533927,0
62485089,0
82960589,0
106820170,0
83561786,0
149821057,0
135521491,0
121858031,0
161866889,0
34211003,0
31281132,0
175126643,0
144632340,0
108718677,0
89345266,0
31609207,0
178961646,0
162076480,0
42465327,0
64061699,0
193435775,0
85653836,0
106475592,0
110296471,0
164579165,0
103674618,0
151148312,0
112737876,0
95956381,0
162403145,0
82964912,0
102522154,0
86446524,0
34021496,0
163470917,0
73319536,0
183137090,0
158975234,0
116905839,0
112178358,0
165862372,0
190296511,0
113699846,0
159748172,0
119608768,0
74650629,0
93867548,0
40208485,0
44912249,0
128616154,0
33415769,0
143797845,0
131864537,0
139261223,0
90260050,0
68469533,0
64059587,0
146989211,0
172399652,0
108065309,0
151820353,0
42542518,0
73322033,0
85297070,0
177004276,0
111231902,0
41801113,0
76620898,0
93697623,0
78428201,0
85086078,0
125037544,0
56511600,0
92781092,0
164241733,0
32184980,0
105823083,0
58153024,0
59237476,0
134464417,0
92132215,0
106917938,0
92955399,0
73876645,0
185830160,0
194595286,0
43209061,0
112371013,0
149205253,0
109260044,0
184955190,0
143195405,0
66012051,0
95194763,0
137865779,0
81199457,0
113130794,0
81777875,0
32830245,0
175126841,0
118560350,0
144120058,0
87152812,0
35329545,0
166240693,0
40982429,0
58387427,0
147206086,0
97045136,0
76225177,0
33311398,0
81858658,0
146271405,0
74521298,0
114337136,0
43546395,0
76254559,0
95180314,0
40817311,0
122721454,0
104844788,0
166416984,0
151255062,0
101913585,0
68767092,0
130892529,0
138280668,0
79695310,0
81371208,0
70890172,0
90208718,0
148382178,0
42978261,0
39183645,0
66532436,0
64037755,0
87652441,0
125116175,0
124779513,0
151873955,0
121494988,0
58390220,0
62892358,0
194951302,0
193984644,0
88005141,0
112291483,0
77771112,0
100794727,0
158223989,0
146003712,0
35220703,0
85191090,0
77318077,0
156130508,0
150997554,0
111973751,0
115706495,0
95642725,0
144994782,0
80766645,0
116402371,0
75376253,0
133790462,0
55721410,0
121019154,0
97061500,0
103250255,0
40359884,0
122312724,0
181043264,0
118310333,0
35351524,0
213257464,0
101360176,0
94759997,0
91413066,0
33133755,0
90906104,0
69427635,0
107662698,0
125515193,0
142661232,0
160915035,0
121819244,0
56042498,0
196683290,0
72822216,0
84310356,0
81448438,0
93426495,0
87047128,0
142510464,0
150262179,0
94142900,0
156092836,0
98755953,0
177328285,0
206809247,0
210478864,0
36676222,0
89752308,0
107029889,0
45643626,0
78279782,0
42036770,0
81213107,0
161137516,0
60101619,0
118873611,0
75742247,0
161647172,0
126413880,0
59947999,0
132732953,0
90735024,0
178452019,0
122447039,0
36210269,0
95534870,0
35089131,0
109103730,0
110951270,0
195088717,0
156146033,0
175913626,0
75351243,0
107922190,0
56434874,0
116571141,0
176410639,0
34343403,0
38079325,0
37512434,0
69164432,0
92451615,0
63682716,0
151732701,0
81444243,0
123000547,0
163161841,0
191687859,0
167200206,0
71513901,0
92012724,0
90506454,0
151073747,0
71268987,0
175042673,0
168670906,0
82022770,0
160185385,0
102229501,0
100250981,0
58433192,0
75679319,0
124064184,0
36477370,0
87820471,0
78636094,0
110856532,0
161099755,0
38358704,0
144889631,0
177085710,0
85290813,0
118213937,0
96013654,0
107715925,0
178527018,0
141390136,0
160140656,0
33840132,0
200714934,0
174120477,0
57669522,0
148115570,0
199186952,0
33256691,0
84323572,0
104216627,0
88076143,0
146124338,0
73764596,0
96533239,0
161516509,0
63230520,0
149839810,0
112029682,0
38968833,0
92550726,0
155930411,0
80302063,0
37760793,0
31586428,0
86295519,0
56420770,0
151743567,0
181017139,0
61538179,0
185342651,0
44572952,0
84096472,0
74209794,0
128151878,0
198766645,0
32947407,0
113981268,0
114436356,0
42945346,0
146843092,0
78313003,0
213971737,0
107109092,0
193583671,0
139338265,0
135470416,0
80727552,0
133961976,0
63678364,0
147054232,0
63467766,0
154539942,0
210362324,0
34180367,0
212196975,0
128543573,0
152240166,0
40973053,0
36788637,0
155249754,0
58521663,0
212177216,0
116747047,0
90648754,0
96470044,0
117917760,0
97285925,0
126068444,0
142571468,0
194373072,0
76966029,0
44580315,0
111276019,0
73683418,0
89372782,0
113160117,0
205900562,0
98903632,0
130186072,0
110221215,0
61802655,0
95449428,0
39836104,0
93295999,0
147696043,0
55730973,0
179336237,0
84090422,0
45023154,0
109973923,0
143146787,0
130724489,0
113430663,0
194139537,0
212877632,0
34821211,0
140315040,0
85347681,0
127957684,0
59776475,0
116696110,0
163190956,0
58679074,0
115198249,0
97232856,0
82187454,0
144556966,0
156153455,0
77900167,0
87008479,0
180133760,0
40110154,0
161824559,0
192191544,0
125966609,0
130477650,0
76338450,0
163800404,0
180326079,0
178811006,0
114152604,0
121376049,0
111461035,0
59572895,0
59638922,0
65910246,0
114004807,0
89188092,0
140827766,0
38847585,0
132667804,0
87236260,0
102956269,0
141934533,0
82663554,0
60554111,0
31998237,0
208255953,0
109105121,0
124509017,0
134764868,0
75801494,0
40188489,0
75883560,0
79571762,0
159385355,0
214544273,0
127394070,0
41634751,0
104363556,0
154660312,0
119647980,0
92122257,0
75128989,0
107700173,0
96244060,0
37314796,0
37215093,0
64556719,0
41779400,0
113062931,0
102497174,0
177488667,0
33129748,0
35906867,0
142749496,0
57558913,0
31140924,0
42415121,0
42012530,0
109733154,0
174168403,0
151783224,0
122607934,0
196571921,0
66725110,0
157021585,0
167211310,0
35430777,0
87630274,0
89160911,0
40534409,0
97543887,0
157344193,0
77938579,0
144429007,0
78375221,0
119388291,0
124388272,0
98859870,0
163897166,0
32306475,0
88470187,0
34252850,0
37522126,0
145877795,0
150200672,0
195351673,0
59529893,0
172088414,0
176018934,0
60497301,0
90298926,0
66061508,0
43837163,0
114225590,0
150115932,0
37828854,0
110902050,0
94798439,0
80497057,0
199770976,0
101115203,0
84114464,0
127985397,0
204459610,0
178934810,0
75778301,0
105163339,0
85182395,0
95467776,0
69950053,0
73388396,0
76048274,0
76854078,0
85878409,0
179636065,0
175130867,0
110954231,0
60600281,0
55933350,0
60385202,0
178025869,0
36205186,0
135349346,0
170800618,0
75364152,0
127896729,0
39672230,0
44181059,0
81064382,0
59869822,0
84286442,0
132870022,0
31802711,0
39536838,0
121294388,0
101900626,0
92137219,0
203977855,0
62657481,0
31895465,0
122134015,0
87100257,0
161497904,0
198776248,0
208016270,0
36950321,0
178929935,0
125270279,0
44504427,0
129801029,0
116096610,0
106495874,0
160436261,0
31154041,0
78459112,0
107010821,0
62873290,0
67993907,0
161954768,0
137199936,0
106114088,0
127833238,0
32105540,0
194806130,0
70291966,0
33361338,0
131775454,0
143265193,0
60342783,0
160762273,0
133884785,0
96251610,0
125409253,0
96319345,0
44336792,0
84305866,0
65138522,0
65979748,0
61278954,0
99115769,0
118423735,0
194115159,0
62298721,0
156534984,0
72180514,0
31707568,0
174315372,0
90730948,0
129174418,0
122485610,0
80567388,0
58747756,0
80396397,0
125937178,0
155939028,0
204003328,0
129591419,0
85298215,0
59212447,0
167151737,0
140520683,0
194384915,0
196579343,0
191308027,0
63847233,0
112154207,0
131348327,0
85590039,0
157264515,0
194047977,0
84337162,0
122372030,0
143563788,0
77915129,0
174304910,0
61545532,0
192786237,0
37798406,0
126659811,0
33095234,0
103439524,0
181073376,0
34672979,0
116834995,0
90836020,0
173521589,0
208573508,0
144938100,0
87514780,0
101583970,0
62394604,0
157136665,0
148942840,0
110030752,0
80461793,0
184757936,0
42216949,0
62367828,0
127877542,0
41861663,0
204130725,0
114606735,0
177748918,0
73583064,0
194089824,0
59972100,0
173661757,0
173460703,0
71755628,0
59487207,0
61728683,0
150064590,0
74090776,0
134250484,0
45209719,0
135575054,0
62158958,0
32607646,0
107173640,0
194471995,0
71770116,0
76582091,0
85218617,0
37077392,0
93579908,0
71873175,0
120704571,0
177725843,0
79567765,0
154860773,0
83447812,0
113631558,0
151004739,0
61230909,0
143605368,0
56924327,0
89430559,0
141854037,0
56529553,0
195500240,0
88398623,0
42597284,0
64592170,0
112953043,0
35639944,0
84087767,0
69723141,0
86976423,0
43594726,0
113231632,0
67048656,0
92018744,0
61290531,0
94091943,0
192117779,0
164320068,0
53112706,0
112516392,0
92250759,0
34296246,0
194082758,0
144734036,0
43958253,0
86841397,0
102094623,0
95150557,0
112920177,0
119492327,0
131450744,0
85090193,0
125160973,0
199079106,0
159366968,0
36816588,0
42093707,0
88959789,0
62930652,0
180648588,0
162895421,0
45364978,0
85604488,0
58296380,0
72193483,0
154748280,0
57876359,0
124476408,0
146198923,0
109682888,0
155972081,0
77484212,0
91962448,0
43076335,0
117440051,0
107428552,0
134712450,0
76859200,0
116335988,0
100558281,0
111075410,0
93888018,0
185610966,0
39207243,0
37548616,0
76117174,0
41874434,0
85580486,0
119898885,0
185743712,0
62676105,0
31145513,0
196621259,0
81266659,0
42025952,0
127715858,0
112008068,0
61234057,0
125854816,0
125881484,0
132614449,0
179300982,0
37400257,0
106188920,0
92357035,0
115108851,0
37324794,0
158799851,0
61011123,0
113652077,0
82700950,0
31608329,0
106521012,0
119270586,0
59331148,0
154003667,0
73187303,0
65518117,0
110028107,0
44211290,0
88333493,0
88021989,0
114702509,0
82765072,0
176567240,0
55751986,0
193711256,0
102768934,0
91232354,0
99824841,0
116026714,0
31174017,0
113381196,0
111129485,0
117505319,0
137212727,0
82856149,0
67387065,0
111984667,0
94617016,0
120454445,0
132319535,0
63347771,0
101490317,0
119868832,0
129906684,0
100061623,0
138775421,0
83970023,0
176047714,0
37126651,0
78623796,0
131465272,0
31142839,0
59411615,0
118013534,0
196360692,0
43616488,0
61699093,0
42037026,0
81261468,0
65730235,0
80703115,0
124954452,0
127450475,0
112591026,0
42785024,0
98585456,0
101786198,0
100136010,0
81131584,0
203992728,0
145232718,0
75819585,0
155632310,0
152497418,0
142448542,0
62514412,0
84663738,0
99264948,0
109113797,0
64072309,0
59086984,0
178876175,0
120156748,0
74716095,0
140499295,0
103443166,0
150591982,0
144418486,0
33311191,0
92297886,0
44858519,0
101083127,0
105210625,0
34989882,0
90648044,0
73323878,0
85595537,0
173626414,0
139050082,0
38169484,0
43231357,0
173679976,0
64493968,0
176783335,0
80642496,0
161389911,0
60063118,0
35134521,0
185846198,0
150076532,0
173551227,0
89067130,0
153529640,0
66242941,0
80726269,0
131583746,0
173358938,0
96272050,0
63088763,0
37038022,0
77297006,0
92344066,0
67196631,0
42148049,0
75825675,0
88114339,0
134090922,0
101561566,0
34352010,0
145964835,0
120490608,0
149849521,0
110979704,0
60250877,0
76413074,0
83039122,0
143525977,0
83072817,0
80086827,0
56193572,0
121874425,0
73994607,0
162203147,0
63603947,0
109596094,0
82450735,0
62987787,0
79728324,0
116125597,0
42254454,0
45466625,0
40110815,0
213033197,0
55752302,0
31937895,0
43223570,0
45602164,0
144048632,0
107211865,0
138316257,0
99523236,0
159365784,0
106876959,0
137784700,0
86620081,0
110734662,0
193722517,0
55834792,0
146172985,0
140710002,0
34162651,0
128323757,0
63159953,0
81364684,0
84124620,0
79085447,0
118568167,0
165926643,0
102846401,0
118127943,0
151293681,0
162190573,0
75161381,0
59888268,0
77565834,0
43438234,0
118762371,0
108433801,0
156619932,0
36899848,0
114109563,0
38493068,0
95015561,0
38450876,0
130147018,0
119168841,0
95625897,0
78759365,0
160892819,0
134834932,0
38955153,0
164166112,0
73924779,0
88538554,0
35222775,0
91396012,0
120916678,0
92443512,0
70581431,0
43316847,0
154406841,0
96867888,0
131070261,0
162041818,0
85605762,0
60694259,0
106822124,0
114532031,0
43484236,0
213749039,0
113406008,0
89406763,0
117318931,0
72320199,0
94591878,0
122317836,0
150798691,0
141551385,0
177554586,0
160755572,0
77944620,0
65074281,0
38300345,0
144464675,0
66725081,0
73923319,0
33394204,0
207358145,0
77111181,0
148953351,0
74756402,0
174229062,0
108059565,0
101714702,0
78748252,0
116088656,0
201316309,0
115214663,0
90627209,0
34110708,0
129096172,0
81732692,0
156036490,0
67204260,0
92272788,0
86544785,0
127186946,0
157691474,0
33096764,0
73420482,0
159030178,0
151264112,0
119652323,0
93520158,0
142531694,0
95892830,0
83208928,0
77954795,0
108371770,0
112996834,0
113216798,0
161364912,0
40779560,0
97380752,0
84182150,0
76649422,0
159588926,0
37382926,0
180870180,0
109438526,0
135659626,0
191877424,0
65007237,0
193929502,0
138622176,0
119561118,0
39298586,0
98220793,0
157009386,0
72884434,0
95464114,0
116817180,0
83022136,0
146736165,0
123119584,0
151049270,0
162806229,0
40653485,0
67446914,0
196246106,0
174535365,0
161486120,0
178560871,0
95798200,0
43930875,0
67054469,0
139544638,0
161040310,0
93876204,0
174258612,0
112856765,0
131592550,0
142925836,0
64163691,0
119356965,0
198786581,0
180264404,0
57758970,0
62002011,0
198883905,0
64039404,0
93916866,0
81445793,0
40095300,0
36153716,0
138949708,0
66471057,0
103191343,0
39317861,0
83714528,0
36015285,0
82125512,0
31978863,0
151934120,0
114863038,0
38590551,0
99590004,0
128932455,0
68414540,0
45675633,0
146311189,0
102840627,0
64364992,0
119572942,0
127249154,0
112377971,0
65714581,0
96642693,0
42833710,0
57911268,0
136750218,0
76186152,0
37127125,0
155213049,0
123249073,0
147835826,0
131757037,0
178303096,0
157328648,0
33889244,0
99150550,0
122538965,0
116299786,0
146719376,0
121732520,0
99051400,0
91365248,0
165676872,0
102318574,0
120721823,0
35927337,0
162935600,0
174935963,0
141476080,0
207359240,0
108288402,0
122639891,0
43752659,0
165598745,0
62195367,0
95773813,0
128411310,0
159377144,0
62268234,0
113489851,0
64926572,0
121863164,0
118873029,0
106833207,0
68705121,0
40205316,0
119214014,0
62058860,0
111430913,0
84901102,0
154048327,0
89506259,0
181021146,0
156668214,0
76055035,0
66163342,0
125078829,0
118344689,0
84801290,0
112350928,0
62953747,0
71178582,0
83542629,0
133101415,0
67601531,0
142169321,0
84971353,0
165562523,0
83106255,0
209936382,0
127680634,0
71517060,0
97682564,0
166585419,0
162099161,0
117227341,0
65314093,0
64556660,0
194602195,0
87445841,0
130416843,0
58546969,0
116597513,0
179949228,0
88898765,0
55769692,0
39895154,0
107492527,0
92020225,0
214663340,0
82827429,0
177211508,0
99717894,0
125805360,0
116266980,0
60355712,0
59762332,0
113437078,0
141336396,0
60122493,0
115523157,0
109735907,0
98505650,0
102452939,0
60077814,0
61607316,0
139780117,0
42301808,0
104585760,0
113415789,0
40497703,0
37234566,0
148131529,0
120247036,0
184511778,0
119220143,0
124563092,0
125114300,0
97363737,0
62855772,0
191435039,0
108165367,0
113766466,0
86281336,0
34786312,0
95337971,0
77282576,0
214812173,0
128369749,0
76628834,0
176304205,0
133106054,0
104249681,0
113281967,0
44045826,0
112488204,0
89536154,0
77615922,0
40677508,0
76456461,0
90298216,0
119708382,0
56513179,0
135960255,0
36579895,0
65748789,0
105879794,0
39135106,0
92499749,0
173371018,0
44023876,0
64132434,0
42860349,0
79898949,0
109836755,0
175365537,0
84240183,0
79660875,0
203915953,0
187719863,0
85348964,0
131401356,0
132049858,0
61567255,0
192577386,0
69710340,0
45435486,0
66025839,0
55995212,0
43818667,0
72405600,0
63933878,0
121998071,0
192442331,0
74998484,0
65539830,0
94759198,0
82683204,0
132638481,0
31721780,0
138220275,0
37039384,0
33425737,0
106352696,0
38576210,0
155608455,0
59618887,0
209832978,0
71782384,0
109851727,0
206385634,0
37767129,0
140849726,0
154160209,0
61976538,0
41102582,0
59854228,0
142648421,0
198631155,0
60673582,0
191651233,0
124643530,0
60331749,0
64163553,0
72119382,0
39824527,0
44184899,0
178286644,0
74734985,0
78593082,0
88673975,0
104101785,0
139078359,0
32893006,0
143431574,0
84653898,0
82007097,0
122521071,0
92438133,0
100461203,0
95156844,0
119076343,0
38650558,0
166367666,0
116336689,0
128151078,0
40182774,0
144232858,0
88642836,0
76804197,0
124666496,0
59307757,0
128419018,0
92601890,0
37189205,0
61201567,0
119945647,0
99414601,0
196455124,0
94849751,0
121605685,0
31828451,0
98634557,0
111846690,0
164754578,0
157723768,0
40722385,0
73188862,0
161268900,0
92245232,0
62308295,0
78733734,0
140357844,0
88924090,0
62280798,0
61897690,0
42252756,0
65077489,0
77159473,0
31503879,0
85958728,0
66763493,0
164333491,0
180004665,0
100416307,0
85558950,0
146683441,0
84427597,0
75907020,0
40956216,0
129312237,0
80172150,0
59271072,0
177006892,0
40099425,0
116319348,0
79224579,0
102210828,0
152949041,0
109586718,0
119764915,0
171385560,0
116973841,0
136513762,0
130650220,0
120161841,0
140049133,0
152193454,0
86615847,0
200536413,0
97339310,0
152873341,0
59521000,0
84714546,0
72969165,0
77810492,0
117041773,0
41621091,0
33729504,0
87332330,0
64233914,0
63326818,0
43248194,0
116510453,0
205376634,0
56426100,0
36784117,0
162122739,0
37794547,0
127811426,0
144804732,0
136812288,0
42465851,0
81564524,0
55838493,0
87278334,0
131623343,0
61583284,0
43358872,0
166771323,0
212240628,0
41537131,0
65569469,0
100480360,0
122119605,0
120610296,0
111673577,0
143848299,0
108521788,0
144923957,0
128012114,0
96088752,0
39039657,0
92914697,0
145951067,0
76088927,0
177358536,0
37614575,0
117713952,0
185835361,0
156924142,0
82452739,0
64364933,0
62451976,0
178379665,0
111524507,0
100953647,0
59111372,0
45619426,0
31788242,0
36908652,0
115024821,0
152042567,0
192552525,0
107666676,0
143791104,0
94695785,0
111834856,0
89905395,0
31479422,0
179554987,0
180482601,0
162557851,0
89366782,0
161127705,0
63100725,0
137894983,0
31785162,0
87085768,0
192854219,0
62255946,0
32098572,0
73658507,0
78345207,0
32757585,0
141243937,0
96967660,0
116345877,0
107293743,0
104857727,0
60511030,0
201992771,0
37873247,0
43387573,0
73957527,0
96940183,0
146042381,0
144858699,0
33708225,0
134832129,0
141251951,0
118538380,0
113441075,0
81210639,0
78141775,0
78042951,0
98455749,0
31908977,0
78966992,0
132067140,0
145264508,0
114935975,0
162514099,0
122111878,0
36343873,0
95439509,0
103160126,0
73350526,0
66268977,0
65472164,0
90495331,0
121502953,0
76928435,0
81066514,0
57803807,0
126707363,0
152300716,0
99157774,0
78747463,0
80627079,0
109984819,0
82786539,0
122184034,0
137623391,0
145309849,0
138211057,0
133775943,0
135988936,0
176990923,0
69146282,0
45427146,0
128323698,0
131240965,0
42175280,0
118368593,0
138391020,0
174550377,0
97383950,0
138664457,0
116650562,0
143803116,0
163991815,0
119583542,0
66539868,0
128175387,0
33974507,0
165618208,0
61774231,0
59907129,0
139875823,0
121129556,0
40361572,0
60305002,0
97881575,0
152373821,0
79188535,0
78623698,0
118106980,0
147346165,0
44145262,0
109604790,0
194063087,0
105784996,0
110180316,0
82357754,0
162444824,0
86559363,0
91802225,0
109753909,0
103492721,0
31511054,0
138942119,0
41946729,0
87521827,0
132482236,0
92124250,0
119714018,0
34485832,0
124264675,0
138685233,0
103779799,0
61280899,0
97594310,0
198779465,0
58084598,0
140226815,0
112708326,0
67357041,0
45651088,0
180826310,0
155311568,0
84612722,0
105828926,0
156901117,0
178250333,0
150378739,0
41256745,0
38910918,0
139936767,0
39386149,0
125739233,0
129405594,0
114380326,0
47444562,0
175535985,0
103253433,0
99354880,0
133126790,0
78770834,0
135743942,0
39540243,0
88462410,0
103526505,0
58465614,0
206517955,0
83947165,0
32852540,0
154052394,0
141760315,0
132380401,0
161061313,0
168070143,0
94005416,0
130776196,0
145301075,0
34584429,0
142898310,0
72968395,0
161947544,0
109133782,0
115621251,0
107774284,0
110227838,0
107537571,0
171553343,0
95628562,0
83396441,0
120246246,0
81529319,0
90291317,0
146701769,0
36377489,0
88601117,0
113711463,0
98062949,0
78070714,0
97575341,0
37048208,0
164305076,0
185888716,0
68965629,0
195827486,0
102277497,0
112650786,0
109111615,0
42846492,0
199042658,0
75075190,0
79843304,0
114597506,0
120292860,0
84258758,0
178469429,0
56200253,0
99856937,0
42467548,0
91993103,0
208026208,0
99656712,0
76662469,0
157289703,0
154276187,0
144814760,0
81452534,0
63609750,0
136565094,0
41897391,0
36363257,0
77675110,0
45087523,0
78091164,0
141338705,0
181243824,0
161760396,0
98424907,0
42730425,0
69522176,0
121513819,0
135182145,0
125161684,0
96340693,0
198678095,0
57178992,0
111747333,0
127678729,0
138958877,0
43328760,0
69232424,0
163980031,0
63533744,0
133393052,0
31121017,0
122377261,0
209786610,0
143412003,0
77139280,0
110471943,0
195157607,0
163650978,0
195096820,0
68471951,0
176684620,0
137612870,0
93402502,0
67023567,0
160418426,0
57538443,0
77939468,0
79763746,0
58662562,0
122344613,0
66409372,0
134202695,0
118366205,0
141713415,0
66507486,0
156650902,0
83619445,0
66499856,0
98701137,0
72447270,0
32114116,0
61085036,0
35200351,0
124528549,0
112827363,0
82816839,0
119755806,0
84320344,0
90731767,0
92857473,0
76100336,0
43638932,0
154823733,0
35304495,0
80601576,0
65615648,0
41178134,0
133752335,0
185635452,0
68383865,0
60867402,0
173402818,0
144098572,0
115220841,0
159510847,0
130001590,0
80264845,0
163470286,0
157407279,0
109037011,0
90107179,0
72283168,0
174164949,0
180112145,0
36050154,0
124165120,0
132858593,0
74010576,0
144913298,0
131304861,0
214587946,0
194122650,0
62481092,0
192250485,0
106109242,0
43042739,0
82072246,0
196223544,0
204672300,0
66979707,0
117083887,0
126920260,0
96924470,0
183121605,0
43564535,0
85190922,0
154158136,0
35129182,0
166725498,0
212269477,0
67572801,0
117132001,0
64371269,0
149753184,0
132028115,0
176594796,0
110035154,0
176369345,0
87336456,0
93736914,0
61706200,0
40584882,0
83249443,0
112761987,0
40937227,0
112274221,0
83116934,0
146604929,0
160669697,0
35976596,0
94507760,0
112878735,0
103217715,0
145270341,0
126333917,0
125035096,0
116058307,0
177184160,0
88607385,0
164050006,0
68528326,0
104431656,0
41325576,0
205799586,0
110023863,0
41478209,0
95503129,0
41090077,0
92119256,0
61119728,0
148573115,0
87407339,0
67196641,0
143854171,0
130364870,0
98133892,0
42844330,0
93908290,0
38130203,0
44255792,0
144757112,0
42010773,0
89441929,0
33609648,0
155349635,0
170237784,0
169598224,0
96102727,0
62511194,0
123982691,0
111964839,0
72180919,0
96785161,0
107338008,0
89097233,0
77257991,0
60050317,0
62485494,0
66894611,0
34120972,0
70036747,0
144937854,0
137625355,0
156222029,0
145621975,0
105985231,0
153742458,0
33640342,0
122139453,0
65001591,0
65295419,0
80120196,0
31686397,0
150104167,0
101034933,0
128975052,0
92775210,0
192003804,0
49176599,0
63354621,0
204518304,0
69845889,0
39084129,0
121548047,0
74280944,0
36808682,0
55743913,0
144959606,0
165391098,0
149946214,0
59728232,0
125751156,0
88666178,0
97843972,0
89984836,0
35147440,0
95672600,0
111237163,0
133622816,0
167038631,0
86364162,0
75947525,0
35654659,0
56092754,0
66782936,0
42230372,0
122968224,0
68039840,0
150472708,0
129604624,0
158169992,0
138250299,0
95566097,0
32255686,0
59946587,0
116477962,0
97617139,0
98835216,0
90832694,0
75224754,0
60587480,0
42720536,0
32470547,0
134631520,0
143625631,0
200146415,0
155929967,0
35510148,0
39716287,0
96366078,0
101500038,0
59219908,0
105794372,0
98743379,0
142279802,0
39394805,0
98270971,0
156743765,0
143470569,0
124905656,0
163993542,0
34171514,0
123553304,0
37685764,0
59028023,0
80647519,0
77906326,0
83489590,0
43710319,0
121724269,0
38635062,0
83788106,0
120154952,0
76548673,0
125463783,0
35427619,0
144106665,0
127449754,0
89580853,0
83867369,0
60169088,0
146108754,0
62674082,0
175245365,0
179006197,0
103000899,0
133487968,0
172270528,0
148546536,0
198923818,0
95760202,0
44238155,0
83824091,0
32394620,0
127805129,0
63454284,0
60496907,0
74591244,0
71187306,0
135384136,0
40708923,0
208056607,0
33026403,0
74189610,0
60592780,0
123997544,0
135467120,0
61672248,0
91309860,0
200324818,0
113062694,0
91857613,0
39704849,0
137013805,0
69912479,0
82579919,0
158892053,0
31824147,0
188730244,0
109317930,0
126059038,0
72197194,0
31681778,0
121469070,0
143468872,0
114135441,0
103469992,0
39570711,0
133513540,0
146395999,0
80898859,0
41378181,0
81836056,0
161545269,0
85836404,0
57750887,0
82496619,0
33669467,0
106319988,0
151639206,0
128566914,0
90521772,0
42697204,0
56067705,0
41287676,0
123600401,0
136034504,0
67683271,0
102444964,0
174427589,0
151468018,0
77616100,0
82930724,0
44255289,0
196457345,0
43145294,0
111045574,0
98253610,0
136180850,0
70816338,0
180023980,0
64760289,0
149303722,0
34186457,0
118027332,0
126053255,0
93902615,0
128363828,0
118203347,0
97258310,0
205922680,0
56435456,0
94499242,0
139386527,0
97181534,0
135266866,0
119698671,0
164374884,0
87609943,0
173776501,0
94098901,0
58161048,0
83289237,0
111224747,0
63178971,0
86824786,0
179460248,0
185103234,0
144735655,0
104318284,0
123102411,0
210584696,0
37502437,0
46658320,0
177777481,0
104613375,0
129087576,0
163093474,0
162064143,0
41510088,0
117370500,0
102271842,0
154273611,0
131271225,0
67751145,0
58750036,0
31836879,0
97658720,0
148216289,0
42778352,0
118037557,0
98971772,0
41532995,0
75969001,0
39626721,0
155616045,0
94124829,0
125221405,0
163663710,0
138316800,0
59895798,0
32396387,0
34519921,0
36067317,0
108227980,0
148371440,0
80319227,0
124279618,0
148343499,0
80096855,0
104320949,0
67616237,0
59539861,0
99093247,0
101513027,0
147959315,0
176306248,0
63833662,0
156048570,0
97327081,0
118771994,0
41177166,0
143510008,0
193956407,0
100682371,0
94719769,0
87252791,0
43735595,0
112593168,0
60344076,0
64456414,0
213396507,0
179323633,0
157185134,0
135306038,0
175359526,0
41700937,0
148719126,0
38087487,0
144466274,0
44132837,0
67429287,0
75571572,0
127234439,0
34279379,0
108182106,0
38693254,0
69124826,0
206606111,0
166570654,0
144013822,0
33841258,0
175879734,0
97621876,0
37787086,0
130892539,0
137170179,0
146819671,0
90923238,0
31196135,0
86528037,0
70179057,0
143709522,0
77794789,0
106866942,0
76991611,0
31889464,0
152343491,0
74225980,0
107278218,0
80188593,0
134486298,0
152101607,0
43526507,0
32992037,0
79797845,0
104861576,0
119001215,0
124871241,0
157034327,0
69245077,0
118743421,0
34012920,0
38102262,0
117294445,0
89023833,0
39181108,0
159957822,0
156821903,0
75842295,0
112936807,0
32902046,0
82331817,0
147768140,0
103959050,0
145020758,0
79908908,0
153442462,0
173381589,0
116889939,0
85092335,0
93480758,0
155232186,0
164292029,0
75046588,0
116449992,0
136783074,0
154846433,0
76123283,0
122658219,0
63262942,0
157208634,0
45250372,0
41808861,0
77151676,0
118404390,0
155878862,0
66357961,0
58078498,0
73673440,0
140301301,0
85225042,0
74779438,0
83309884,0
80538431,0
77464878,0
133954119,0
102525125,0
194252910,0
146106533,0
178113639,0
154256536,0
156079561,0
140467792,0
56123833,0
134330645,0
119464642,0
119693637,0
138989236,0
110013816,0
135376852,0
40159719,0
74181004,0
106992157,0
164907932,0
113360786,0
60569201,0
77599509,0
64098888,0
124481708,0
109392031,0
106110723,0
75611751,0
63509149,0
143219733,0
114685099,0
40188657,0
75337297,0
102750507,0
205180052,0
75246981,0
32729496,0
120691661,0
75033333,0
77957904,0
34734970,0
119564247,0
122252302,0
81596679,0
144198374,0
39669338,0
37619806,0
87671499,0
31537791,0
72251190,0
41188625,0
44938581,0
93405502,0
78325882,0
87384649,0
73241556,0
85423361,0
71635959,0
77806870,0
156050199,0
112094940,0
123105076,0
70979976,0
153726677,0
59593246,0
109332359,0
89395157,0
36983651,0
102762351,0
93833685,0
173729877,0
86058234,0
133948237,0
140667217,0
101384900,0
75511062,0
34842035,0
139455713,0
88246581,0
94122687,0
164352105,0
212167267,0
152344182,0
72046001,0
177441559,0
147402106,0
61665862,0
89504354,0
159438049,0
92692552,0
127170227,0
73047421,0
106941102,0
119327879,0
121254446,0
69551725,0
58685449,0
94384745,0
148778511,0
120660937,0
207069775,0
77171672,0
104098883,0
64576675,0
39195251,0
140645612,0
139901237,0
188101531,0
74162163,0
31226543,0
66387313,0
37099530,0
32093844,0
103004097,0
45279527,0
90043224,0
129700488,0
35983801,0
106550285,0
94335565,0
139183263,0
90944457,0
184700416,0
144389716,0
57686863,0
89240589,0
63459841,0
43318032,0
41039584,0
148740839,0
98701562,0
91405072,0
145531244,0
86532952,0
211668428,0
195243689,0
78318559,0
41601283,0
83350991,0
132164908,0
103103504,0
113211854,0
84720251,0
148110902,0
155981802,0
154022913,0
166377861,0
118071775,0
162705056,0
34774991,0
56899880,0
32177311,0
145816781,0
153527212,0
78290678,0
109937504,0
32263207,0
153094845,0
66087978,0
101683830,0
114429526,0
43631934,0
92869711,0
154050795,0
60443058,0
159317334,0
125601700,0
82853346,0
153841362,0
214163227,0
88037306,0
105677151,0
97264389,0
31548706,0
99469841,0
91460470,0
32755542,0
100024602,0
63119626,0
100550662,0
133768739,0
102701416,0
120771714,0
128435333,0
131733932,0
39141422,0
94150253,0
56092507,0
94371895,0
117796265,0
102974962,0
181374369,0
179234155,0
88794759,0
76704060,0
137851350,0
98145271,0
164083622,0
40604868,0
63318241,0
191114662,0
44382656,0
108087190,0
38123876,0
107984842,0
78053817,0
104913254,0
109936941,0
102289942,0
102765588,0
97199270,0
63997754,0
81732001,0
82059060,0
110880130,0
40611155,0
213275308,0
161636938,0
85873544,0
88534192,0
192879742,0
130623375,0
76881042,0
119742235,0
76378767,0
139270806,0
72319538,0
169320997,0
39597753,0
108656459,0
102798118,0
91113948,0
144640680,0
82215128,0
211659318,0
56491466,0
105993136,0
58249371,0
129026147,0
104014794,0
135686640,0
160953201,0
65837349,0
94394802,0
76136972,0
61636718,0
133049689,0
196292542,0
80009548,0
44382932,0
74099402,0
156720710,0
102562274,0
59626743,0
86807346,0
159705111,0
94360071,0
122793305,0
44151125,0
93249563,0
86415563,0
123218280,0
39914716,0
95125518,0
57572790,0
148412329,0
45581556,0
141939063,0
192719193,0
72500349,0
44696342,0
174518488,0
32169801,0
43334395,0
180013084,0
65353285,0
71858824,0
162449265,0
94099168,0
87541536,0
42778974,0
74580832,0
69178605,0
179056729,0
42139522,0
154106627,0
158906946,0
149312141,0
91002540,0
174272538,0
131832835,0
90901021,0
147728918,0
144983945,0
127817052,0
90333983,0
73824119,0
137139988,0
71018151,0
123731578,0
149642724,0
97238176,0
75880333,0
124613605,0
32512937,0
126108396,0
110805151,0
34701374,0
138166012,0
137925500,0
60652452,0
86014353,0
152068613,0
154400346,0
32314351,0
124913829,0
119984869,0
32114797,0
81088760,0
63745635,0
60388943,0
180515408,0
57160023,0
115589165,0
103568688,0
89369920,0
121544494,0
132859028,0
111082121,0
180226307,0
100197093,0
57967732,0
37337476,0
112112883,0
164459259,0
133817662,0
44131376,0
141431953,0
100258126,0
107384750,0
105062571,0
145929996,0
32060682,0
206516810,0
73906205,0
102170668,0
78720222,0
193968043,0
129553470,0
163007115,0
43262673,0
40750365,0
80565710,0
75921232,0
70211291,0
121386560,0
39154174,0
71150591,0
89113024,0
155083205,0
122604341,0
83381646,0
149277203,0
94711794,0
64693048,0
91535222,0
92375817,0
76129067,0
76456214,0
204817107,0
82569753,0
81572212,0
109076618,0
154755859,0
58780701,0
128465869,0
182966297,0
120288616,0
151080774,0
156252644,0
75523329,0
73594848,0
68833356,0
100382918,0
95633072,0
214758966,0
169102197,0
193778399,0
56692066,0
178981010,0
164474459,0
125787506,0
133641085,0
73845161,0
130055882,0
107124519,0
67621201,0
60022988,0
77258100,0
175421458,0
119864519,0
159711082,0
130665794,0
111072311,0
139316334,0
79177807,0
64411892,0
39280900,0
45239140,0
107531038,0
36334754,0
196151881,0
90321498,0
89580646,0
69244909,0
162542849,0
97525115,0
143769243,0
39934485,0
115312352,0
146046822,0
82991787,0
76174940,0
145127952,0
90160614,0
173684961,0
112679704,0
46966607,0
72035174,0
109701295,0
103383060,0
91171113,0
94615980,0
162904599,0
84537476,0
86402673,0
43215940,0
90541373,0
84458016,0
72259402,0
130460546,0
83164653,0
101268290,0
141901924,0
135995983,0
114224949,0
118096666,0
64716261,0
34415738,0
102276470,0
31849680,0
161714098,0
77334836,0
94062690,0
125319528,0
156093990,0
56048489,0
65073620,0
43024223,0
147369596,0
157193286,0
101578857,0
125233633,0
85584512,0
114858192,0
90315951,0
67826282,0
60288717,0
86003586,0
159483775,0
58475079,0
141786953,0
89137609,0
118443592,0
134342093,0
122381643,0
91959240,0
55834900,0
82504811,0
92419085,0
179832086,0
97575657,0
109085964,0
86188512,0
44866563,0
114731200,0
126995821,0
79701922,0
121258907,0
90198355,0
149235010,0
139635971,0
69719519,0
80999657,0
153947894,0
124523505,0
178281985,0
65793518,0
145174142,0
88538722,0
87897651,0
32943331,0
126270396,0
78485701,0
125822957,0
72339948,0
146750347,0
106747342,0
72244775,0
40930407,0
57846582,0
126132261,0
88516298,0
44477483,0
96730434,0
99237224,0
85914641,0
76082778,0
72317435,0
144937498,0
160935041,0
87735375,0
214767247,0
134713112,0
96020158,0
193507360,0
161371840,0
119918398,0
117402389,0
61771793,0
106913506,0
173535949,0
107953151,0
140165249,0
141200087,0
106194506,0
177925811,0
97891701,0
84607767,0
120995971,0
55718528,0
130505127,0
106677653,0
61847670,0
76801917,0
37744992,0
73262292,0
182380931,0
107245540,0
143337912,0
80229236,0
44422579,0
95971718,0
154702800,0
84346479,0
114188342,0
177804425,0
175239690,0
123938149,0
156062783,0
58304443,0
71044513,0
81943931,0
194460003,0
37139452,0
106271716,0
84369811,0
87662439,0
67559674,0
134352832,0
83744463,0
56514275,0
33292310,0
74576765,0
92799667,0
135273024,0
214272454,0
77409361,0
174969351,0
78966430,0
177017353,0
97610970,0
88061023,0
76396335,0
116459151,0
146068437,0
148524112,0
160080580,0
40172283,0
76792797,0
150846726,0
178517139,0
61990296,0
118532597,0
33050544,0
147420780,0
57770646,0
107885830,0
180768040,0
102695080,0
32594213,0
86831349,0
83198802,0
107618630,0
133115785,0
92296090,0
124743183,0
153057162,0
177555316,0
43770425,0
45624677,0
42345461,0
160240941,0
85448884,0
36685312,0
61301062,0
180748459,0
43361655,0
37447078,0
36964810,0
80621819,0
66149061,0
78263043,0
125829836,0
56539975,0
134419017,0
214119919,0
122328762,0
120617402,0
39840723,0
157208624,0
119283249,0
193854355,0
138432235,0
38862794,0
93762733,0
65024775,0
77900029,0
59507854,0
81858026,0
77731081,0
112206230,0
38608918,0
86574414,0
155584788,0
91721778,0
73607383,0
86677620,0
166546355,0
84463829,0
160075349,0
145388924,0
115434281,0
58912509,0
122909648,0
81547124,0
146484322,0
162445031,0
66967143,0
161618935,0
96662077,0
123597480,0
166739019,0
165875360,0
165003282,0
200516219,0
106821788,0
56101932,0
133323521,0
35188528,0
145388993,0
149559839,0
94689883,0
82100098,0
94632778,0
141088205,0
128867770,0
111775402,0
89575494,0
192756441,0
83004529,0
127046028,0
80307521,0
130689985,0
39155230,0
125192674,0
80073247,0
145570555,0
118397610,0
72809514,0
84890038,0
75292785,0
58303486,0
72478103,0
57234015,0
73944775,0
31984134,0
124040230,0
161076482,0
56314494,0
65389950,0
203782131,0
98240098,0
44048195,0
75872072,0
36890561,0
96591529,0
96060811,0
165630248,0
104201833,0
116692705,0
72652587,0
206421658,0
116664192,0
100594946,0
135223814,0
113436180,0
110657284,0
74890698,0
95380933,0
72028651,0
134757801,0
199028219,0
68622344,0
119438113,0
83100905,0
55773689,0
31754971,0
159418902,0
106024403,0
86575322,0
81451162,0
142519426,0
73056126,0
88508205,0
87520248,0
155477130,0
35424135,0
130310035,0
101019211,0
174460060,0
66808114,0
122429195,0
67456418,0
79680032,0
43468662,0
35454148,0
115995388,0
120334273,0
94625237,0
34304833,0
87111547,0
164062709,0
105045743,0
119018862,0
174811763,0
87068338,0
117562355,0
106253398,0
155003527,0
85600926,0
33379380,0
192507707,0
150484778,0
94332614,0
70235659,0
57220770,0
60082817,0
134863860,0
162086577,0
113432291,0
65257115,0
110090443,0
75495892,0
62353073,0
125274059,0
161249240,0
97803990,0
111226849,0
83751875,0
102737628,0
63906174,0
140422618,0
92870669,0
37160909,0
69886808,0
87461119,0
76329646,0
74373136,0
60719348,0
42845919,0
81084940,0
125870677,0
63890116,0
59086639,0
91851148,0
36646673,0
32328228,0
146307133,0
85688923,0
71952645,0
76762044,0
45446698,0
145244117,0
83185833,0
35428132,0
91171745,0
115994055,0
106227046,0
63192266,0
125732186,0
62225262,0
167076017,0
36761358,0
77163302,0
38119701,0
130038847,0
79012037,0
77012455,0
90164019,0
79809037,0
115501562,0
65251263,0
87986636,0
174770449,0
79927413,0
157266756,0
32655997,0
102286044,0
61648028,0
39768103,0
66353707,0
91803083,0
76622201,0
62512842,0
110721022,0
154832694,0
192859499,0
96949914,0
100705170,0
103748216,0
35882913,0
77032836,0
87820708,0
79000944,0
43920058,0
179348593,0
101702731,0
40360032,0
105487615,0
109548770,0
211546696,0
35037789,0
136598739,0
112682557,0
93814005,0
88633529,0
35048764,0
56490785,0
36828264,0
112733375,0
84854724,0
173102970,0
105903204,0
155007978,0
61676245,0
148711684,0
77195517,0
130848313,0
110500693,0
31899926,0
36831629,0
75691024,0
178222146,0
109479919,0
67113055,0
72250480,0
88981285,0
128272919,0
99328943,0
108138522,0
83240590,0
88472132,0
157191678,0
124957807,0
198861028,0
76624185,0
39382221,0
97268752,0
34053118,0
36592627,0
60801581,0
111951179,0
35797334,0
116776300,0
113058509,0
159611951,0
113136845,0
142505174,0
102279490,0
64073878,0
159994981,0
79356832,0
94584930,0
198436487,0
111194576,0
122748526,0
95253270,0
79554994,0
119644516,0
150406276,0
161537472,0
114666031,0
123598951,0
93556409,0
103600606,0
175127877,0
100181232,0
97472826,0
139849402,0
160890687,0
147296571,0
175156449,0
134505544,0
40729244,0
86390681,0
87221672,0
211550230,0
124871606,0
209959003,0
134309682,0
176104237,0
59163849,0
145025298,0
116716056,0
42801062,0
77898519,0
89161119,0
102521523,0
81257323,0
88370021,0
71835167,0
132315578,0
121830860,0
116782074,0
107930382,0
92869543,0
36466296,0
65127162,0
36156894,0
60403678,0
79757340,0
65798631,0
97651890,0
118407114,0
39407537,0
88401663,0
78586657,0
97282204,0
76415690,0
36628345,0
157120518,0
34792796,0
63425475,0
107262604,0
90115579,0
130566378,0
92993960,0
94631149,0
86999448,0
135563102,0
115064408,0
194044325,0
102290298,0
144064749,0
89871671,0
85913002,0
40370445,0
113555543,0
102597736,0
59547579,0
78048714,0
121840473,0
154948040,0
166280409,0
194593904,0
57856738,0
114403184,0
113558346,0
193955440,0
83376287,0
135415018,0
90984508,0
77364455,0
71258604,0
41627536,0
164434171,0
74796798,0
74619570,0
122173701,0
144909173,0
175483696,0
119894553,0
92204895,0
43092107,0
133586664,0
80763339,0
56386730,0
125756870,0
33750605,0
166936066,0
107556274,0
152990710,0
38914461,0
151957994,0
89386708,0
84015561,0
61582425,0
31828905,0
120363349,0
92264231,0
86229422,0
113385628,0
39262355,0
161489496,0
38313906,0
56854431,0
40486274,0
43208400,0
153947766,0
200696458,0
108463143,0
78342286,0
72295584,0
84396804,0
95746385,0
166664938,0
137093196,0
96451766,0
56370988,0
94498226,0
135201361,0
95824839,0
115648757,0
122326334,0
78816826,0
35778878,0
73147745,0
114090406,0
108192025,0
66262552,0
166336606,0
62503012,0
83112897,0
117153290,0
126697365,0
143328704,0
196640199,0
206190857,0
177358447,0
73209835,0
115887631,0
44973786,0
41071058,0
141488210,0
151872820,0
109647031,0
78295267,0
159509692,0
120545621,0
80236312,0
59385234,0
60757069,0
112830768,0
98674854,0
39614443,0
66585515,0
117647036,0
44057028,0
96765550,0
79523717,0
41217740,0
106465683,0
210531973,0
76580275,0
41482937,0
133496841,0
111307908,0
130140119,0
38531224,0
34540756,0
95148711,0
115582611,0
68451304,0
184710453,0
79492440,0
115413802,0
60024873,0
156565234,0
94340924,0
113579773,0
148259735,0
124850012,0
164744777,0
80443426,0
108337315,0
45302444,0
83745647,0
39099674,0
45626009,0
92363835,0
62995288,0
40824052,0
95661654,0
154406189,0
42522996,0
144720969,0
33182313,0
174054587,0
182611425,0
205796329,0
86040113,0
191825678,0
123507568,0
95059342,0
75160454,0
84254445,0
62194686,0
106341671,0
134685921,0
192968835,0
96571869,0
55608127,0
34014469,0
106809027,0
143311511,0
213787096,0
56501642,0
160039700,0
78625415,0
36235929,0
163938658,0
121538769,0
61552066,0
133209260,0
73097144,0
129206277,0
82573928,0
180434842,0
153533993,0
38184397,0
74210494,0
73776893,0
63379581,0
33560615,0
164174028,0
62983395,0
101595241,0
110193146,0
65198204,0
32838545,0
162067035,0
189514986,0
129725872,0
151817797,0
60917776,0
118624078,0
81736670,0
138543288,0
108678478,0
75054158,0
44545870,0
63969981,0
163565567,0
160447719,0
134485489,0
64345796,0
80612403,0
152023864,0
76204233,0
119172285,0
78172400,0
151167153,0
61272519,0
140103643,0
31253763,0
81721174,0
146224070,0
121149581,0
38045551,0
121195080,0
155018134,0
80757625,0
149087144,0
58387516,0
83507385,0
113730916,0
115998339,0
214226027,0
213759896,0
77825207,0
76141996,0
161975366,0
145008352,0
90656808,0
162066019,0
79724455,0
113510054,0
35459912,0
36908977,0
32695219,0
60482161,0
68473708,0
157706486,0
174226052,0
156798749,0
192664949,0
100686329,0
81274476,0
157400242,0
185714725,0
85616559,0
121264394,0
39316578,0
147618330,0
37349882,0
116432039,0
64929800,0
36224994,0
205176163,0
75756094,0
31236866,0
34321384,0
34841206,0
79894261,0
92863819,0
39171653,0
93840624,0
100816124,0
37569303,0
128460185,0
205001086,0
207168767,0
67150777,0
94755043,0
148366327,0
140295863,0
31332760,0
176675766,0
126782164,0
117318053,0
111539844,0
129018330,0
175919567,0
164699989,0
165319553,0
145776158,0
99830743,0
92979955,0
88657088,0
133172299,0
40853947,0
65027765,0
73656020,0
193948215,0
148000866,0
41322269,0
89199561,0
122001022,0
131310418,0
81897771,0
102689859,0
125931681,0
32311370,0
34170952,0
114149910,0
185362933,0
116157792,0
129151294,0
165290862,0
94458816,0
34517424,0
111055937,0
64287930,0
151248883,0
151530414,0
40477214,0
131182705,0
144114936,0
162084633,0
165314934,0
119407754,0
77957134,0
75952687,0
122754566,0
160047310,0
176564625,0
59881478,0
80519826,0
33443345,0
40706465,0
43655809,0
34326467,0
58591945,0
164737227,0
177587116,0
75828083,0
62348987,0
132154150,0
76864885,0
33116404,0
41769846,0
74590247,0
152199267,0
204249220,0
154340102,0
154391602,0
65837902,0
82402611,0
31151810,0
163626452,0
96841951,0
174975135,0
35741373,0
124484708,0
136210133,0
39374651,0
139852747,0
59698762,0
105948407,0
80380191,0
160030689,0
42973908,0
81287731,0
135084643,0
204131574,0
34794859,0
99301999,0
214656135,0
96368812,0
78113883,0
121968581,0
44654870,0
116315439,0
91933263,0
121525396,0
60711363,0
86380121,0
145819624,0
42081420,0
112473311,0
177481047,0
129357430,0
147411719,0
69892858,0
158301890,0
42240320,0
145301805,0
133774147,0
44190495,0
110441446,0
155917759,0
89181342,0
128831252,0
165363621,0
136004076,0
166427811,0
108719220,0
91983687,0
167056732,0
146523682,0
135302366,0
61834603,0
151592257,0
34789569,0
102599611,0
82831120,0
76358574,0
144340999,0
112804407,0
195178994,0
139020335,0
59818125,0
173548267,0
100755298,0
92184534,0
94555104,0
95296933,0
94395631,0
69374053,0
110087690,0
117211175,0
130394074,0
117711801,0
78520166,0
37830265,0
42229395,0
36673538,0
109069373,0
116406358,0
92202121,0
32068321,0
99766373,0
79968441,0
103836549,0
78211326,0
151077280,0
75466214,0
134253326,0
193532172,0
199942114,0
135441893,0
139746373,0
128854031,0
100810666,0
79114059,0
32901227,0
38947376,0
196223070,0
122350219,0
100286738,0
148378486,0
32558624,0
177197898,0
77272954,0
191611113,0
84066932,0
113484097,0
146281146,0
45073282,0
44625547,0
114143732,0
42013823,0
162934761,0
183419252,0
65311201,0
130150029,0
88023370,0
96134033,0
41983849,0
60622181,0
91853310,0
174127356,0
33564642,0
156210688,0
93627154,0
144148966,0
100822786,0
63927660,0
99819817,0
144802670,0
38604674,0
82191273,0
121173564,0
118185335,0
86107424,0
33437699,0
59741339,0
107976690,0
36127907,0
112927500,0
84341594,0
37203091,0
83432682,0
133491946,0
59150110,0
180026527,0
148761447,0
134689879,0
73451473,0
116593298,0
59897792,0
113765795,0
94342809,0
43401153,0
92874103,0
118243466,0
63712887,0
97424385,0
146265927,0
78405066,0
210001324,0
95094369,0
151550735,0
145183064,0
115999681,0
173992705,0
123065538,0
165286865,0
119757839,0
180459161,0
129441500,0
64327142,0
152880891,0
143890491,0
75842552,0
62100569,0
55782276,0
155031587,0
95487792,0
139263907,0
194720265,0
196061051,0
172078702,0
88888876,0
78511441,0
72454702,0
91250238,0
61529603,0
208433418,0
108470644,0
31681601,0
159961316,0
184798016,0
131071188,0
108013296,0
82066196,0
71756595,0
61778485,0
35914467,0
40125797,0
88505846,0
60355080,0
42034845,0
94460385,0
145212900,0
117776605,0
166112270,0
181204602,0
68577536,0
110615634,0
79877572,0
59448222,0
175802425,0
94080534,0
155144268,0
162968515,0
77165010,0
111672827,0
164037590,0
143407621,0
84154357,0
201047125,0
66920598,0
62282999,0
85573113,0
36993333,0
148728315,0
41688205,0
129641892,0
112314075,0
123368841,0
121383915,0
104551009,0
110277117,0
67314622,0
148585492,0
59604142,0
109758726,0
102529705,0
163552993,0
77413921,0
85457895,0
32391136,0
148968847,0
120663000,0
152407506,0
75544727,0
152992418,0
161491055,0
85341296,0
124392842,0
35683705,0
106120553,0
36883385,0
96052807,0
59838624,0
214542950,0
104943079,0
36466829,0
94423483,0
129617741,0
179525082,0
189110194,0
160163662,0
206422802,0
112522047,0
56152761,0
63843640,0
79218006,0
146632267,0
74002048,0
92750664,0
126144637,0
61660079,0
75682270,0
105607343,0
112013496,0
108873037,0
116810094,0
78254180,0
31931815,0
88512557,0
106234132,0
116091873,0
158173802,0
112567447,0
140359344,0
67412282,0
107616074,0
198623042,0
74235642,0
66510871,0
148553573,0
134711611,0
95477053,0
39512756,0
59596167,0
76267211,0
155492685,0
82017864,0
123679615,0
164868887,0
42691183,0
110922717,0
78154526,0
124959091,0
87317427,0
62521409,0
38962200,0
43896894,0
56659822,0
86848305,0
66751679,0
164197952,0
132263772,0
164278182,0
67559585,0
105825708,0
64210237,0
118132660,0
104182133,0
63657410,0
95370600,0
42927738,0
35253114,0
176252795,0
89228380,0
76686946,0
147733113,0
113590876,0
79655673,0
111723892,0
39507555,0
75376667,0
128816082,0
118583366,0
129585842,0
99922708,0
158311552,0
154552782,0
138945908,0
112988544,0
136645718,0
194460053,0
100714872,0
81897998,0
36860814,0
69380685,0
157130407,0
79023427,0
81713634,0
59846569,0
154590978,0
196330471,0
37139304,0
77541476,0
41753088,0
177722537,0
39021921,0
126231125,0
89346944,0
93746468,0
45556872,0
140832967,0
113057532,0
65386032,0
145404508,0
139849342,0
150129404,0
90881795,0
105994173,0
128557657,0
82635633,0
139340525,0
118573792,0
43257649,0
211653278,0
68431052,0
66077260,0
155929207,0
144831834,0
101778006,0
145167460,0
61780014,0
32009647,0
58801911,0
123128920,0
92216511,0
44225848,0
81246614,0
138767831,0
32659748,0
98529771,0
151727154,0
205162079,0
60230684,0
86098433,0
140969217,0
77916412,0
198429114,0
73638442,0
58018007,0
80619243,0
78350714,0
62050935,0
67012691,0
142184086,0
96729812,0
151537352,0
77750277,0
97373527,0
174474904,0
76741268,0
79933078,0
175680822,0
79754814,0
78549863,0
38556293,0
124512807,0
78569336,0
143106332,0
43724748,0
86542121,0
41066380,0
194731763,0
179334115,0
206274966,0
56945566,0
162855182,0
165444631,0
40373652,0
166102470,0
112846925,0
84745478,0
87722190,0
135567819,0
210430602,0
66050187,0
65726435,0
56811004,0
122177214,0
132728472,0
85669549,0
64926247,0
174291004,0
122274499,0
99875413,0
80536062,0
42528226,0
174227463,0
39122789,0
87559578,0
37558506,0
137108395,0
128166386,0
109322144,0
76441370,0
101696305,0
155984063,0
100917643,0
150952361,0
148928046,0
134045018,0
110274659,0
88139704,0
69869241,0
145408081,0
106277973,0
161085276,0
81978909,0
167967035,0
121776370,0
173565242,0
43258893,0
78411630,0
78441071,0
112120206,0
58989966,0
82719129,0
151825890,0
116609909,0
189392830,0
65774825,0
76774657,0
97629950,0
76328827,0
120682877,0
86790558,0
36878095,0
133645813,0
40341399,0
76558069,0
118417270,0
102797092,0
78366170,0
33833885,0
147332693,0
41059580,0
77423307,0
56513988,0
185428862,0
31745082,0
45468579,0
62832460,0
172719990,0
125152209,0
61269637,0
155272168,0
74449497,0
122977304,0
136883714,0
121910311,0
57782677,0
148070693,0
42358430,0
122482866,0
193729357,0
128108619,0
139137537,0
42036868,0
34345782,0
163083950,0
113457656,0
84251405,0
82520198,0
75963060,0
67351366,0
87601840,0
134349071,0
61050167,0
34436365,0
99704106,0
96095216,0
80741517,0
163147816,0
105146393,0
136490558,0
157675249,0
141852112,0
109189210,0
150277339,0
104126666,0
136549815,0
180624990,0
205876540,0
62482562,0
91607892,0
123935780,0
138864386,0
118459788,0
96005462,0
134253978,0
59668274,0
127367827,0
38098728,0
89553732,0
36512821,0
111168826,0
39699341,0
108824035,0
134586929,0
140389190,0
67740160,0
154436746,0
129617386,0
126627202,0
63313040,0
31860606,0
93729304,0
103039855,0
34280593,0
56829914,0
79176761,0
79056638,0
179453527,0
199019385,0
37095661,0
119857532,0
77788354,0
150936895,0
73696979,0
113369047,0
195411976,0
141664333,0
61553349,0
96100664,0
150743273,0
37448341,0
195317958,0
184447201,0
152751185,0
33630117,0
105134727,0
181303239,0
101416255,0
42845485,0
108010079,0
126573047,0
81815547,0
100637800,0
192811355,0
150457746,0
140747427,0
178766376,0
164536973,0
106346695,0
208576163,0
42363029,0
105978510,0
145593077,0
107978832,0
111346015,0
102922643,0
194873115,0
124516784,0
144288907,0
78098122,0
151692196,0
82001639,0
141172146,0
88083822,0
95785656,0
116332938,0
195127958,0
85648971,0
78047935,0
86626516,0
134678114,0
195781346,0
137226318,0
35702162,0
125079638,0
151882689,0
93540607,0
38492072,0
72884365,0
80562818,0
36176761,0
83291803,0
109848470,0
86404134,0
125551365,0
164731680,0
97731419,0
100689833,0
85095345,0
198668343,0
116391564,0
89653434,0
80784588,0
38281217,0
87903711,0
150066110,0
41744323,0
119021270,0
75746422,0
83992713,0
129547548,0
113816732,0
117405330,0
98371976,0
155639860,0
42326482,0
94758398,0
159901930,0
212371766,0
94732185,0
87430572,0
126078797,0
66704582,0
82103306,0
91319976,0
36791312,0
166898394,0
163931788,0
141685227,0
206629482,0
80377438,0
41755673,0
151191926,0
175488354,0
175873664,0
144051060,0
92394589,0
110111041,0
62714992,0
91976354,0
118133085,0
99661943,0
59663419,0
206300331,0
38918715,0
60245775,0
78594434,0
132475890,0
112096618,0
109403568,0
76431007,0
111649890,0
165726872,0
41484358,0
141654562,0
67457178,0
59401923,0
86781962,0
144938091,0
204073620,0
166379924,0
39326734,0
139644982,0
111572690,0
89496784,0
108246446,0
61415708,0
159804813,0
77365205,0
82517582,0
73947854,0
80731283,0
62418647,0
64822261,0
79882536,0
165504707,0
41691393,0
35049139,0
100865512,0
173573099,0
43769833,0
135331827,0
91579468,0
119384521,0
204862773,0
99984699,0
45548641,0
123676387,0
42192285,0
122671593,0
133484909,0
136600752,0
113368010,0
96885416,0
31815590,0
102259396,0
105294901,0
37074313,0
183183547,0
63039544,0
191736249,0
62197972,0
75690402,0
72424037,0
77906158,0
60586088,0
93650308,0
39320566,0
133938466,0
88578042,0
34259048,0
205073203,0
210472577,0
44790577,0
84191970,0
107655760,0
79514923,0
191821217,0
152865860,0
100955967,0
76414772,0
44691427,0
39522360,0
109744790,0
127950143,0
59933836,0
66660662,0
156261043,0
83390263,0
177668155,0
70784824,0
106158985,0
78773331,0
157401269,0
206644513,0
72474846,0
68510739,0
178216836,0
163651738,0
126779332,0
117990647,0
127539953,0
44053278,0
105774268,0
32936837,0
67518400,0
156806743,0
168912514,0
203580564,0
124078426,0
105722946,0
177097337,0
111547078,0
121265164,0
212326178,0
156573021,0
104866630,0
87299652,0
39067884,0
161797832,0
163969431,0
40372527,0
167199940,0
73208078,0
134343900,0
130800080,0
88853463,0
83365638,0
72382417,0
88716177,0
81590560,0
82904421,0
37354649,0
34917005,0
128107820,0
40249355,0
41456328,0
93537805,0
156077577,0
42093312,0
92568313,0
164451226,0
138261975,0
109429999,0
106899689,0
36073061,0
130152753,0
101338670,0
61793052,0
125678595,0
35310782,0
57036900,0
164295552,0
43562482,0
113721954,0
142603761,0
56837455,0
136726106,0
109182242,0
36732124,0
102127153,0
195079104,0
34224336,0
105612357,0
81592978,0
115495048,0
59730423,0
71876185,0
185582423,0
68287824,0
126718683,0
42961848,0
67277482,0
33332855,0
111544374,0
124536602,0
58252164,0
166981812,0
106414539,0
87324257,0
145712914,0
156172740,0
206132429,0
185384389,0
63142197,0
111706532,0
76549354,0
180762108,0
148125075,0
57028264,0
56388792,0
112153062,0
140638348,0
64904534,0
161490532,0
37333903,0
111882901,0
151388913,0
78300093,0
145808708,0
155900062,0
70460450,0
110791215,0
61224780,0
35669543,0
66712300,0
194658975,0
118325088,0
111495273,0
62004143,0
90590603,0
75192461,0
114495178,0
128866210,0
113727698,0
191934688,0
31247378,0
140513537,0
33297038,0
150581797,0
163172944,0
31995523,0
91819526,0
108202299,0
92714295,0
59317183,0
36157190,0
86078565,0
107010002,0
66548869,0
132251613,0
162783618,0
41020605,0
64233637,0
72176033,0
119771972,0
43841812,0
66017845,0
41079221,0
44200187,0
41598322,0
118204896,0
115655587,0
62554107,0
36658033,0
61129627,0
156876186,0
81051689,0
139045068,0
106630140,0
162432072,0
139844950,0
101154602,0
128510322,0
127249135,0
91101246,0
117122279,0
71775949,0
164667449,0
35986692,0
41180749,0
67140186,0
161742473,0
104799733,0
98140425,0
84178587,0
119354912,0
106214038,0
83833674,0
129417408,0
141878543,0
83408896,0
90547788,0
214028981,0
44073264,0
102628845,0
69515790,0
32753311,0
150242470,0
119814362,0
164653207,0
43803182,0
120618626,0
59657112,0
57592460,0
91767513,0
60827598,0
106878844,0
95885852,0
123378029,0
62850353,0
108523347,0
121027958,0
196346519,0
78285368,0
162758095,0
121595727,0
136536659,0
63907832,0
176175999,0
100087076,0
40573028,0
195239870,0
77329733,0
114533699,0
114862555,0
43032613,0
143116626,0
42094063,0
126047974,0
58645497,0
102566696,0
147957262,0
158820695,0
159359467,0
200888994,0
112089492,0
78430826,0
64383468,0
79700205,0
130273665,0
43475245,0
74278299,0
42319632,0
59510035,0
86260037,0
84699081,0
117004081,0
75209367,0
39409333,0
71803259,0
142769689,0
113127784,0
112455862,0
115041925,0
91816506,0
37191544,0
151224071,0
145470516,0
164469129,0
146393778,0
122702741,0
192165794,0
86968724,0
31773270,0
144819103,0
101088466,0
128986343,0
73849869,0
83293047,0
160655790,0
32358202,0
149702741,0
34012831,0
57844628,0
194227959,0
91923295,0
137755457,0
55727026,0
158953323,0
84287252,0
32066209,0
194162188,0
81555681,0
185358294,0
34527264,0
77098548,0
45607997,0
66057254,0
166533357,0
144662748,0
33796627,0
97693056,0
146926095,0
162003603,0
87042727,0
117956281,0
78860598,0
68291426,0
142318066,0
59678628,0
37820978,0
73288555,0
127508024,0
59476054,0
151086874,0
91701121,0
73237213,0
154353545,0
69691005,0
61405956,0
57643259,0
62466060,0
35402619,0
161362572,0
74408429,0
143063823,0
150235482,0
82102674,0
36418961,0
193891889,0
111429709,0
105624763,0
177724471,0
39315710,0
176025893,0
116315479,0
155022862,0
42861207,0
69479737,0
205619802,0
177220124,0
74319336,0
155234525,0
82827123,0
100801655,0
44800081,0
102579112,0
96786316,0
92758876,0
83836615,0
107310886,0
121979112,0
81991226,0
79516551,0
171633366,0
42846324,0
185476818,0
161354578,0
67336246,0
126773134,0
65366767,0
79161937,0
73413119,0
63181429,0
179010066,0
144287279,0
82108083,0
127652229,0
38201550,0
167231088,0
81056970,0
35343461,0
34234739,0
109770471,0
39748482,0
156985798,0
59801475,0
177886421,0
119275738,0
37884913,0
74200082,0
85033976,0
33259612,0
164631533,0
75306159,0
122198118,0
106491018,0
116055040,0
38593916,0
164777742,0
88168088,0
36764249,0
92281848,0
44474354,0
150660675,0
152281846,0
93969580,0
148706828,0
92310855,0
146420535,0
67318807,0
108091414,0
131076380,0
124793202,0
140865704,0
148354099,0
75317134,0
80044348,0
155339489,0
214575234,0
83177030,0
129312435,0
33727047,0
98716129,0
32203219,0
75303464,0
111134351,0
81779217,0
112119703,0
196186098,0
76662025,0
163706347,0
214540749,0
102627710,0
97603687,0
152722366,0
39285084,0
66351605,0
93018594,0
75048700,0
78471666,0
31413769,0
114577471,0
89198001,0
76857927,0
155928655,0
67423553,0
75057524,0
152427985,0
76823038,0
144276827,0
105925391,0
31717220,0
65874647,0
106660094,0
70729278,0
175982525,0
56115858,0
145208695,0
70843213,0
132217276,0
121721446,0
109726008,0
78953520,0
102390978,0
124135077,0
84237726,0
208055018,0
122620833,0
110540033,0
177210304,0
185747571,0
94004380,0
135570484,0
106436311,0
152722504,0
106098859,0
103284512,0
62200815,0
164548569,0
192021757,0
43099173,0
75931605,0
96510519,0
99758428,0
39729197,0
78143285,0
108352840,0
115707916,0
154917178,0
98479466,0
95988911,0
139761572,0
106382561,0
167214379,0
147277828,0
94213823,0
149521229,0
123131911,0
85734609,0
58074511,0
82674845,0
103051234,0
142924267,0
59495991,0
82414780,0
44056229,0
209970678,0
112631314,0
161368573,0
92964459,0
136645797,0
155083570,0
106591965,0
122798822,0
59828586,0
63934450,0
98173419,0
67724674,0
44478707,0
106818748,0
200931177,0
129571107,0
138454155,0
59642821,0
114773935,0
162272195,0
90994773,0
96173680,0
174243590,0
33938700,0
116249905,0
73912788,0
141055655,0
32517398,0
137136948,0
162684152,0
133778332,0
154736189,0
138263929,0
62764744,0
118813328,0
76884831,0
194245132,0
105155552,0
166466125,0
115080989,0
61639935,0
86416096,0
173310439,0
45248003,0
124821173,0
157065524,0
116359843,0
32679082,0
134973995,0
43588419,0
73290480,0
84984510,0
134561090,0
118927144,0
134459502,0
101348372,0
84164484,0
125202919,0
102537265,0
82287166,0
78316388,0
111349726,0
142398543,0
134335155,0
59774609,0
141607198,0
117582825,0
139387800,0
36868847,0
134617446,0
88073863,0
79967879,0
45377867,0
152188795,0
59365179,0
83914862,0
167123115,0
113886855,0
82454417,0
84321825,0
125382625,0
130399137,0
69339480,0
116390429,0
125256452,0
97158864,0
44324208,0
152403765,0
91632991,0
204061510,0
65767857,0
124534777,0
98955625,0
100905415,0
145257372,0
107314834,0
113386822,0
137918799,0
88964802,0
142265579,0
143733782,0
118202142,0
78883150,0
156132590,0
31828747,0
62717676,0
38021311,0
67104646,0
76182530,0
136544318,0
90048110,0
32465297,0
45645018,0
191772007,0
115622554,0
177509521,0
140826887,0
77885826,0
79697461,0
115554986,0
70671106,0
109209512,0
40810896,0
145142954,0
71082738,0
93784160,0
73891351,0
34467593,0
60862151,0
121263773,0
164908040,0
63820486,0
97700932,0
37895592,0
77236071,0
130928326,0
82174041,0
129739611,0
88431864,0
62895586,0
66564749,0
135458543,0
68619936,0
37365634,0
114811716,0
111978814,0
69977323,0
43523438,0
82514483,0
72425626,0
153225775,0
159881895,0
162673325,0
59095541,0
57562683,0
193899183,0
199952260,0
150731874,0
110619395,0
165378455,0
137478298,0
90550315,0
100490447,0
97757139,0
98999239,0
148044114,0
96433833,0
71588733,0
157699212,0
150297917,0
37998019,0
135920490,0
151352208,0
67088480,0
45340600,0
121835025,0
117286223,0
78952879,0
144698693,0
134563123,0
123724373,0
90147744,0
144104385,0
161802214,0
121647128,0
192435234,0
167207470,0
142173792,0
132491947,0
134157315,0
81980133,0
75776396,0
146257479,0
175532175,0
130027478,0
128326402,0
133792080,0
112432638,0
107952973,0
152283001,0
37659008,0
85284111,0
155057287,0
195294853,0
114152328,0
71234996,0
131818228,0
88733824,0
84371351,0
72550141,0
77150807,0
62101596,0
99979093,0
99028482,0
118295321,0
95012284,0
214616834,0
35482514,0
114442652,0
131561698,0
55958942,0
101339904,0
59261992,0
112807664,0
121683063,0
92376665,0
43560281,0
57958977,0
67329574,0
32210878,0
40109335,0
83504306,0
152449145,0
77498987,0
90144842,0
90486380,0
125457377,0
40141302,0
94844126,0
83158149,0
80666508,0
66394755,0
94097845,0
142221699,0
214510973,0
104796763,0
115754096,0
61868525,0
31828529,0
79296203,0
81332371,0
86270124,0
35694305,0
66473347,0
103128069,0
196227018,0
127272832,0
89325132,0
176941821,0
79394948,0
85764267,0
70875279,0
176345046,0
120707838,0
83616948,0
71063018,0
62372121,0
82619979,0
133155510,0
66392406,0
168860254,0
113187851,0
59318042,0
198765026,0
88504948,0
74568337,0
65843765,0
41537999,0
41861466,0
42141703,0
55960462,0
110738422,0
115667401,0
214356267,0
63779547,0
112191040,0
112966436,0
83332989,0
133603946,0
80073296,0
73806541,0
93967902,0
212225054,0
74134923,0
41501679,0
36153232,0
139625974,0
56481981,0
141570493,0
107851089,0
128130747,0
131548463,0
139098147,0
36714526,0
36442036,0
118235739,0
69960840,0
118258231,0
64509552,0
35089762,0
102303859,0
193866870,0
98463221,0
140763899,0
103485102,0
129151264,0
39348882,0
40583697,0
32660952,0
106046699,0
80841881,0
155695189,0
129940783,0
214469135,0
113253592,0
162727154,0
56805240,0
129213354,0
115841866,0
123594815,0
59663270,0
88620422,0
127071304,0
37658978,0
32083215,0
167238915,0
101609650,0
86661582,0
133588559,0
162223666,0
121520905,0
34044887,0
130640350,0
79538334,0
36213081,0
83313299,0
119032028,0
125755686,0
193629693,0
91458960,0
60637134,0
107001711,0
62161524,0
114921910,0
149347869,0
130640084,0
64080313,0
196584357,0
194943436,0
139903536,0
38845403,0
40183899,0
124675912,0
119240573,0
92524374,0
120247292,0
137958534,0
131281391,0
152034336,0
150060208,0
86048917,0
102685240,0
77020104,0
35265027,0
175162796,0
78305176,0
101388926,0
31642675,0
85377379,0
116824642,0
90265695,0
33934624,0
61421195,0
126316783,0
106926771,0
75658099,0
83983524,0
123298500,0
96709204,0
115789725,0
151122059,0
79631266,0
67297557,0
74141614,0
76450204,0
91741132,0
81634638,0
136939418,0
67457563,0
146649085,0
93102456,0
127642922,0
61799675,0
57848566,0
88802724,0
75830866,0
42286490,0
33550677,0
108368385,0
84941893,0
65042866,0
121233019,0
105055534,0
138203349,0
177734992,0
87968190,0
194921190,0
116720458,0
119337808,0
68221224,0
141654641,0
82949595,0
157059543,0
106386351,0
78164060,0
194494636,0
80548567,0
132892298,0
102106901,0
212741303,0
141530126,0
73032074,0
143890669,0
102837281,0
199953287,0
37347277,0
62128500,0
98359639,0
67183583,0
31667823,0
104547831,0
84515062,0
42935476,0
41906481,0
147532809,0
58653383,0
58785705,0
174653692,0
86930638,0
178574491,0
127756788,0
140104274,0
89298435,0
78261266,0
107999044,0
210496580,0
60448082,0
82136625,0
40632315,0
167105981,0
120179794,0
99131343,0
78750769,0
118515680,0
126307584,0
33846824,0
119997739,0
155604813,0
132998988,0
106727563,0
88803869,0
146580432,0
116460858,0
161380841,0
116277086,0
89627734,0
58630367,0
146726354,0
154248809,0
135610634,0
83984541,0
89441702,0
160899155,0
149125665,0
86120807,0
139674275,0
40685394,0
71489938,0
76283555,0
130895539,0
31761347,0
179712288,0
122507757,0
62868711,0
91597144,0
154949728,0
98379813,0
146224051,0
132897174,0
32353474,0
36154811,0
165453059,0
66561117,0
164583607,0
110344822,0
106193075,0
67183514,0
43507192,0
107082849,0
80984379,0
87979806,0
99715663,0
128620931,0
39361090,0
148999275,0
44364229,0
45493125,0
116489608,0
111721563,0
175993589,0
140585418,0
63919360,0
35230010,0
160941940,0
175225201,0
158365865,0
137457010,0
121140077,0
184270782,0
66171416,0
92494933,0
169313456,0
122592241,0
146198301,0
96089413,0
79077650,0
43061836,0
40335023,0
167118308,0
139482519,0
116699939,0
109251122,0
103735662,0
96388196,0
161098551,0
129843627,0
152169757,0
121026527,0
144949855,0
83276950,0
120925383,0
147561185,0
78130277,0
81058588,0
77810561,0
66324671,0
31984509,0
87822327,0
34151222,0
71139182,0
64809667,0
110514560,0
84262509,0
76914411,0
121225587,0
80191613,0
134491213,0
80591815,0
117441127,0
38359858,0
36249550,0
35597406,0
123053161,0
84569335,0
160947911,0
77182055,0
90876703,0
120405423,0
65148658,0
94241310,0
43364705,0
185457602,0
84346588,0
66278531,0
134472846,0
137322813,0
106926890,0
85178911,0
91571000,0
115679709,0
75100289,0
129218496,0
175329454,0
113094938,0
130360666,0
34439365,0
108336990,0
102479468,0
73980029,0
87956149,0
214434256,0
59662106,0
120723086,0
159741105,0
182563064,0
136904026,0
123226403,0
200529247,0
68430765,0
110114762,0
81019189,0
158269853,0
44449651,0
214191632,0
98169106,0
84855573,0
141521352,0
76772121,0
73168481,0
65904601,0
192068717,0
120297252,0
33647261,0
40932025,0
117133205,0
160680010,0
135106465,0
66359274,0
96716034,0
89748952,0
38064589,0
77975590,0
87681468,0
35204289,0
148382642,0
124767808,0
140083045,0
78262589,0
180822964,0
80264983,0
40387746,0
105835292,0
35482129,0
156210856,0
35804154,0
146506548,0
139457953,0
67336019,0
173572881,0
143000648,0
40547190,0
132957358,0
38068389,0
120392750,0
40968632,0
35226792,0
83353755,0
63795180,0
92565175,0
86090636,0
135036499,0
167132501,0
37634354,0
101645053,0
35365401,0
89498106,0
113631025,0
38248608,0
119328768,0
200344005,0
157021328,0
119860177,0
122751132,0
34539108,0
138930769,0
195408374,0
179014369,0
108688565,0
141274602,0
33247384,0
66306165,0
134554093,0
35410268,0
60535724,0
75960711,0
75300829,0
161410706,0
130488319,0
95501362,0
77679838,0
195095843,0
35759820,0
74171904,0
94143206,0
176851297,0
86504665,0
39690686,0
213205599,0
37897033,0
150154048,0
62073773,0
98592226,0
74654400,0
104043751,0
175064702,0
142612970,0
185043237,0
112103033,0
108938591,0
89410928,0
150024766,0
67434449,0
75175564,0
108169295,0
31425188,0
161803132,0
207087964,0
128884518,0
130261358,0
98392771,0
121353675,0
75927796,0
120155761,0
77907500,0
108968299,0
143333530,0
62312035,0
66931484,0
61094620,0
110038746,0
107771185,0
62713945,0
88587695,0
36465210,0
140702185,0
72997402,0
40936703,0
118099222,0
137186671,0
129171586,0
32724719,0
32875734,0
59740520,0
66715507,0
65419530,0
84620114,0
92966670,0
83325952,0
120227741,0
114356195,0
103270172,0
127797302,0
111522789,0
82105309,0
70203455,0
142430382,0
84972113,0
101770327,0
34684763,0
131154152,0
34955516,0
35483954,0
74794558,0
132670133,0
91337771,0
185769205,0
36105236,0
137202680,0
114085491,0
117402941,0
40836527,0
142410357,0
146454269,0
44053386,0
74282148,0
71614601,0
156623416,0
62190975,0
37186284,0
89541395,0
90540337,0
60930508,0
104963213,0
39764234,0
68574852,0
44931870,0
111163338,0
113350591,0
41766027,0
44207125,0
91895591,0
134435203,0
43527731,0
126938795,0
73155838,0
66161921,0
167255190,0
73049829,0
39040190,0
145298213,0
109138471,0
141637705,0
74334131,0
179100373,0
109866216,0
102357559,0
148314877,0
157206147,0
103181868,0
129165052,0
127067949,0
43162398,0
109716908,0
138730248,0
192765985,0
176184734,0
139069456,0
166291344,0
87608472,0
109529406,0
142484922,0
72371067,0
85867138,0
71501318,0
51075531,0
75039442,0
76015043,0
212348463,0
41088350,0
35855644,0
44350471,0
65503145,0
37200131,0
73444001,0
73566759,0
106117474,0
181348086,0
71997739,0
33826276,0
90967641,0
87693272,0
35611450,0
184757245,0
173599737,0
200887435,0
94212106,0
173733391,0
42811820,0
86915784,0
94044362,0
83945921,0
135499571,0
67334341,0
124661887,0
153856156,0
154775362,0
94520955,0
44366154,0
130243563,0
91344877,0
76139360,0
159182041,0
73352530,0
133573903,0
194925651,0
43034705,0
170500720,0
82412491,0
118668876,0
107182098,0
103576021,0
162892420,0
33418799,0
109714303,0
180130404,0
184374541,0
139282817,0
101727730,0
194184750,0
107619055,0
213790255,0
43256781,0
115177405,0
64304393,0
194792283,0
149527032,0
98235075,0
72916333,0
148062837,0
194470110,0
48029791,0
141886123,0
104966816,0
76880647,0
122723053,0
112926267,0
196614538,0
114911340,0
139862844,0
145466105,0
104017863,0
135326971,0
126698737,0
205839371,0
118657338,0
86898157,0
62873892,0
181108975,0
83358443,0
86320074,0
124352445,0
171262565,0
196105543,0
96826820,0
63647916,0
113303582,0
156730708,0
139960958,0
95513374,0
38721767,0
117310029,0
155022507,0
89347121,0
99077406,0
37983323,0
64585212,0
106344889,0
76578380,0
66790487,0
122619225,0
140851956,0
60565441,0
93826668,0
41175686,0
90746217,0
86979502,0
63096856,0
130382527,0
136142260,0
45175422,0
138785281,0
59695613,0
133657301,0
38088661,0
83686084,0
42145533,0
106441493,0
83189278,0
174472604,0
33078367,0
206572169,0
164128914,0
75527771,0
96498232,0
77684052,0
101999618,0
174398089,0
106248680,0
67023735,0
61402541,0
130247797,0
98022316,0
128542576,0
157391271,0
157771853,0
98819632,0
63942958,0
79270690,0
108534619,0
41102523,0
87868497,0
32027106,0
102522687,0
76183942,0
79727672,0
64601783,0
123657635,0
116201584,0
98274790,0
59811186,0
75425798,0
42635292,0
59207769,0
63894695,0
137804538,0
44004561,0
123131842,0
89602754,0
74944645,0
72765673,0
43753538,0
82611334,0
88415144,0
118157601,0
133489370,0
60010424,0
81224230,0
110459211,0
123733167,0
103204874,0
77556428,0
87891503,0
37035002,0
110433846,0
96412218,0
90315004,0
60793409,0
70223500,0
102260393,0
77584271,0
161490749,0
108078070,0
116589844,0
108022968,0
42346320,0
89828353,0
191904684,0
162621115,0
97186617,0
132503643,0
183278512,0
69795959,0
126988025,0
88488406,0
160866457,0
150932572,0
74072675,0
76088710,0
68529383,0
122817219,0
86722152,0
152281362,0
105078984,0
32231841,0
109041127,0
40095231,0
212250971,0
127827691,0
58404047,0
162326981,0
64999232,0
81219611,0
37129139,0
160680326,0
58985436,0
121651865,0
92311871,0
82306728,0
45028049,0
90948603,0
83974385,0
192792860,0
112052145,0
84815729,0
77133526,0
103105695,0
93720363,0
112973029,0
89116242,0
110661903,0
88492068,0
110774565,0
158593773,0
146612558,0
119021191,0
60629692,0
42822420,0
161271604,0
213244525,0
167673178,0
64202193,0
107026099,0
74805829,0
114135086,0
204210156,0
132316565,0
106751082,0
41789013,0
150560113,0
120887563,0
38720356,0
31867001,0
68045871,0
163901627,0
122669362,0
34331520,0
80742672,0
36224767,0
101602781,0
109007906,0
122385473,0
93367583,0
44514247,0
39032156,0
126014625,0
41884462,0
108870017,0
93793644,0
103634064,0
84193175,0
177546364,0
122671277,0
81697329,0
175730150,0
132986809,0
42054634,0
71865861,0
109609073,0
154341376,0
150235285,0
156515995,0
120438891,0
86471020,0
79225349,0
116344969,0
93338399,0
45006533,0
93649982,0
88034424,0
39864647,0
143936799,0
43350907,0
77313804,0
77858971,0
56631042,0
175700255,0
142944233,0
193780817,0
115025166,0
42983965,0
94488534,0
123484315,0
80120660,0
101584670,0
75522945,0
171888406,0
89126970,0
77002211,0
207157841,0
134241749,0
88134749,0
65994276,0
97222749,0
80821293,0
56207044,0
137554867,0
130889676,0
79615642,0
59663132,0
36084086,0
174189228,0
37827916,0
95604924,0
63615099,0
164355569,0
63113408,0
112179957,0
139239914,0
126495334,0
76868142,0
37392716,0
195220180,0
179452876,0
73440655,0
71638584,0
34165721,0
131991440,0
59484315,0
113804119,0
133509543,0
69190449,0
88753011,0
66402996,0
122292284,0
69179365,0
151323191,0
87533532,0
171201936,0
87319214,0
97773908,0
84931944,0
83440065,0
78227552,0
37730237,0
34323477,0
165339391,0
98937564,0
91598289,0
41543655,0
84847806,0
132166063,0
63921886,0
35333779,0
137116952,0
70388224,0
60500933,0
74232948,0
76596975,0
195275697,0
108922593,0
104293265,0
174458136,0
45210953,0
116511203,0
42076889,0
58641263,0
146567750,0
133120552,0
113223746,0
196319496,0
93462894,0
64022763,0
62257960,0
194246929,0
59303138,0
113226816,0
95332444,0
213261195,0
171671729,0
81904769,0
44034042,0
122307227,0
91125525,0
77492513,0
79720615,0
65632358,0
122901051,0
92896882,0
68274451,0
120438999,0
92412502,0
156257372,0
135565944,0
103062367,0
80814779,0
121714695,0
112582301,0
73962609,0
38057365,0
38743352,0
133758297,0
59315574,0
90700451,0
153731661,0
61570256,0
158662367,0
116207644,0
103482516,0
140880459,0
131982913,0
144534029,0
65623998,0
114194787,0
83521301,0
66895341,0
130749321,0
62683488,0
132026823,0
176731925,0
97311211,0
80897161,0
211702448,0
176323343,0
176985070,0
141504426,0
42708603,0
78847007,0
66230268,0
62456023,0
37316444,0
80668650,0
132348019,0
78355699,0
58801733,0
90053459,0
81271742,0
163678386,0
62243827,0
195947550,0
175512772,0
138837136,0
132296164,0
133126632,0
39026284,0
128731855,0
37399043,0
37787954,0
139097417,0
134608099,0
91982355,0
122049729,0
115648195,0
39495504,0
56426771,0
34412530,0
138753836,0
99476661,0
42542745,0
85921589,0
71827034,0
32404154,0
72496095,0
178325737,0
83651037,0
101560302,0
159838409,0
159433973,0
133869004,0
59764996,0
159191556,0
33876956,0
112831370,0
107358853,0
130249909,0
127771247,0
113212219,0
144287644,0
133935120,0
64198798,0
106419345,0
106254740,0
72638859,0
129948175,0
174599419,0
86094860,0
102960069,0
94290855,0
100300714,0
102959832,0
92042915,0
69100625,0
142431566,0
66513782,0
61236239,0
214284870,0
115439354,0
151416597,0
166241246,0
66198034,0
81898472,0
84826902,0
127702357,0
103135274,0
116322062,0
35333897,0
76033035,0
34844750,0
96582686,0
83695460,0
163151636,0
62972489,0
99803325,0
208567280,0
72703426,0
155049362,0
163766680,0
97706952,0
94163508,0
95378930,0
78903649,0
31393635,0
59233548,0
177107354,0
176669351,0
77787111,0
110068404,0
89229624,0
214273648,0
185685254,0
43478196,0
213983798,0
105045556,0
79892583,0
113053604,0
119795955,0
78630833,0
90367086,0
101464143,0
136617679,0
107860140,0
194853169,0
112873000,0
118690717,0
112108619,0
75395429,0
35596646,0
94213409,0
42313829,0
108583907,0
65745947,0
71729118,0
117142611,0
73983049,0
32993538,0
106178290,0
124595524,0
90470006,0
110452026,0
155362949,0
112868105,0
102385687,0
38559007,0
114492375,0
32326214,0
65457557,0
185998387,0
106517271,0
192639772,0
135809783,0
137105296,0
193747053,0
92537935,0
70900575,0
41362804,0
156693598,0
148671110,0
91755226,0
59750903,0
114523553,0
85582430,0
149021698,0
56312974,0
173745195,0
37414923,0
62000097,0
185441939,0
203997416,0
145670238,0
124694595,0
149114088,0
104013748,0
114194807,0
132545510,0
86969701,0
66023707,0
170033987,0
86250000,0
194145331,0
111519799,0
104787643,0
42386756,0
33996349,0
125481587,0
144347503,0
41901605,0
107708256,0
42866468,0
127785163,0
154747263,0
111064119,0
137413248,0
135205635,0
84012768,0
38448399,0
156823996,0
65904571,0
130026362,0
64059419,0
56073182,0
111752188,0
161273914,0
145142006,0
75683543,0
72377630,0
31932693,0
174205967,0
76785464,0
131539679,0
60263777,0
192615325,0
34348871,0
56194993,0
39243504,0
84435118,0
31365240,0
195891649,0
96010762,0
80647835,0
180008722,0
176110623,0
38488676,0
127375337,0
129534007,0
140869178,0
57996660,0
44852173,0
75279836,0
194426378,0
112994624,0
121136938,0
121991883,0
64131359,0
97467111,0
55184780,0
35725651,0
42821818,0
122739180,0
98296582,0
162927635,0
59720485,0
95411450,0
150894357,0
98938945,0
176019823,0
139767099,0
67900195,0
142334301,0
116607886,0
72339464,0
83088766,0
145835297,0
44814362,0
77639580,0
73245968,0
128735102,0
130811331,0
208158165,0
81717957,0
135873817,0
176834361,0
82177278,0
88336533,0
100040581,0
31493427,0
45057115,0
192838250,0
175989079,0
92017885,0
84691974,0
40683380,0
193970846,0
97907394,0
32542388,0
134546128,0
153346579,0
96059074,0
134411753,0
92591704,0
138159084,0
63955956,0
63575976,0
212686409,0
160146608,0
91180499,0
142976892,0
111655348,0
84742507,0
148764862,0
138272624,0
142486639,0
39718380,0
61964418,0
45368521,0
112727286,0
44123618,0
90231408,0
35915917,0
142352314,0
67244923,0
137980148,0
88844028,0
206902840,0
150401331,0
43331158,0
42587148,0
128483427,0
165255924,0
67126734,0
37379965,0
78926389,0
168583639,0
179518015,0
84261650,0
124736363,0
185847461,0
109661944,0
87231315,0
98652697,0
35679955,0
141258544,0
111033583,0
57871079,0
44853209,0
128619964,0
204838050,0
121774594,0
35473108,0
194448476,0
162335873,0
121329938,0
139823257,0
174089042,0
136713315,0
112607844,0
155227508,0
156470792,0
162960836,0
82037801,0
106437614,0
78296274,0
81669655,0
42224440,0
56103294,0
136571538,0
79477971,0
71392880,0
126900688,0
111074413,0
115096672,0
106013872,0
75710102,0
38422708,0
74819686,0
129593363,0
176181280,0
193276253,0
79083078,0
192918884,0
65210402,0
67152375,0
106652732,0
134604309,0
120168779,0
97957453,0
56658805,0
45187345,0
32994969,0
182054089,0
111378693,0
105680467,0
115235942,0
65503668,0
36325980,0
165808454,0
60194255,0
107357145,0
211721053,0
157349522,0
63483992,0
98734230,0
69088634,0
86036126,0
127624347,0
36065106,0
98328076,0
56573581,0
195323327,0
177457617,0
98076125,0
142662397,0
108125336,0
119437965,0
96408556,0
65366836,0
152498661,0
163992792,0
42167937,0
163975905,0
62630449,0
35631693,0
41176180,0
59565078,0
110072382,0
93571687,0
40790762,0
119195587,0
129053545,0
33292458,0
81128801,0
81798562,0
78448591,0
75497432,0
151711758,0
108793488,0
196575119,0
69704566,0
166648574,0
93716296,0
31905710,0
84521408,0
31184715,0
41656050,0
36223326,0
149746700,0
151344608,0
184573897,0
32725696,0
59234870,0
144709441,0
85092078,0
58345698,0
90046975,0
179690338,0
72368185,0
31858168,0
77188193,0
141853494,0
131201882,0
205211526,0
77986733,0
164877869,0
39628221,0
38046370,0
153873487,0
117039385,0
208356682,0
42210011,0
129217973,0
44573653,0
65954373,0
89675345,0
56179034,0
179847749,0
196287361,0
85563115,0
78010766,0
62969055,0
71872494,0
61408809,0
79264699,0
57530143,0
184827418,0
81937506,0
76142736,0
161707574,0
66275708,0
77369774,0
88848420,0
185209006,0
111832872,0
86349288,0
100164197,0
122894527,0
153278883,0
85211530,0
90295876,0
103660949,0
92170075,0
111855829,0
89346075,0
125099397,0
144842740,0
158681939,0
85251166,0
129238067,0
147040395,0
103771005,0
85240813,0
59933826,0
118356256,0
64662659,0
114412708,0
116008564,0
45542897,0
78504078,0
78900303,0
38332154,0
118636454,0
109463003,0
138164739,0
127467431,0
62687495,0
64457796,0
104239890,0
96495162,0
87640529,0
191883198,0
31489903,0
73631622,0
66637508,0
144974391,0
121942910,0
166981072,0
131342326,0
145690145,0
36767575,0
105708250,0
39107264,0
194563032,0
36897035,0
92277347,0
43306731,0
141006327,0
179198950,0
105984392,0
132112234,0
98304034,0
92610476,0
112132247,0
66260025,0
122654883,0
94191834,0
152104894,0
34551918,0
98912909,0
152278668,0
122529085,0
142473295,0
72230336,0
109666672,0
147884898,0
53943391,0
159350644,0
110054982,0
86930361,0
73855169,0
177243249,0
76629011,0
106468407,0
60936903,0
61523197,0
60646786,0
115964151,0
157291775,0
109364869,0
166256238,0
94708616,0
69167887,0
193710871,0
76735860,0
141678772,0
175271855,0
71889509,0
36216437,0
194906258,0
32018450,0
121309775,0
76717640,0
212887679,0
123453700,0
164608685,0
203549287,0
41716540,0
34059159,0
106566314,0
173604839,0
33418424,0
73649368,0
31704399,0
81535823,0
116940955,0
174420404,0
103533118,0
75727591,0
75742158,0
110542797,0
142303202,0
131620817,0
76050386,0
90389045,0
75387435,0
111737927,0
111402814,0
99419072,0
120874535,0
32439340,0
94482493,0
167053435,0
59019723,0
94025896,0
56943287,0
128905610,0
166034794,0
148785015,0
78135527,0
125812446,0
74027038,0
85065687,0
80095325,0
101090855,0
149452576,0
40918129,0
139951947,0
99067211,0
92120036,0
124689769,0
41052010,0
65029621,0
89511707,0
36425268,0
42385936,0
78213181,0
175906332,0
44842116,0
117763794,0
108036154,0
73352638,0
117473361,0
167058212,0
163900877,0
56221039,0
196172962,0
60453944,0
125683401,0
143382078,0
33034033,0
93621657,0
136439118,0
160667594,0
88271275,0
74150981,0
163833734,0
132325082,0
114213451,0
95436637,0
76994167,0
95887175,0
44053554,0
41240756,0
75556245,0
177651051,0
110026281,0
45072156,0
76357015,0
40650120,0
102133371,0
76876936,0
79071867,0
150169375,0
116777761,0
114123854,0
180233759,0
73764813,0
92804424,0
83129626,0
214576911,0
174957192,0
34315936,0
164007024,0
175882615,0
44308555,0
166476616,0
77798559,0
69007052,0
77484953,0
115599567,0
131963864,0
134810929,0
91810002,0
212247981,0
38049242,0
152673679,0
105729213,0
93223477,0
79566551,0
194211497,0
64587788,0
62541050,0
59043913,0
87433336,0
173990020,0
38710970,0
174275568,0
81862862,0
100725136,0
69151553,0
40343313,0
73847826,0
104830260,0
177572795,0
128116485,0
109096574,0
58084084,0
74729221,0
152211150,0
90848959,0
149991693,0
78139347,0
206385880,0
135791090,0
76409176,0
138681038,0
129090714,0
145368060,0
115426247,0
173762210,0
110454740,0
80092581,0
155363847,0
106860467,0
100256389,0
192958975,0
42898366,0
85701319,0
93845223,0
91595920,0
80219257,0
45182962,0
103206750,0
77660286,0
137285525,0
42399142,0
83615783,0
153364847,0
107949509,0
41134066,0
36745961,0
85289974,0
41370680,0
103417791,0
152973182,0
171236184,0
132860212,0
78970131,0
174597810,0
93191302,0
74082801,0
113028466,0
134732890,0
114650812,0
138084618,0
91899352,0
109183584,0
80312308,0
167058202,0
122556799,0
109849270,0
194294757,0
37968331,0
65359532,0
150059004,0
31375436,0
42800233,0
62216794,0
60629702,0
198689326,0
214677423,0
194898619,0
147702231,0
132806877,0
138518821,0
134569489,0
40276634,0
156570475,0
76988176,0
120835175,0
74861020,0
192947191,0
111517706,0
78026073,0
86454666,0
43217194,0
122348156,0
66479811,0
152743645,0
67249897,0
82387501,0
106541403,0
195432406,0
113501497,0
79153192,0
126832480,0
108346277,0
77563613,0
126111436,0
85942976,0
60078011,0
32898217,0
121106698,0
56874535,0
100573411,0
134345834,0
79571634,0
130286051,0
63682904,0
138948702,0
132249885,0
59784982,0
136808912,0
213566096,0
39848027,0
66786874,0
134722804,0
43542634,0
62608410,0
119146062,0
176872339,0
125639876,0
77536462,0
192713271,0
62398394,0
139270125,0
122904357,0
144556591,0
84828037,0
58208688,0
40923656,0
67832737,0
214203653,0
38466618,0
77145636,0
93865860,0
159278981,0
42737738,0
104815860,0
43234782,0
109280593,0
33791554,0
98005715,0
120725741,0
67137532,0
82655934,0
143419938,0
103166067,0
32488342,0
89835173,0
60377297,0
66973736,0
63818828,0
59567358,0
133169812,0
108318691,0
79557145,0
154247476,0
65635101,0
87867174,0
32044003,0
121314710,0
66574777,0
92123382,0
59834321,0
139510243,0
167188866,0
139676476,0
173674558,0
122078706,0
43582675,0
39409362,0
33917974,0
144910673,0
119586433,0
134038731,0
91438964,0
80831045,0
113484561,0
79897054,0
117250545,0
143691599,0
60348162,0
202205600,0
83623945,0
64774669,0
75082207,0
93934049,0
58271903,0
155245224,0
78843642,0
212548096,0
35045181,0
110741817,0
88329950,0
163056137,0
37409820,0
41418863,0
34708292,0
97047090,0
85196686,0
36798773,0
74070573,0
84951910,0
40224710,0
212218382,0
92210757,0
195194628,0
107636406,0
34205851,0
134050141,0
126536757,0
76722269,0
152273842,0
77438408,0
130731131,0
88186456,0
174516011,0
145448546,0
153758516,0
160611160,0
81591113,0
74287546,0
72458067,0
32734687,0
93436878,0
127803175,0
95968106,0
108322985,0
108249288,0
79374173,0
106429027,0
45195605,0
141784979,0
42979751,0
63068718,0
107438096,0
78719620,0
123322799,0
42606779,0
93367623,0
100444109,0
96783424,0
144887390,0
100074710,0
37809944,0
131248930,0
106806076,0
36732153,0
43565078,0
35498660,0
81207373,0
107194780,0
153945397,0
35778187,0
66219609,0
110435139,0
140909071,0
160959814,0
81644527,0
60361486,0
76535793,0
160504272,0
135238184,0
78238379,0
116068423,0
41543497,0
85462534,0
87552590,0
42575364,0
43522184,0
64873168,0
78187757,0
111408193,0
145334503,0
64044654,0
74748585,0
32737234,0
176776930,0
97339961,0
150250721,0
31462851,0
60586769,0
39768054,0
105199245,0
149477368,0
36974867,0
33535181,0
198741566,0
163843031,0
79554638,0
167039401,0
64729378,0
65957660,0
141940336,0
90344573,0
141164526,0
122940786,0
132950894,0
73993600,0
71814470,0
37943598,0
82200047,0
65134525,0
40106670,0
135752894,0
164609949,0
76114400,0
143841597,0
120176853,0
99434261,0
82768487,0
34203512,0
163997668,0
110687278,0
121478693,0
113154274,0
84880237,0
106218667,0
96225554,0
64289845,0
108825259,0
206837158,0
71694673,0
145577473,0
143579915,0
78802821,0
71745936,0
36642715,0
142801302,0
61776303,0
58875064,0
106576746,0
155963840,0
119081939,0
39667186,0
149887539,0
33932502,0
180237489,0
56987680,0
109594042,0
145101452,0
166044199,0
160083541,0
87900445,0
112845721,0
176136945,0
162394933,0
96641440,0
61462243,0
117061305,0
99214613,0
95658684,0
94235822,0
115996967,0
85528206,0
178011459,0
130254123,0
40175155,0
93941570,0
206097273,0
152824279,0
88974652,0
118838081,0
114557446,0
144271675,0
92283417,0
76820965,0
146026165,0
195258652,0
174457445,0
139952855,0
43081013,0
42178576,0
65863040,0
95527043,0
102301618,0
143817308,0
121598727,0
194481884,0
74409545,0
130078010,0
76053831,0
38501329,0
58286411,0
58797232,0
81729336,0
191582441,0
74318024,0
122322130,0
61478646,0
193713003,0
59560765,0
81322788,0
165714249,0
80363877,0
127779004,0
32664120,0
38764433,0
100317196,0
135814747,0
135504526,0
180851211,0
76756033,0
70227033,0
37242224,0
96182760,0
133132268,0
213845633,0
161586306,0
91864403,0
124193959,0
33382874,0
193500273,0
72027614,0
155977262,0
146110994,0
95986779,0
35371599,0
134211292,0
75863762,0
126148388,0
101166021,0
82236407,0
165634532,0
150263916,0
207343952,0
41416268,0
116231548,0
142494712,0
74027226,0
145873917,0
126851498,0
105231894,0
74012796,0
72772533,0
61580411,0
98822425,0
116107773,0
165559464,0
78527489,0
140328837,0
95671554,0
112956833,0
153465369,0
140590441,0
60827045,0
143209025,0
150519233,0
133049975,0
36208423,0
63925903,0
83070892,0
133168094,0
143832636,0
79927630,0
60320655,0
156332292,0
137672029,0
206279308,0
77456597,0
40624597,0
136734673,0
132480143,0
68413079,0
156736541,0
175780830,0
70191542,0
38883579,0
131848637,0
38310876,0
83493459,0
161403117,0
86755936,0
110889733,0
93753159,0
159758584,0
59334307,0
62625918,0
165465831,0
115326090,0
87446453,0
124987505,0
191188891,0
109179775,0
96317934,0
76486376,0
183396769,0
35136258,0
64225001,0
82480621,0
75088455,0
123237289,0
74582046,0
184656861,0
156828841,0
106571011,0
93826441,0
63760854,0
84659730,0
59872625,0
67643714,0
95711664,0
162061706,0
95505981,0
111864544,0
69970197,0
69928507,0
117092019,0
106747559,0
130692077,0
136784495,0
142250844,0
139635350,0
107421071,0
77257113,0
179578003,0
171680375,0
213590859,0
144691647,0
45115326,0
125058616,0
108564869,0
101605564,0
44501723,0
50904441,0
60927557,0
102345854,0
100921009,0
82702993,0
86580652,0
80482223,0
86839590,0
42719223,0
100906402,0
127713549,0
125806031,0
165675047,0
91803972,0
135591408,0
113982906,0
214652710,0
120746270,0
155151611,0
76531519,0
162179282,0
60948747,0
145339438,0
103568767,0
62140196,0
92839757,0
84177571,0
75984516,0
156151579,0
61834070,0
72274887,0
135731773,0
38530642,0
214176166,0
31934164,0
80805887,0
154766479,0
71587183,0
83601827,0
123123245,0
137827090,0
60182007,0
78878926,0
76001462,0
84127078,0
59371564,0
142426957,0
118197494,0
34665083,0
179615931,0
40710166,0
37651221,0
33722990,0
137262332,0
156909881,0
128184467,0
83365302,0
114090120,0
67769620,0
129513587,0
66266075,0
55946447,0
63853510,0
196499014,0
128888308,0
35828315,0
73908791,0
90089503,0
102386220,0
32104908,0
107424841,0
173558975,0
71461908,0
94094184,0
145097593,0
75759164,0
41330214,0
125201774,0
111831047,0
77099495,0
88544229,0
145367300,0
43531314,0
100462881,0
100427074,0
88244538,0
94601471,0
145334661,0
145576328,0
65539268,0
129103821,0
62660916,0
89138044,0
87107866,0
88956650,0
189395396,0
123568444,0
104824190,0
180834304,0
36492460,0
214644854,0
113576713,0
62268066,0
62979645,0
103706714,0
92150513,0
78286769,0
146047631,0
62211425,0
143783090,0
198799372,0
75601250,0
63423728,0
102521720,0
128757852,0
55921437,0
43392488,0
161507705,0
105186740,0
121695143,0
133358874,0
104784623,0
106628709,0
194813227,0
75209594,0
66470109,0
80046944,0
198603322,0
102056822,0
176944437,0
121508707,0
85280015,0
108644536,0
111407848,0
87876679,0
91964274,0
70836827,0
84844391,0
98041443,0
32262664,0
37757092,0
208242570,0
164753966,0
32848336,0
111832882,0
79271193,0
89399154,0
44869790,0
56529010,0
71333979,0
61988421,0
196062709,0
154435038,0
105728522,0
57013548,0
66284531,0
122089069,0
88019324,0
59606757,0
93150620,0
134012409,0
34420771,0
146825198,0
152454110,0
86365208,0
156598149,0
81454557,0
104504603,0
143875292,0
204209366,0
174188429,0
200340511,0
91548201,0
104800177,0
77907796,0
104807629,0
109401357,0
192851080,0
88154843,0
126140226,0
97586928,0
108288796,0
85702582,0
42139907,0
160687373,0
31762127,0
185777278,0
31435522,0
40783429,0
139531926,0
113331897,0
63489469,0
158363782,0
115325084,0
84039317,0
212495106,0
80586496,0
158030268,0
101125201,0
166692178,0
126753671,0
107703124,0
115772818,0
147492295,0
106880009,0
62196956,0
58249825,0
180654836,0
63112529,0
33850634,0
152008329,0
88877131,0
181047705,0
66483473,0
203903961,0
160922210,0
100253152,0
175035142,0
43605632,0
80158017,0
60407754,0
56051903,0
110590171,0
95580773,0
62971206,0
40569959,0
127990342,0
31390250,0
157103365,0
130690320,0
97370813,0
213319524,0
140946852,0
77606852,0
44412837,0
65959229,0
31160219,0
102461841,0
118240900,0
112435885,0
132862156,0
76197611,0
141225284,0
84301039,0
33645958,0
72937631,0
131201201,0
73622868,0
131344655,0
75392962,0
129994602,0
36602279,0
32600747,0
127097873,0
160004949,0
119765478,0
76468986,0
159710253,0
117536388,0
211673501,0
94118986,0
126590092,0
118572993,0
63303832,0
196464263,0
112354096,0
152511827,0
132965481,0
124101047,0
81343849,0
141717974,0
79577822,0
107956960,0
62340973,0
32232976,0
114776699,0
156705392,0
175072074,0
112595418,0
92238669,0
73972795,0
59951591,0
211598630,0
127841518,0
93426031,0
56204241,0
116904339,0
177673001,0
147657176,0
38571552,0
45227415,0
119659528,0
139905826,0
116181598,0
44718282,0
91529162,0
98443925,0
74105205,0
95876664,0
32080175,0
130107737,0
64918884,0
71941453,0
124943477,0
196064515,0
79458350,0
35688986,0
71519754,0
150853438,0
144238395,0
109832531,0
89050500,0
72105515,0
184682266,0
191700127,0
58103113,0
118510508,0
44881713,0
77820884,0
121147943,0
170351788,0
43953160,0
212252669,0
123048967,0
112319483,0
106921313,0
81804750,0
59304343,0
156864639,0
102496444,0
63281339,0
66334748,0
44114074,0
33795986,0
91695801,0
135177190,0
99016560,0
73227462,0
128779022,0
122581207,0
174089782,0
131791610,0
129043340,0
115317731,0
152469358,0
63824789,0
175747382,0
86056576,0
77836320,0
62668822,0
160638469,0
36915758,0
113530316,0
128334426,0
146422193,0
109633214,0
103421147,0
92213402,0
77394636,0
138775984,0
148427913,0
133504431,0
82979184,0
127845190,0
133647609,0
131604196,0
166184210,0
72397922,0
75960928,0
112457786,0
56273871,0
125650259,0
138548410,0
112368920,0
110383403,0
75602484,0
90560451,0
37841230,0
146524807,0
158207852,0
162953651,0
137920664,0
44614602,0
57206282,0
106976741,0
163522476,0
149724395,0
96586032,0
38214992,0
161335431,0
160083896,0
106100695,0
65015221,0
145311586,0
132763707,0
86495398,0
193903575,0
133747420,0
191261008,0
152874269,0
120631318,0
73324184,0
108904127,0
118560222,0
151573712,0
76061233,0
164536292,0
179772977,0
104153797,0
33723375,0
95851605,0
93350578,0
108077468,0
78637940,0
57909531,0
91961372,0
123556916,0
145859951,0
80373746,0
115446292,0
44413962,0
109051282,0
142061821,0
147800809,0
145059536,0
114112317,0
115985518,0
96609393,0
77912405,0
99099514,0
37810408,0
64598369,0
58074689,0
67566642,0
36470856,0
36861041,0
75095689,0
34479327,0
151327544,0
35992190,0
92824637,0
41127088,0
155238878,0
194975335,0
194728940,0
108275936,0
83577894,0
112546583,0
64182829,0
61677992,0
152216104,0
127871236,0
62946473,0
97879897,0
122826664,0
155979473,0
39920845,0
126074711,0
119884969,0
157416675,0
106983225,0
60969888,0
80276728,0
37654961,0
84864081,0
64680760,0
161284277,0
142372605,0
32292717,0
58865135,0
88411019,0
80948039,0
44322718,0
147973053,0
58274518,0
144678648,0
113505208,0
85561092,0
39330356,0
38557744,0
149487110,0
74074699,0
80776377,0
175353062,0
122632243,0
155102065,0
138730919,0
106216535,0
84978548,0
173793230,0
108067826,0
212389008,0
78870931,0
130154578,0
36754459,0
133508665,0
104815544,0
89357040,0
43512433,0
43239706,0
146581982,0
154809392,0
75043686,0
75100555,0
57037749,0
97050091,0
152328282,0
60631074,0
81009832,0
97491065,0
115273367,0
65074695,0
61688898,0
208156300,0
144579518,0
78489224,0
111954505,0
76508819,0
161510725,0
114362995,0
84089544,0
43053388,0
66069334,0
163808408,0
61851184,0
160959863,0
152407525,0
176658583,0
113525756,0
55993949,0
66338518,0
67357446,0
116249501,0
145483011,0
120032539,0
115512083,0
68264986,0
45019117,0
110735037,0
63234705,0
64797103,0
166216552,0
196519622,0
61550457,0
150649374,0
65670958,0
103973786,0
75309495,0
146561216,0
92696362,0
103792925,0
43414586,0
152440806,0
37863782,0
65544143,0
160197949,0
112201019,0
169360919,0
143227895,0
57955681,0
41869203,0
111877601,0
76362789,0
82309847,0
131467453,0
143135269,0
146200137,0
32759667,0
73183987,0
162226923,0
146779275,0
35398651,0
164336511,0
41925697,0
159559356,0
63413572,0
77670541,0
63864011,0
39167616,0
109977505,0
45442878,0
135370427,0
177168467,0
36185772,0
145089017,0
137067624,0
85480299,0
112936867,0
39649677,0
86007563,0
57728552,0
135512954,0
97354005,0
206834947,0
79680555,0
56972767,0
43327793,0
126974375,0
129066731,0
38571473,0
148586844,0
134531314,0
41866312,0
180167484,0
123838121,0
81956505,0
41150232,0
176391482,0
200330316,0
44498999,0
163463091,0
32405260,0
121963982,0
80359426,0
77214072,0
130271444,0
129261853,0
107871036,0
122361944,0
130563851,0
35345444,0
41973002,0
94609663,0
36035034,0
103631814,0
82689442,0
112835802,0
107110622,0
36832103,0
87656537,0
34839440,0
56372429,0
34444754,0
149994378,0
98168544,0
136412016,0
156770729,0
36988082,0
128399447,0
128561358,0
194334324,0
65745207,0
183524018,0
37372770,0
62708675,0
114377779,0
159710914,0
66120528,0
61219529,0
96738586,0
193975416,0
125141283,0
128405991,0
107453216,0
154970385,0
112566302,0
130377622,0
81826325,0
97481116,0
38223174,0
38403630,0
107712283,0
190062424,0
57647917,0
95694392,0
105207032,0
65750734,0
174436926,0
59424801,0
115037730,0
92028002,0
112301106,0
146612637,0
77710374,0
135616911,0
159467401,0
132469129,0
44510556,0
43493237,0
43751199,0
57191783,0
163113480,0
90672096,0
135744702,0
56033941,0
73585610,0
85937627,0
127199747,0
185341930,0
109972245,0
114313351,0
209905934,0
142360002,0
140850693,0
42848416,0
59939491,0
100779548,0
92628469,0
70893913,0
44319106,0
96738537,0
44234997,0
115801539,0
61132943,0
172071922,0
120342682,0
127649288,0
93278342,0
72555638,0
82205999,0
72430689,0
108781161,0
142517827,0
106829319,0
164572957,0
43150051,0
75751613,0
43690994,0
34375795,0
33319491,0
176335986,0
127031954,0
121561795,0
178265622,0
106426145,0
151377336,0
142680596,0
120001263,0
162927783,0
145021025,0
165954317,0
57090284,0
108589040,0
137598954,0
31535402,0
133668730,0
131168364,0
198861403,0
135302692,0
120883201,0
44771153,0
36852661,0
119682484,0
86895018,0
63916251,0
59005165,0
195491693,0
103710889,0
121196758,0
84257702,0
75293062,0
91676831,0
69017997,0
59421643,0
61316330,0
77986881,0
143319436,0
87610584,0
204133232,0
212342216,0
33360114,0
106782103,0
146589177,0
80907791,0
94085064,0
166230399,0
44891247,0
42739702,0
136753672,0
143180008,0
141930635,0
105702911,0
36588314,0
133295304,0
203983737,0
88156087,0
214407539,0
100253547,0
118117254,0
74536705,0
38932740,0
154027078,0
116437921,0
154031509,0
50172235,0
79450810,0
75723130,0
97474444,0
32017394,0
138626785,0
96056597,0
83809908,0
67215955,0
77960214,0
170069310,0
110514816,0
78271057,0
121605893,0
82634379,0
67449066,0
79638411,0
114261328,0
108334729,0
50777469,0
86970777,0
129472707,0
44285105,0
109659092,0
61776984,0
59583593,0
33982452,0
62266872,0
75851494,0
82314120,0
82083448,0
124436209,0
128278238,0
145120037,0
155622124,0
111904180,0
125615518,0
176677958,0
124440147,0
56176685,0
106546772,0
90668109,0
85918993,0
43393021,0
121497060,0
149055008,0
81283457,0
163855595,0
56557405,0
137913785,0
155429736,0
72425577,0
156804710,0
132572750,0
92595228,0
152348525,0
73904645,0
161526585,0
69928340,0
44225710,0
125526672,0
104089763,0
34449896,0
61652805,0
136529375,0
86800507,0
40576937,0
61659852,0
135175976,0
129636720,0
42424635,0
37586753,0
92641210,0
114627036,0
144676260,0
39660475,0
71774538,0
92307657,0
67643595,0
41647029,0
58546594,0
94982043,0
160917167,0
158251071,0
125401880,0
96399052,0
31581533,0
142133475,0
62178371,0
45348456,0
80279640,0
146773570,0
134115428,0
34234976,0
39604149,0
99729797,0
83339572,0
34321236,0
72441822,0
45527372,0
44160235,0
195502944,0
152770223,0
148765799,0
79355489,0
159670853,0
115021110,0
81075396,0
37482845,0
83958939,0
67670125,0
84752061,0
81148609,0
60836757,0
150742484,0
40079282,0
196580675,0
176068914,0
77287728,0
98011607,0
154961799,0
131361118,0
80993518,0
62203026,0
108299317,0
112209240,0
63019173,0
194344351,0
151163590,0
81455327,0
132318094,0
132969843,0
38733601,0
83639845,0
78545570,0
60612045,0
72355581,0
87173943,0
155445459,0
58151977,0
123916831,0
113754780,0
156011204,0
31753491,0
122601203,0
55920460,0
39100464,0
175255757,0
174317079,0
111838291,0
77824901,0
79792555,0
133576597,0
76681764,0
166055530,0
123660566,0
144652721,0
162062860,0
198749323,0
134117550,0
74287221,0
37735349,0
177472500,0
89838450,0
113873867,0
84842792,0
84281695,0
82494112,0
107903892,0
148341712,0
162383613,0
98212394,0
123752640,0
192080195,0
60319106,0
104101429,0
150384138,0
78058298,0
138891389,0
147112029,0
146534430,0
34691869,0
145193022,0
40955722,0
162787783,0
82123706,0
90489173,0
75172504,0
91715501,0
94781098,0
84814318,0
166080046,0
76588250,0
82928819,0
34256067,0
151208378,0
61615764,0
63855553,0
89440971,0
97891840,0
164386688,0
94404810,0
119094276,0
44547834,0
91535834,0
66330741,0
180153943,0
156703379,0
88726698,0
95704873,0
36185210,0
36874552,0
129845226,0
66404595,0
39243987,0
156574502,0
106989137,0
157356816,0
155233529,0
108369737,0
120277819,0
164329168,0
86985621,0
67585236,0
138865086,0
137199137,0
105853975,0
85076139,0
127546526,0
141585149,0
90109864,0
113837912,0
110699644,0
63518979,0
32175999,0
94734366,0
73790632,0
157916817,0
86205952,0
44966907,0
85412485,0
81696836,0
157116777,0
79488966,0
37909262,0
44355179,0
77358296,0
192920503,0
167055883,0
79616994,0
91628638,0
214113208,0
150940261,0
60830756,0
37773969,0
92074409,0
42552683,0
157375588,0
212396183,0
67545561,0
87210322,0
33160462,0
179163736,0
212458608,0
33908825,0
40516860,0
74805247,0
196314482,0
77706091,0
118350246,0
106393428,0
62644305,0
87127526,0
42467272,0
65167095,0
126904212,0
123571799,0
151793034,0
127064632,0
37385610,0
143153676,0
94757875,0
43557518,0
170493298,0
176788616,0
121636192,0
88865919,0
38751326,0
41142327,0
56914398,0
111428396,0
65406620,0
95689694,0
143187489,0
91319877,0
65435005,0
120021259,0
41795201,0
66642354,0
178727825,0
113045867,0
121763875,0
59392360,0
39339101,0
89318638,0
94999029,0
60382242,0
86544233,0
119670118,0
85863388,0
116696495,0
88002348,0
110950303,0
62683498,0
92349060,0
126331370,0
63520509,0
136462716,0
73942327,0
79989009,0
87829028,0
155843322,0
150349585,0
96031360,0
63277204,0
107469244,0
82068426,0
161987595,0
45665359,0
40603456,0
161728676,0
36321252,0
148116370,0
174033910,0
72117329,0
133396092,0
212520056,0
81202339,0
129190910,0
108337128,0
160849185,0
98323763,0
34152486,0
37567300,0
95220513,0
91644607,0
163916895,0
146772583,0
184651630,0
79292048,0
89351316,0
121870131,0
36486805,0
36144261,0
79983334,0
81343859,0
135864638,0
196192267,0
85294119,0
34772613,0
154592705,0
60742077,0
43766546,0
134220401,0
148240549,0
34152959,0
44675862,0
86460459,0
118272592,0
167130991,0
169920743,0
82636323,0
122646228,0
99000166,0
193824519,0
78813244,0
95316208,0
68579027,0
79209212,0
45167359,0
154950705,0
193890646,0
35630607,0
100998120,0
57721604,0
62238902,0
32544628,0
158351060,0
122791943,0
40183692,0
152732699,0
115763166,0
97034704,0
32662827,0
73714823,0
165681452,0
92559598,0
103977339,0
85870662,0
72088905,0
107229886,0
96943805,0
86318416,0
75092087,0
167835345,0
95930897,0
194525567,0
154347416,0
72278401,0
63631730,0
76419499,0
203991672,0
83921139,0
66531864,0
156043211,0
41809986,0
145464900,0
86938069,0
64542013,0
107019358,0
39354043,0
110451069,0
140679386,0
98563703,0
135252002,0
82227811,0
39529890,0
58200506,0
177059724,0
198688941,0
64059459,0
109330869,0
168554770,0
66270112,0
76244659,0
81897139,0
137003659,0
126092871,0
96297859,0
109151271,0
103422608,0
115155455,0
79361016,0
66796991,0
87968811,0
203759312,0
31940855,0
82714698,0
85155027,0
115933930,0
62149009,0
210416459,0
135383741,0
148285100,0
184182252,0
130701917,0
56881878,0
148562831,0
83732442,0
87722209,0
85658505,0
103011973,0
173812427,0
56553289,0
76747002,0
97296377,0
176116436,0
91727897,0
59076088,0
58840086,0
140567356,0
75671818,0
83290451,0
156547341,0
130314545,0
139083846,0
175206301,0
164782509,0
146411030,0
62692607,0
38019012,0
154559079,0
89457572,0
43758769,0
87591506,0
76554417,0
71570257,0
81559392,0
99739735,0
119056761,0
116613136,0
94362982,0
76089766,0
141763167,0
89820083,0
63981637,0
87523603,0
40238952,0
193242134,0
131438328,0
86492861,0
122964059,0
36563551,0
130540727,0
150714454,0
90730820,0
135639522,0
59338333,0
75465237,0
129407538,0
135587667,0
86896272,0
150533613,0
123779258,0
35564017,0
43025773,0
74959173,0
123766536,0
82180545,0
106953695,0
134317212,0
120956463,0
140835661,0
38950347,0
58338760,0
134404440,0
62112640,0
77027724,0
73722176,0
92012556,0
73230561,0
33871962,0
70963562,0
180112155,0
40119007,0
164289107,0
174179507,0
110314572,0
159819124,0
85091180,0
146243938,0
59546681,0
90050015,0
44406363,0
32626971,0
58536981,0
139945759,0
31241920,0
130165405,0
121191004,0
39415876,0
90229947,0
31535531,0
103239280,0
127373087,0
43789513,0
180880326,0
90763982,0
62412666,0
165305864,0
40424333,0
64645239,0
130545780,0
76690341,0
59123008,0
79067001,0
167546649,0
101878686,0
91181989,0
34307379,0
154537860,0
160570695,0
148408470,0
211533362,0
34947798,0
41212717,0
85106527,0
93609369,0
35855802,0
80438155,0
121046395,0
89144242,0
45492937,0
71410794,0
146545415,0
130390097,0
207365912,0
106070001,0
43862163,0
137204950,0
83683340,0
131328025,0
82730006,0
119446246,0
67475467,0
128711919,0
117835131,0
94617993,0
118214795,0
79889001,0
141945202,0
77813216,0
127939168,0
59714010,0
104890188,0
141510377,0
89461954,0
90133166,0
57802278,0
148439027,0
78981767,0
59091919,0
174345948,0
145771194,0
194934198,0
177138848,0
142136455,0
40343826,0
104284214,0
36174136,0
98453163,0
138334437,0
126637091,0
73169952,0
42086789,0
78791067,0
131292188,0
86916100,0
39648000,0
68222586,0
63684818,0
90363039,0
42617961,0
37237408,0
81187189,0
61349798,0
65036174,0
36733417,0
139975989,0
108022959,0
62984234,0
154639931,0
84130118,0
37839454,0
128051928,0
84709592,0
40048942,0
60022445,0
138361421,0
33508158,0
58565632,0
34209552,0
147389355,0
144511151,0
93899881,0
194960442,0
66148676,0
32004850,0
31470352,0
164089337,0
41581179,0
101117285,0
196608291,0
71860078,0
153155937,0
37282256,0
63475415,0
120649469,0
76865448,0
69639170,0
152959463,0
64377487,0
180415626,0
33113295,0
140076896,0
105374885,0
74417312,0
69356751,0
172614967,0
32623516,0
44738524,0
85776624,0
56997352,0
166646058,0
40716888,0
81592287,0
65833194,0
214207393,0
167533296,0
144619806,0
86389763,0
64940183,0
194564226,0
163739913,0
83649912,0
37523933,0
73183315,0
71027587,0
121543181,0
95485097,0
67400023,0
146696548,0
132706868,0
90017475,0
75004830,0
39138205,0
138997142,0
123231150,0
102327881,0
76038000,0
133330578,0
81618313,0
146714767,0
114998834,0
92601179,0
72928808,0
110006423,0
166207482,0
113708926,0
35005673,0
88767874,0
120124208,0
121791234,0
148960487,0
131169430,0
100855909,0
159948327,0
194011262,0
113779040,0
110853581,0
136133121,0
94232911,0
122615188,0
76740015,0
76979757,0
153069618,0
75871894,0
96330745,0
82067992,0
78313861,0
74273305,0
74100468,0
72171168,0
90234981,0
85426559,0
116473333,0
113643826,0
69433744,0
67553377,0
154352726,0
107831715,0
162268503,0
73346578,0
76218080,0
34095844,0
161372304,0
116419840,0
89915778,0
152770845,0
77496678,0
33839570,0
97582260,0
61009001,0
78659998,0
98961211,0
43932878,0
153717044,0
44445081,0
77896199,0
92378689,0
157205939,0
71282745,0
132448521,0
85796304,0
163202355,0
42209172,0
180959234,0
107885238,0
62045082,0
116541828,0
114708579,0
33511583,0
84418843,0
37238227,0
32596937,0
118808945,0
162360310,0
176441057,0
63708288,0
181109696,0
192589092,0
156804148,0
93548276,0
73284637,0
60380031,0
34069976,0
97528707,0
129048245,0
102437779,0
150829632,0
75328573,0
123851139,0
33139785,0
56046179,0
60608542,0
144084468,0
66230860,0
88012869,0
143070831,0
109147481,0
44259562,0
164244398,0
99017902,0
88225737,0
69209309,0
128758720,0
161872614,0
185222064,0
148338228,0
196663452,0
119011351,0
113378117,0
141588525,0
192759510,0
145795187,0
125324769,0
31868255,0
131994460,0
182074164,0
87277692,0
108311565,0
165879199,0
134901098,0
34151143,0
161525006,0
143795457,0
128697440,0
112294227,0
82326211,0
99373652,0
37797607,0
62199354,0
135976845,0
39464543,0
209901897,0
97350768,0
107811867,0
192761820,0
90923889,0
42317520,0
116128558,0
108295577,0
196226998,0
199368227,0
156069691,0
72400439,0
31834846,0
153465113,0
32642387,0
98564858,0
95453396,0
112439379,0
45595887,0
41215076,0
127158107,0
35762672,0
33765301,0
204202339,0
192347109,0
58207593,0
44937209,0
69344849,0
133725164,0
213881213,0
35765821,0
87681616,0
136556280,0
66294223,0
61760532,0
141080773,0
113309720,0
97503490,0
133594619,0
94325192,0
59261528,0
162453637,0
56024999,0
78953441,0
55420732,0
37311588,0
199955488,0
110452194,0
166583623,0
66118376,0
33949626,0
112297691,0
144768383,0
177896044,0
180947746,0
163075936,0
114257893,0
97513123,0
105629747,0
88719740,0
146276557,0
33904897,0
125815989,0
156644290,0
42088190,0
148000836,0
120846732,0
108647902,0
81865912,0
130748127,0
107288157,0
34546391,0
38146172,0
60572833,0
122669214,0
121407918,0
74895781,0
145988532,0
39698502,0
135776788,0
131207438,0
132261216,0
136746684,0
126792004,0
90559346,0
59318663,0
102771243,0
43237150,0
87845876,0
58032990,0
79343784,0
38204333,0
89246619,0
148538275,0
33910414,0
107450591,0
176518445,0
125208338,0
107063594,0
95072893,0
123747143,0
65076620,0
160149963,0
80301086,0
65867402,0
93480975,0
32239510,0
34236308,0
109223507,0
35956205,0
115192081,0
181139058,0
150349545,0
134216552,0
133943924,0
33789570,0
139591312,0
154829349,0
180202364,0
133318152,0
62103866,0
155359030,0
117821442,0
59836857,0
39888157,0
90840985,0
109528044,0
74003193,0
80630336,0
34667649,0
33320863,0
41427884,0
87112900,0
205987148,0
41553327,0
97618274,0
38972958,0
108214636,0
39845342,0
115371392,0
90174313,0
69923592,0
84519089,0
196492155,0
75834942,0
177516479,0
176793669,0
79764723,0
43634333,0
137095131,0
144054692,0
95839061,0
84078095,0
45244411,0
166915527,0
77416665,0
60094246,0
175265627,0
180183522,0
131747493,0
158174601,0
81716368,0
71645266,0
32483338,0
195311099,0
76054689,0
154940865,0
72771556,0
153207950,0
146131365,0
44945421,0
77514009,0
73732815,0
97395073,0
91143034,0
144553689,0
150573447,0
76287720,0
153851429,0
178942558,0
56092211,0
64060900,0
122784481,0
117474121,0
146686757,0
38098719,0
137860667,0
42849857,0
58023544,0
145904858,0
81926176,0
71691169,0
143298769,0
61170241,0
106011967,0
37917621,0
144238049,0
44726533,0
43184555,0
40476583,0
109501307,0
119362028,0
134041880,0
78411106,0
135011026,0
67562290,0
196071848,0
138730208,0
37070395,0
37810733,0
156994809,0
99392029,0
100480272,0
140455622,0
133807941,0
80024234,0
67698214,0
32180509,0
87364219,0
36973297,0
155455812,0
71506203,0
212353260,0
68318015,0
142032065,0
139378010,0
31707350,0
192635005,0
63454945,0
43315623,0
37133629,0
104700633,0
179899761,0
214356089,0
144066091,0
159941063,0
44670464,0
87697101,0
94596882,0
149149510,0
109456568,0
83269715,0
135931820,0
134193023,0
107006863,0
131953689,0
73182852,0
195548591,0
119804828,0
189919137,0
108024390,0
142831769,0
44385104,0
134583642,0
78140344,0
44215682,0
213855226,0
79557195,0
174313832,0
139672183,0
128206259,0
124265030,0
89616680,0
71430049,0
102128683,0
96775726,0
57711615,0
153383797,0
178725150,0
72325469,0
77252079,0
130718715,0
32776663,0
71303116,0
57764171,0
95639477,0
40960134,0
137217455,0
112445982,0
105200104,0
101670289,0
144254551,0
131059710,0
116783367,0
204400659,0
210502265,0
95333757,0
136433413,0
124947267,0
122005039,0
162360755,0
87223498,0
79083355,0
150369008,0
147531408,0
96166425,0
102045344,0
127109934,0
105628010,0
80667258,0
102866673,0
110559693,0
206176595,0
81760890,0
81384966,0
120731426,0
57528070,0
37736346,0
57572109,0
43999400,0
103980556,0
113715973,0
165713933,0
77798026,0
42766262,0
149904081,0
103889213,0
81403620,0
206621438,0
167290572,0
114066512,0
64134477,0
107461654,0
77757995,0
96349744,0
77589047,0
155115350,0
193980854,0
132609642,0
63239028,0
107486131,0
31790759,0
196184855,0
76544587,0
82492642,0
145875881,0
73239661,0
204519055,0
117954425,0
97482656,0
74112657,0
61408216,0
176681293,0
33206879,0
105482177,0
104220713,0
94403625,0
167030025,0
39632248,0
87327040,0
63860724,0
123712708,0
40204339,0
116655862,0
152257103,0
116825244,0
80057603,0
177603815,0
148031175,0
144973897,0
85218103,0
133236194,0
75673643,0
33525736,0
81434976,0
124727076,0
111472247,0
43916771,0
76509194,0
59495507,0
43999015,0
58547758,0
145005549,0
103708816,0
38560616,0
31650403,0
56300213,0
196143314,0
129614020,0
108479408,0
137481200,0
73757016,0
111354276,0
163063836,0
94699417,0
103269362,0
107962665,0
108121418,0
163154666,0
63279691,0
83212304,0
88131502,0
58419039,0
82459056,0
134351312,0
39590341,0
143213367,0
32342864,0
115884819,0
34644969,0
134763220,0
150214006,0
82801876,0
177727067,0
127253250,0
42143233,0
98600181,0
166398587,0
138032003,0
32586525,0
75626181,0
42140094,0
121223751,0
82210529,0
128213642,0
154830720,0
97761452,0
116524823,0
128296152,0
99775197,0
82654276,0
36322516,0
38588695,0
100788845,0
67191222,0
158229358,0
67023390,0
155088633,0
213779023,0
71587904,0
146423634,0
89645637,0
166585429,0
42605427,0
145283596,0
94223624,0
54045166,0
143884737,0
82055379,0
148068265,0
145882691,0
66707720,0
88214061,0
140682110,0
133468969,0
58306743,0
43009853,0
142212609,0
75474850,0
177873700,0
87119571,0
94004893,0
70591449,0
156189587,0
144837500,0
62127740,0
58325189,0
119012743,0
157275342,0
156636364,0
36308797,0
89551945,0
134826069,0
34406569,0
61357210,0
162077754,0
64513095,0
87702095,0
73450338,0
164143008,0
144106438,0
161097682,0
72141835,0
91913041,0
44198351,0
66600260,0
35852367,0
154530586,0
75057553,0
64623704,0
58864287,0
151766366,0
185161553,0
155982997,0
56596123,0
100475623,0
94110172,0
129000180,0
177648663,0
141654730,0
80101029,0
68957230,0
122558181,0
148069558,0
107042640,0
136062178,0
174464432,0
103753052,0
126706307,0
59526014,0
67017270,0
122570113,0
31425711,0
127047617,0
61199751,0
83825433,0
152480274,0
199960423,0
178885245,0
124778240,0
77111220,0
164693051,0
74545587,0
213484475,0
160168903,0
84678108,0
144160080,0
116834965,0
90298008,0
36353802,0
36922360,0
194395209,0
67616010,0
131711291,0
124035375,0
139572431,0
161519963,0
66208081,0
79681690,0
112805433,0
83408995,0
123453611,0
56013106,0
139162882,0
84173801,0
117983669,0
71813720,0
38743253,0
127590613,0
34416675,0
105003343,0
161385825,0
37987083,0
127863172,0
38672843,0
36662879,0
79647057,0
105884472,0
81641152,0
166947841,0
162006159,0
101696651,0
198943814,0
178991521,0
85613559,0
109288183,0
87104116,0
82093179,0
57689281,0
75488855,0
99164614,0
37555762,0
39216787,0
75510450,0
58832477,0
81898886,0
118145688,0
43278830,0
78478713,0
94874810,0
117623113,0
118288117,0
44355218,0
44833628,0
140042876,0
37204868,0
80117295,0
133669441,0
162010068,0
151377218,0
83172282,0
176941812,0
74807171,0
86865972,0
103083251,0
80174992,0
204595840,0
89557521,0
79205373,0
155068232,0
85167650,0
98722535,0
83518034,0
61366369,0
73925184,0
129518739,0
101802108,0
70142678,0
98273398,0
137138596,0
165373422,0
161804306,0
125654750,0
147156324,0
98999564,0
86179146,0
76696983,0
84564874,0
111873594,0
116088567,0
76114134,0
102416747,0
65039797,0
129966503,0
183574965,0
161950515,0
136915524,0
74442440,0
157678605,0
82796991,0
132980828,0
163824920,0
166442083,0
102198589,0
130850237,0
40418707,0
113484482,0
88378489,0
112625668,0
102331099,0
137226781,0
61792717,0
167209523,0
155296131,0
109578132,0
36319288,0
154441463,0
33695622,0
144302113,0
129805106,0
207030405,0
125368176,0
127468043,0
39102112,0
90542587,0
134984042,0
66533156,0
83090414,0
71516171,0
151825150,0
98823362,0
41959234,0
194764560,0
100652220,0
213310671,0
124101096,0
116629224,0
32470212,0
45295545,0
112127184,0
39943851,0
64561989,0
94821031,0
44637203,0
108826927,0
93343808,0
67918286,0
32006567,0
87778081,0
72747405,0
33275107,0
153898497,0
105238506,0
64928102,0
63122873,0
65854128,0
96668591,0
81802737,0
93376427,0
173720422,0
87008509,0
173384747,0
78001409,0
111503484,0
76665223,0
124031200,0
82081020,0
38495931,0
73851142,0
97192292,0
140376320,0
106301828,0
136929025,0
105639380,0
129269295,0
37024886,0
43376213,0
58327045,0
84698893,0
82912455,0
39909485,0
117766676,0
206149316,0
61046387,0
191682904,0
105486253,0
33505592,0
118885435,0
66656290,0
71894059,0
138136917,0
112341394,0
88180208,0
196004912,0
117244959,0
145839018,0
74711712,0
144408636,0
72590656,0
43456552,0
45360852,0
63929012,0
82141550,0
103220044,0
86988059,0
185129724,0
121806423,0
78221136,0
127604954,0
84711872,0
117272100,0
86002056,0
37855502,0
135215277,0
63622985,0
82267625,0
38297779,0
174233790,0
92780924,0
96494837,0
148194784,0
145815982,0
95082003,0
40420622,0
102961589,0
71882018,0
196110833,0
151615628,0
73241092,0
111136256,0
119838691,0
92089687,0
75388757,0
102771984,0
95373235,0
115833891,0
63002681,0
31894004,0
79425139,0
57721090,0
43739947,0
83392611,0
112220906,0
39748778,0
89589538,0
58770733,0
111886760,0
42038595,0
31852118,0
95048900,0
154336480,0
66259818,0
56678564,0
45327276,0
123842049,0
40347537,0
76853831,0
123275573,0
76666654,0
122050183,0
207353506,0
139979394,0
144903843,0
43938859,0
185866924,0
34455986,0
155170551,0
56326101,0
101325514,0
157161921,0
35518844,0
35759188,0
75746165,0
105906787,0
184970547,0
76640430,0
206355304,0
57217691,0
101229296,0
115126774,0
39894700,0
129946734,0
135102408,0
112966683,0
196305955,0
138232899,0
105843908,0
76684775,0
101175250,0
161558405,0
81346564,0
83763116,0
63746760,0
160290200,0
89468794,0
97095293,0
129960828,0
32738438,0
45226675,0
84938567,0
65967865,0
85498074,0
114341696,0
88128511,0
57763421,0
185364581,0
211001509,0
130132609,0
119512628,0
86418079,0
116302323,0
89089031,0
119337038,0
37418910,0
174455974,0
37646641,0
135242063,0
109210588,0
93162187,0
139425275,0
115773134,0
162992429,0
108617928,0
119629258,0
141535732,0
33094652,0
103679869,0
131170763,0
32097091,0
93730874,0
45198339,0
105773093,0
118214539,0
69816547,0
165807082,0
106810981,0
153568734,0
128372148,0
86456946,0
45685779,0
74337506,0
84915965,0
73801389,0
145504468,0
40382634,0
149177540,0
32728618,0
159787591,0
62231953,0
82059968,0
90288000,0
93533551,0
162960935,0
58633979,0
88953304,0
131509872,0
82365965,0
79898633,0
109386543,0
61355779,0
37148503,0
74386252,0
62793692,0
123702937,0
114017667,0
143525434,0
60437097,0
143160595,0
128494284,0
82910047,0
142104409,0
43604053,0
75813160,0
34619397,0
162194314,0
86941070,0
59229778,0
40133318,0
101283055,0
104354456,0
74084766,0
159083671,0
195418865,0
178808292,0
34537686,0
133269307,0
76018645,0
65985926,0
88648807,0
143351542,0
94009996,0
135293987,0
141660277,0
34099180,0
66333307,0
128138278,0
142813392,0
86152557,0
163544071,0
124536227,0
144711396,0
97368188,0
76833855,0
89673065,0
132110092,0
76263727,0
104804579,0
83039901,0
166359967,0
56338882,0
109668143,0
205921999,0
35053857,0
123202755,0
75145886,0
116814042,0
97701899,0
31183580,0
75865203,0
81340395,0
179074090,0
36787275,0
145241847,0
91967363,0
138232859,0
110717647,0
99726638,0
114590381,0
104254586,0
125138145,0
102917768,0
63036800,0
73762957,0
193515245,0
41342384,0
88645985,0
64768678,0
135373438,0
111306220,0
97757929,0
39296444,0
103655619,0
42425869,0
140070885,0
137540388,0
72092152,0
112691637,0
31178172,0
75162941,0
71095924,0
35133100,0
87584825,0
82337028,0
123818263,0
38444994,0
121049276,0
106360345,0
104249631,0
154259626,0
90756688,0
74082347,0
213128438,0
65879118,0
37581364,0
214202834,0
122379610,0
80102224,0
106275160,0
135328254,0
91217806,0
57153341,0
140828042,0
205820312,0
82783548,0
77825888,0
78048290,0
73379079,0
194290394,0
143259626,0
32475966,0
144452180,0
112598991,0
67283118,0
178951786,0
90984597,0
95134095,0
106308983,0
73884373,0
151235480,0
154906716,0
180312706,0
195230069,0
108356452,0
115518489,0
110807549,0
76068230,0
127346775,0
83231540,0
31995316,0
102311063,0
112769409,0
73724071,0
106034668,0
114074171,0
59995698,0
195317731,0
167157313,0
160160297,0
73217533,0
59201857,0
35907084,0
74981330,0
102907523,0
149564566,0
147093040,0
102597450,0
87721874,0
33823127,0
131276407,0
198629062,0
89008949,0
132606603,0
111471763,0
128576350,0
31135535,0
163616445,0
146034722,0
66114715,0
82799705,0
155058728,0
183584154,0
57576066,0
40045735,0
38329855,0
40773401,0
36942327,0
117379244,0
84087145,0
60712469,0
69469423,0
76114213,0
140172414,0
36483183,0
64543573,0
195363398,0
196318687,0
72203481,0
33883529,0
130413892,0
157234611,0
109756614,0
193701218,0
31833701,0
44793439,0
35296570,0
102901404,0
94453210,0
103238056,0
162275126,0
102833146,0
79270236,0
95981953,0
141848717,0
175657174,0
102615096,0
135021606,0
115490212,0
65556302,0
31212676,0
41557650,0
75193892,0
34052408,0
213707034,0
102342616,0
78317187,0
144263168,0
121682125,0
56159048,0
39179884,0
174959502,0
133688696,0
135429911,0
55994857,0
80443070,0
83757343,0
32157355,0
98201646,0
58429402,0
128072595,0
63797115,0
31711022,0
133429935,0
76200779,0
72410032,0
178214576,0
178787733,0
88371156,0
109082174,0
77879066,0
85282739,0
38435637,0
132784601,0
71889400,0
33022979,0
135428046,0
64837401,0
81445951,0
32510134,0
96377744,0
149191456,0
106487357,0
86049154,0
151163807,0
39198627,0
156098461,0
204594972,0
146982441,0
177885958,0
44397983,0
75030807,0
151214892,0
81412976,0
79904190,0
106553750,0
137596398,0
94374668,0
57028915,0
140104452,0
149209853,0
99459083,0
113240377,0
63756630,0
156845126,0
115814310,0
89610807,0
92762823,0
108023521,0
194377572,0
147639095,0
141639521,0
131694543,0
87616881,0
65527868,0
41077829,0
204181376,0
41465201,0
82543204,0
112270234,0
43746886,0
80522383,0
45610612,0
56314149,0
154738943,0
166733108,0
99192397,0
44831654,0
80019921,0
72998162,0
140306453,0
62480460,0
92914687,0
178354833,0
131252147,0
42039030,0
176992956,0
32671552,0
88706998,0
137267247,0
162955230,0
68316199,0
73319397,0
135350935,0
205312590,0
80435037,0
58104120,0
86217835,0
124686216,0
162461286,0
73916410,0
72170339,0
69421279,0
78350576,0
126999513,0
36476975,0
56571232,0
37844655,0
127207120,0
204971911,0
109839262,0
193648613,0
123326342,0
39108803,0
84313979,0
131922609,0
40992072,0
39096279,0
59896292,0
104049466,0
66476031,0
31756560,0
141921189,0
38262149,0
83003601,0
82594575,0
149404570,0
118014650,0
114569052,0
67441338,0
118790598,0
115403212,0
86752797,0
71958063,0
93624272,0
111943086,0
131225608,0
77300223,0
124333565,0
75784894,0
87911311,0
82836331,0
58672954,0
132381230,0
79173829,0
80292598,0
79452448,0
94189978,0
129173234,0
134731213,0
151206483,0
144522787,0
194315345,0
79812531,0
143022766,0
94204289,0
77498869,0
31138763,0
133382709,0
31786218,0
194632031,0
178653161,0
118885455,0
87759704,0
83731938,0
110178214,0
92151658,0
137537398,0
166288600,0
41089959,0
133536714,0
106122320,0
42880492,0
106279848,0
87429487,0
34944985,0
175103637,0
126683498,0
67572406,0
129438450,0
35187166,0
195340471,0
91501320,0
142890444,0
205948410,0
106544117,0
84842466,0
33673899,0
120206916,0
156702520,0
111448047,0
84746247,0
59704466,0
41593003,0
82874694,0
40822285,0
84238831,0
40108654,0
76693312,0
106111009,0
32141258,0
49802105,0
36017545,0
96430062,0
96480713,0
116068768,0
137696308,0
102340830,0
109825800,0
175852286,0
138729211,0
83663868,0
154185594,0
102304401,0
160485145,0
147970763,0
100751261,0
149520281,0
77683490,0
116435799,0
99983682,0
57916834,0
140758481,0
77808291,0
115171602,0
142477273,0
184021624,0
34076569,0
43113731,0
131719592,0
71463458,0
137798152,0
42727040,0
116396153,0
34385616,0
45608717,0
76491705,0
73486125,0
199946201,0
59584373,0
76396483,0
110028768,0
176374744,0
192542162,0
103232184,0
85650224,0
122305302,0
110808753,0
120278875,0
89661389,0
104612724,0
33327861,0
120699873,0
138761564,0
37640039,0
66380454,0
77876914,0
97463370,0
58682163,0
122987548,0
90945602,0
77733292,0
66029520,0
193917965,0
84885300,0
34947107,0
136969155,0
166079750,0
74114848,0
103021418,0
55753891,0
78797196,0
121615802,0
212860232,0
152699439,0
60779424,0
199126964,0
118168655,0
127606849,0
69906873,0
82863482,0
68486193,0
39436415,0
156921359,0
82591713,0
76063177,0
65068379,0
142074612,0
111218006,0
63931677,0
212411195,0
119525419,0
78493577,0
56613612,0
177519075,0
61097788,0
69241593,0
49035197,0
101615671,0
115716354,0
92342230,0
108854966,0
34929687,0
84645084,0
123902007,0
37617427,0
156820808,0
71915900,0
75503590,0
198621216,0
136926923,0
31393270,0
131809079,0
79131242,0
106456504,0
57531989,0
31404097,0
62433195,0
145499434,0
126863371,0
141073558,0
120599607,0
41682470,0
145022535,0
132689488,0
176681935,0
142691088,0
45527974,0
81539514,0
158111021,0
78352649,0
173317298,0
102445774,0
64797360,0
43334208,0
58050202,0
114395377,0
194770610,0
160591954,0
181271113,0
147072392,0
61768595,0
134004977,0
81019959,0
66621805,0
60413962,0
65271920,0
89252649,0
193040656,0
103943210,0
214269335,0
137138972,0
125261505,0
139403148,0
31774227,0
38451034,0
44473555,0
78583351,0
138249026,0
56307891,0
125799211,0
86716892,0
61527708,0
137992475,0
38390217,0
116679963,0
112449940,0
39750150,0
68911790,0
122853243,0
162471768,0
204526842,0
38231030,0
88271394,0
89496399,0
131404327,0
84757588,0
32598556,0
59781212,0
99400507,0
83876982,0
173400232,0
108082926,0
151584687,0
101843974,0
147934325,0
196257081,0
160399753,0
103973045,0
174588385,0
123231328,0
35411571,0
58538195,0
86862064,0
130625990,0
104245141,0
77808646,0
139873720,0
109809969,0
126011901,0
100518556,0
127068817,0
153097124,0
113140437,0
37213376,0
206888065,0
146158329,0
121797235,0
144771669,0
111284024,0
89358185,0
132317808,0
62238981,0
119777252,0
39733391,0
118391915,0
119559736,0
87003919,0
192283243,0
72183712,0
102561238,0
108976540,0
34494842,0
37075606,0
102954966,0
132851319,0
31565988,0
35598600,0
35931373,0
63291761,0
76478223,0
41601500,0
125725978,0
80452526,0
126800413,0
33214627,0
71840635,0
69708632,0
82178739,0
88448010,0
134829642,0
85238573,0
123873602,0
33065921,0
135031406,0
73793227,0
132463483,0
135910887,0
58494690,0
87974782,0
86959842,0
203995650,0
33119089,0
101114828,0
41572809,0
179835836,0
108811115,0
58404175,0
77322608,0
62100934,0
86114273,0
155946400,0
35083545,0
40306993,0
74245956,0
60262612,0
125571598,0
112202627,0
157148005,0
102315505,0
66409283,0
32849116,0
107215793,0
42093066,0
90769302,0
121211049,0
203835190,0
161479685,0
124624689,0
40947382,0
44183606,0
75390415,0
102471138,0
61448169,0
156946092,0
58352883,0
100950015,0
82503725,0
108307243,0
175853846,0
152388171,0
125649943,0
165660045,0
44194176,0
159760479,0
120907144,0
44764205,0
132764645,0
120980584,0
132488049,0
35539264,0
136371057,0
162757710,0
135564099,0
78276682,0
136114911,0
92702639,0
109257389,0
214107020,0
63417165,0
125294835,0
198681588,0
91212457,0
61029984,0
43380487,0
125263815,0
162831387,0
123140507,0
94402915,0
125834110,0
77553912,0
60148559,0
102402545,0
83890661,0
111309171,0
63634681,0
92323261,0
124590846,0
162201903,0
185658093,0
61689086,0
92090674,0
163488969,0
129251312,0
161458179,0
140903021,0
97107492,0
125034573,0
74640967,0
66453667,0
104905506,0
64493159,0
132675601,0
81572143,0
82387412,0
74915352,0
146445692,0
153146660,0
93781998,0
98929855,0
131193196,0
41987510,0
109489838,0
129845670,0
96883719,0
116092505,0
94059018,0
36802080,0
107385106,0
72420869,0
136909158,0
122521673,0
94139949,0
65712923,0
148086228,0
109922818,0
45132509,0
143637040,0
114902763,0
102139668,0
35694059,0
41966735,0
35451681,0
77209630,0
61986210,0
77795885,0
59600855,0
207406279,0
58171697,0
203199952,0
97541380,0
164676174,0
59394965,0
160470982,0
74938358,0
43878191,0
134064462,0
31366533,0
86975376,0
152827368,0
160442646,0
41066360,0
86856507,0
124960117,0
196447909,0
145958223,0
125718606,0
34275540,0
74494759,0
121107507,0
112070641,0
89313693,0
192860101,0
115203806,0
66367831,0
176259358,0
60500736,0
145537679,0
125825513,0
100342985,0
92810040,0
75303938,0
92244482,0
42663272,0
125213943,0
39191708,0
128180924,0
107534551,0
125517197,0
43691419,0
155450028,0
121735925,0
196088133,0
90146737,0
35178401,0
161261981,0
85931735,0
34123222,0
91779979,0
77750909,0
78471400,0
93576513,0
66010502,0
32556433,0
42015056,0
144106754,0
95914070,0
44777716,0
174607877,0
93423327,0
56527727,0
89054586,0
164418409,0
175058701,0
119430286,0
98947196,0
84868088,0
93953976,0
124102814,0
164986385,0
92275897,0
78967042,0
146697979,0
96098582,0
204277664,0
39807433,0
39068575,0
125436365,0
33399978,0
108171970,0
95070465,0
106653808,0
88457219,0
56513376,0
57836140,0
132604540,0
105110636,0
44010138,0
134925506,0
73635718,0
122312418,0
95963714,0
50383829,0
99380057,0
44522104,0
175243874,0
91783917,0
65648465,0
120425389,0
157420850,0
36575237,0
100125025,0
71379132,0
38697063,0
34443659,0
184803188,0
33815863,0
43805067,0
33303808,0
161193634,0
165273600,0
67525367,0
162591091,0
36774889,0
60359512,0
44462333,0
156940230,0
109146080,0
72466733,0
196614015,0
45430147,0
102083036,0
77561797,0
84699505,0
193579200,0
95183393,0
118118685,0
35616207,0
78152799,0
177762745,0
42627238,0
151829848,0
128637640,0
58532283,0
159982150,0
71753210,0
38750833,0
83616819,0
39705095,0
76578617,0
33822772,0
124749865,0
100757854,0
127033129,0
95143125,0
83823893,0
86681144,0
154824256,0
139786295,0
35600672,0
110546172,0
38493976,0
171905964,0
160593059,0
182598595,0
172185906,0
94550189,0
38825654,0
139690452,0
145730699,0
150211529,0
87323537,0
136618685,0
41582699,0
59654023,0
82547783,0
89422555,0
149961689,0
64339222,0
52805741,0
114908438,0
107239865,0
147126123,0
110608321,0
33969296,0
77825375,0
140977389,0
81799036,0
73986227,0
135648286,0
144238118,0
57531041,0
202573410,0
98257834,0
159387457,0
117979849,0
166229856,0
205707325,0
108514929,0
125429140,0
56689509,0
151441232,0
123364607,0
32428355,0
45603329,0
83180928,0
60916641,0
89143383,0
113539712,0
76241442,0
97473171,0
92694141,0
81435508,0
94192110,0
77527007,0
109582613,0
192573438,0
199555986,0
162674865,0
105279959,0
116242286,0
78430155,0
106119931,0
118277714,0
143082131,0
60819830,0
36877168,0
78850116,0
153306745,0
128447107,0
82199564,0
177958164,0
84439204,0
79481583,0
127977906,0
38616853,0
96783522,0
90243814,0
31538057,0
108138028,0
40546548,0
33138808,0
119051609,0
90037994,0
32764198,0
210349750,0
84178380,0
86864531,0
127021759,0
44306354,0
130198281,0
133469591,0
31121718,0
115112937,0
145038405,0
106892840,0
165594027,0
61707719,0
75957316,0
177233833,0
143103568,0
87083735,0
167742117,0
43458476,0
109645551,0
72159719,0
192222762,0
145877262,0
174445048,0
34679266,0
151621846,0
87918170,0
117069477,0
88140217,0
79512446,0
135928415,0
132936879,0
64836729,0
143132377,0
189099713,0
58589438,0
103472163,0
62120644,0
69632745,0
64899628,0
127183601,0
148028540,0
31451826,0
88169855,0
39560979,0
195263073,0
167100967,0
130636590,0
196310021,0
76998026,0
81099981,0
116388553,0
148012828,0
151012023,0
127568367,0
124673889,0
43746402,0
75030974,0
57727920,0
98780992,0
78606752,0
102022861,0
198868499,0
136094294,0
86688891,0
193257826,0
206221620,0
85870839,0
203900408,0
181381327,0
36307869,0
134985898,0
96043618,0
45408049,0
66614551,0
96794073,0
57944509,0
94769650,0
58802483,0
124855302,0
196554531,0
141787032,0
122392895,0
125702676,0
143162342,0
121575840,0
94178470,0
204124379,0
131616484,0
90338335,0
113925643,0
94848369,0
42909973,0
138048623,0
177917076,0
176675855,0
31832803,0
96495685,0
102679723,0
164510848,0
131140374,0
85185899,0
127423738,0
63842998,0
138570844,0
97956288,0
131591889,0
124517495,0
38848424,0
79194901,0
127953726,0
120809672,0
135089005,0
148241733,0
39937988,0
194750693,0
69297100,0
98409806,0
36959539,0
78494051,0
95041873,0
71141452,0
84015492,0
57962067,0
34280208,0
125165119,0
80810684,0
113894396,0
38862320,0
174928995,0
78922095,0
133052057,0
103614799,0
116652615,0
106300574,0
38531363,0
42534740,0
43589515,0
185866154,0
195488623,0
76615638,0
78002120,0
40801292,0
63953380,0
75128812,0
36784798,0
176504805,0
43247661,0
42247880,0
142458422,0
91876760,0
75988671,0
85761159,0
80438136,0
67221630,0
156119602,0
103101490,0
204179293,0
78782026,0
87642749,0
130569487,0
99466732,0
121211029,0
37401895,0
138213781,0
31307799,0
80550363,0
86042383,0
41566098,0
145477168,0
84743148,0
103896813,0
43340021,0
32134902,0
178717077,0
64215300,0
94638680,0
56446461,0
102504725,0
115135805,0
34910748,0
39595760,0
151198469,0
76871389,0
66612577,0
66025296,0
35410870,0
89450229,0
97598406,0
63427429,0
161577453,0
67577252,0
41318993,0
149009095,0
59806923,0
206321234,0
86464772,0
161194611,0
91436743,0
153010272,0
134072791,0
105490694,0
205847780,0
126930593,0
118710062,0
81431827,0
93278964,0
40137414,0
114534726,0
64335354,0
144499456,0
142478783,0
115040760,0
132014959,0
114243642,0
90641836,0
44589020,0
114453262,0
114562351,0
106426935,0
77463161,0
85021945,0
89884955,0
195637457,0
115454672,0
101175980,0
150981525,0
92191482,0
102645919,0
38664158,0
114053770,0
144205045,0
81119632,0
177942649,0
134527504,0
64581728,0
95494355,0
41815365,0
102150870,0
127054496,0
77179627,0
60061687,0
106083808,0
80816220,0
140644388,0
171563391,0
128560134,0
107659935,0
64977934,0
106863922,0
144586210,0
141384392,0
180984135,0
35524982,0
80636821,0
194787319,0
110782312,0
143520440,0
132250448,0
159073012,0
88197026,0
129386565,0
149400237,0
33910345,0
104426001,0
44656498,0
134168566,0
42780375,0
74755257,0
71491705,0
66172768,0
144349457,0
89624566,0
74320096,0
45012791,0
180496103,0
92000900,0
61839390,0
154431080,0
140540244,0
84724594,0
141810561,0
165001604,0
91761651,0
71044207,0
130568105,0
161051818,0
141017607,0
88051982,0
130836637,0
86093073,0
137831630,0
178894236,0
114172936,0
81716220,0
73298286,0
166463825,0
136632108,0
86535883,0
130674045,0
141705055,0
105840453,0
129946290,0
89348118,0
77961171,0
62723864,0
139938889,0
162836282,0
96036897,0
70295933,0
97317142,0
98372302,0
195483106,0
178820550,0
71173222,0
31278654,0
80999913,0
45217555,0
87909041,0
73950016,0
103980438,0
148517993,0
83007203,0
60278670,0
31915895,0
72992161,0
39839924,0
60584035,0
145688931,0
118515167,0
142480411,0
33650537,0
119648829,0
34692541,0
130031248,0
146403164,0
31339629,0
75300701,0
209843903,0
159802030,0
110237293,0
33258704,0
135986557,0
158320820,0
133171312,0
34219806,0
86552316,0
148268963,0
196153647,0
39479042,0
76205763,0
92226924,0
69266079,0
35544504,0
65042116,0
62500416,0
104930752,0
113467012,0
35512428,0
43321042,0
152460012,0
36723152,0
110181086,0
97965950,0
114852063,0
74164542,0
191542075,0
175428653,0
31923564,0
154745911,0
37010368,0
125323022,0
63920317,0
73574369,0
140886075,0
66231048,0
130235894,0
91396732,0
93428489,0
205528162,0
142631732,0
102546562,0
75545724,0
126543833,0
85408133,0
121667262,0
88042369,0
82346137,0
162100355,0
56279832,0
34319627,0
74449359,0
108595109,0
85264135,0
38155765,0
79698804,0
61071791,0
140862161,0
180101753,0
162947739,0
64899658,0
76457872,0
164637110,0
176467488,0
87119601,0
136539531,0
64579123,0
75707447,0
185539303,0
59678203,0
44852874,0
32093528,0
79631631,0
34520898,0
143282316,0
106389796,0
127112717,0
89116094,0
145329233,0
34381263,0
96438570,0
35965512,0
177009803,0
31368330,0
109262156,0
152069748,0
68673499,0
80145877,0
103474887,0
66298428,0
118491697,0
126445996,0
119908982,0
61616248,0
123981516,0
137009384,0
66701749,0
130039874,0
116554373,0
138691737,0
194921151,0
40882825,0
88535248,0
74216643,0
102667869,0
125736243,0
33208705,0
73968887,0
92496512,0
142448355,0
139776564,0
61196089,0
32703223,0
62589371,0
58264481,0
83732787,0
93767273,0
59091495,0
87966946,0
113071093,0
80048375,0
122680663,0
90460492,0
155633178,0
118355763,0
147674576,0
152073202,0
36806146,0
58903074,0
80557548,0
75561426,0
38845838,0
115802486,0
35374441,0
78298494,0
72316063,0
37506996,0
104213281,0
123355813,0
44895885,0
95536241,0
175515575,0
116409092,0
179784267,0
87537589,0
71302435,0
72340560,0
213791745,0
133377873,0
194661659,0
33107541,0
85109755,0
77823924,0
76418315,0
65773118,0
117413235,0
63348748,0
33241571,0
173101549,0
130004985,0
129153031,0
99816324,0
79319880,0
110033663,0
79780632,0
74608861,0
84911741,0
181084144,0
36062155,0
163868889,0
35523581,0
82736885,0
83589934,0
36011870,0
112190616,0
146187948,0
84714438,0
128400365,0
116475278,0
211713285,0
136140020,0
130763691,0
176981872,0
119004097,0
90047498,0
137435296,0
122952501,0
113034990,0
75130184,0
134870848,0
112031311,0
106789070,0
83783349,0
107661978,0
118776593,0
151248054,0
68606800,0
105813963,0
144987458,0
62863648,0
69860970,0
70871578,0
55950503,0
199573554,0
124700902,0
41597691,0
93651443,0
155119248,0
166005323,0
162402483,0
31703334,0
180021898,0
162614956,0
185842980,0
58270936,0
133900389,0
208320185,0
41081214,0
33821923,0
56393441,0
104200787,0
162419262,0
126320030,0
77896792,0
31985032,0
125160539,0
145502839,0
160915687,0
80778459,0
155136698,0
108087585,0
84888005,0
103452305,0
56205869,0
86301825,0
104991559,0
96517132,0
131370573,0
134230093,0
75542970,0
61784544,0
196638077,0
79638569,0
104238291,0
118106595,0
114582307,0
116638649,0
92262721,0
112323293,0
68874848,0
159048101,0
45285182,0
66373812,0
135697802,0
76628143,0
75058501,0
33096981,0
58343537,0
81937121,0
42361736,0
147425251,0
77939616,0
177515038,0
109056138,0
97590116,0
34977190,0
157418185,0
61852980,0
97771124,0
64605860,0
132061297,0
198773238,0
191969103,0
45327848,0
83521647,0
165658535,0
43985819,0
126838036,0
39603280,0
203916417,0
114387422,0
136964970,0
79416414,0
45681822,0
151822662,0
44663752,0
86124429,0
95633635,0
157035797,0
65817393,0
136404900,0
59293200,0
42422809,0
148209450,0
144628905,0
86626614,0
99512537,0
93806485,0
115172766,0
37131557,0
39783776,0
78279791,0
127814890,0
130423091,0
76815389,0
60970825,0
111811248,0
128036848,0
83740061,0
149558013,0
162405039,0
162674677,0
182492319,0
37785181,0
41347684,0
129504902,0
117383646,0
60169976,0
66938876,0
134224882,0
88706831,0
39722367,0
98494586,0
38001898,0
76328995,0
162346177,0
42164235,0
113709153,0
142906748,0
130927793,0
78945526,0
33014471,0
82654760,0
159530695,0
44310480,0
196191458,0
59431670,0
81001364,0
38655966,0
155728558,0
146065999,0
38705383,0
33429063,0
122808987,0
37777897,0
112058561,0
87143051,0
57767803,0
37979938,0
177424534,0
131315106,0
69876889,0
38560192,0
152133861,0
192574317,0
120698540,0
103400312,0
85322504,0
157883300,0
129486998,0
73721692,0
144247524,0
180165984,0
62032281,0
152225352,0
115170832,0
79608556,0
64121203,0
73863005,0
44281690,0
123703134,0
93392386,0
103857887,0
199774144,0
43866870,0
72450941,0
74995691,0
104645353,0
194059682,0
168359115,0
134715579,0
92084377,0
41614706,0
42192995,0
42166594,0
151373793,0
109119639,0
73291703,0
35476384,0
144192077,0
70310057,0
163449224,0
91755245,0
103363686,0
60711610,0
81974774,0
64061581,0
82984730,0
123925447,0
176316464,0
80786839,0
111417382,0
91583090,0
80714021,0
36659701,0
37507549,0
154287991,0
120689056,0
59444323,0
80257996,0
82172738,0
96014552,0
55838157,0
127556119,0
136270792,0
60368217,0
73620677,0
56582375,0
71939045,0
34276280,0
110072540,0
97367339,0
65925070,0
71457428,0
35964614,0
69945463,0
155099430,0
124665440,0
83417809,0
102798197,0
84267848,0
89776469,0
175530132,0
98615834,0
80506749,0
66823816,0
89129605,0
37246044,0
39182914,0
177672142,0
113306454,0
127948880,0
174951902,0
155194998,0
60583680,0
78532927,0
37580624,0
56128225,0
173831682,0
103465491,0
185602853,0
94543428,0
43602059,0
32846895,0
31651873,0
66354211,0
120844443,0
83096405,0
125695541,0
63027591,0
161648061,0
196273010,0
152578191,0
120367652,0
82433296,0
37335778,0
150570229,0
143657983,0
161880815,0
38703656,0
85143746,0
148374114,0
176697361,0
106928637,0
63747036,0
151573248,0
106022104,0
60646984,0
100720794,0
185195544,0
86415711,0
70960681,0
91816072,0
43110425,0
206271265,0
143639764,0
92738771,0
208364173,0
74197763,0
70706578,0
86863722,0
156937920,0
135473811,0
56851736,0
192094427,0
147531842,0
87992331,0
142447141,0
75370893,0
39078050,0
37675540,0
67364078,0
113185462,0
94232210,0
36045811,0
36862669,0
97621807,0
36102571,0
125808518,0
89637890,0
43094752,0
73224600,0
155230429,0
130840526,0
59878290,0
127588649,0
116686497,0
78143769,0
38787054,0
34649726,0
41258620,0
209956979,0
106923189,0
86506097,0
131745914,0
150852066,0
116035320,0
140960995,0
206285812,0
66303056,0
177618284,0
135696943,0
59075062,0
179517798,0
136763048,0
35676461,0
83368786,0
78833664,0
63235633,0
105702930,0
74022567,0
94317197,0
77185065,0
34980693,0
59629428,0
132941774,0
41118877,0
60377603,0
39273419,0
38941316,0
106684433,0
127252441,0
127288001,0
78136179,0
155943953,0
157870282,0
40454830,0
41375585,0
155274132,0
147103038,0
75742681,0
101961778,0
66742412,0
84311708,0
160146993,0
71178384,0
42248068,0
212206183,0
44233497,0
87892263,0
107916327,0
179007757,0
38235719,0
69204315,0
139555672,0
179307792,0
180068739,0
111854023,0
38353048,0
107260413,0
101246518,0
123485894,0
85757161,0
106659562,0
56083634,0
105492797,0
116790236,0
181186965,0
112045414,0
84620242,0
97346327,0
39963600,0
146476002,0
68874710,0
147289080,0
114511611,0
74030226,0
196414116,0
64064739,0
114022326,0
83621537,0
177667780,0
144980708,0
98191500,0
32560706,0
131618043,0
148967564,0
81713022,0
84773803,0
151736126,0
146200117,0
196611498,0
99223397,0
44011529,0
114567789,0
121457789,0
64794705,0
67172371,0
90804151,0
129111519,0
166224734,0
117903340,0
175069607,0
58339460,0
97877430,0
73314088,0
70504458,0
137927681,0
42293379,0
62795488,0
63913655,0
109974140,0
91780561,0
78231420,0
128114600,0
40953225,0
179871633,0
92597192,0
67471104,0
92108459,0
44719792,0
125977209,0
176860447,0
37229611,0
177132700,0
111107684,0
184486857,0
56098735,0
130128582,0
213470479,0
180916094,0
140892727,0
83602597,0
33545406,0
107687214,0
150894683,0
35298070,0
43539328,0
112221735,0
113549769,0
108100030,0
79766539,0
98562538,0
153308818,0
67216538,0
118703903,0
160871145,0
35627991,0
63358164,0
66584518,0
87125908,0
80651003,0
195872521,0
34741158,0
78343697,0
107491767,0
36971738,0
32520843,0
99195812,0
120719691,0
113239271,0
100058751,0
120179478,0
77797474,0
194665972,0
156210659,0
127194743,0
79862777,0
110191686,0
37046471,0
40824920,0
38942737,0
67010115,0
37301728,0
39695028,0
181006904,0
119444104,0
66844710,0
147217663,0
78331054,0
110855653,0
65276401,0
178104046,0
144370480,0
120283879,0
157699262,0
177848986,0
94745578,0
148424795,0
143982377,0
84697126,0
101326639,0
145050861,0
61594791,0
66174337,0
90708682,0
42843166,0
164512822,0
143635668,0
78943907,0
124783560,0
33482320,0
119405297,0
90404018,0
151042786,0
99076784,0
93098647,0
130321937,0
79848861,0
123540374,0
180012699,0
62215974,0
150271881,0
33077962,0
203997801,0
57670489,0
77407091,0
75123719,0
80267727,0
89013795,0
59474416,0
116441859,0
39089992,0
140616240,0
174103017,0
74890757,0
36427982,0
150566045,0
59854237,0
34064636,0
128928073,0
81975761,0
84405884,0
45415865,0
59303642,0
149449694,0
78070625,0
133859095,0
75057030,0
79645725,0
64551231,0
175708289,0
196061297,0
89593782,0
42017080,0
85387900,0
141986220,0
204894593,0
116492845,0
111278625,0
131179537,0
135733569,0
81219739,0
108283674,0
95468033,0
67284431,0
56869077,0
78840750,0
36794065,0
157081730,0
61767727,0
114762516,0
115008625,0
112434533,0
112258509,0
34642087,0
104025877,0
130213934,0
96819981,0
101414390,0
42683229,0
125102239,0
36763489,0
64130697,0
155582577,0
153093246,0
35715663,0
35744927,0
62255927,0
81090645,0
85400059,0
75355171,0
132471784,0
62025669,0
167148253,0
161123067,0
77771902,0
74687759,0
36882250,0
32991860,0
31905591,0
80557943,0
89960113,0
188115417,0
80686139,0
80791991,0
122591333,0
35325123,0
71671647,0
62123713,0
111394238,0
33149704,0
80825152,0
130312818,0
125301270,0
107757259,0
138931223,0
174339542,0
133406337,0
89964554,0
32557824,0
84365300,0
115244015,0
173492780,0
72065366,0
113193111,0
43111214,0
187597875,0
180277392,0
78177789,0
82582692,0
60401714,0
132678315,0
41332080,0
39714432,0
133734047,0
96570211,0
67543863,0
213701379,0
92559559,0
131286415,0
93290601,0
139111935,0
120734712,0
72476721,0
150958243,0
81519746,0
107992698,0
84913142,0
36248533,0
139836522,0
86631766,0
81757613,0
143770576,0
108181010,0
165416532,0
136860925,0
106663697,0
58895988,0
112320727,0
78551887,0
110248969,0
130848007,0
117389371,0
42389193,0
144410412,0
88141233,0
147716226,0
31234794,0
141953572,0
67977366,0
130165830,0
63546733,0
177551931,0
55851323,0
74706215,0
149379590,0
32604231,0
34188717,0
173987434,0
204044988,0
32740501,0
133627100,0
89042703,0
86904917,0
32169001,0
65354558,0
112068055,0
106811761,0
208500640,0
140444657,0
140402297,0
38871824,0
32586831,0
116088438,0
98740823,0
192034252,0
150780699,0
77489552,0
142150756,0
118350502,0
34722366,0
64140616,0
62055278,0
61842272,0
143339106,0
157347045,0
157708430,0
56106611,0
95549003,0
77204232,0
85114236,0
126214129,0
80728430,0
102827629,0
163544594,0
211681752,0
194222284,0
150258537,0
103121585,0
185728325,0
110275419,0
144240704,0
68522306,0
74441364,0
42226759,0
167212445,0
43168941,0
188062723,0
72884099,0
120583382,0
84504689,0
98170508,0
113850091,0
55884248,0
78736172,0
38612757,0
82856623,0
42515672,0
124778062,0
31171451,0
63424310,0
37796442,0
65366895,0
106461173,0
151290296,0
70382539,0
143689211,0
86398251,0
67840129,0
193876611,0
192964097,0
162652697,0
84965135,0
113037191,0
64609837,0
32119130,0
42858424,0
175779429,0
75788792,0
143636556,0
177043913,0
41049316,0
94812069,0
39153444,0
150066574,0
42304937,0
58576627,0
31876358,0
136667066,0
131442127,0
135380988,0
37180737,0
63459446,0
142559072,0
124396266,0
135288253,0
38546670,0
196465191,0
86370794,0
36113665,0
133155372,0
44485833,0
136704156,0
112587798,0
77578003,0
87041710,0
61923864,0
33048353,0
61232093,0
35410722,0
33752411,0
103308347,0
85406011,0
101655277,0
141185805,0
67350221,0
95235959,0
157192704,0
41099976,0
44206819,0
56209787,0
146645009,0
85243221,0
145329095,0
34679986,0
43374851,0
88176981,0
126265698,0
78781266,0
36765947,0
81740706,0
144909834,0
76829591,0
99019343,0
125303698,0
181369267,0
177982670,0
37081044,0
160668631,0
37452467,0
56525832,0
106126514,0
165426106,0
137474400,0
75493908,0
165943569,0
65460044,0
196552162,0
85271824,0
45403972,0
141379437,0
140571067,0
149302854,0
78136830,0
118518720,0
92836243,0
85164265,0
161128080,0
72656190,0
59807061,0
72093721,0
89362291,0
176404866,0
75944929,0
141728387,0
133046846,0
65097879,0
32765204,0
137929320,0
120000858,0
95394553,0
80070996,0
35616898,0
60054344,0
64909330,0
176966762,0
59929197,0
175238663,0
39937712,0
130373328,0
103444321,0
91592180,0
194520090,0
78349165,0
33844169,0
103431816,0
157105190,0
100232278,0
36649170,0
108421631,0
131155366,0
196158947,0
58861227,0
61958269,0
120284056,0
36970268,0
124859940,0
103747880,0
149495084,0
181379245,0
38851315,0
124629929,0
106528444,0
59654881,0
129725300,0
131259402,0
35031167,0
125722179,0
56782935,0
150041485,0
113135423,0
32302320,0
80996617,0
115272874,0
31485847,0
58304986,0
68879961,0
73981776,0
101865174,0
155528403,0
80627356,0
122476905,0
89294378,0
151222156,0
79260840,0
176768235,0
33343405,0
128174223,0
85046056,0
85628718,0
33046833,0
191661408,0
140915901,0
149213080,0
39039213,0
69950418,0
89467649,0
86009113,0
56423928,0
161161736,0
75587610,0
82758549,0
97531579,0
74553443,0
41840730,0
145776425,0
61449768,0
133466423,0
64323145,0
31815877,0
105738816,0
44551574,0
200902062,0
176023445,0
213894695,0
115883703,0
85895819,0
56974455,0
100193244,0
145107058,0
125819651,0
108178967,0
38590807,0
62435948,0
157792411,0
88776026,0
60442199,0
88026183,0
35368747,0
184477560,0
76189478,0
163876153,0
66699765,0
95272970,0
78267454,0
102166306,0
194743656,0
59235719,0
97731093,0
122130126,0
82300846,0
78547761,0
97293090,0
139102776,0
175287794,0
73756068,0
137801439,0
175131460,0
44851966,0
36537515,0
147232033,0
196524103,0
136695422,0
91763467,0
138932150,0
65346642,0
72265965,0
82572625,0
135427799,0
132530676,0
80508299,0
39446828,0
159850292,0
111551233,0
58314579,0
206104577,0
40203027,0
93286919,0
144248126,0
157231551,0
123032277,0
90937559,0
60108222,0
111728728,0
45374630,0
163215729,0
39897582,0
137596141,0
35596813,0
92098037,0
34950956,0
82658027,0
83812415,0
93999988,0
200324789,0
133789623,0
132096680,0
90984271,0
113831378,0
44715518,0
74611033,0
82854540,0
133118934,0
115822285,0
114459727,0
33230329,0
189979243,0
118594666,0
57654165,0
40054914,0
175079763,0
79242976,0
122055512,0
149451411,0
194977822,0
76136933,0
139561061,0
145970668,0
161808234,0
177565748,0
107477752,0
41267878,0
76521127,0
107966080,0
34940781,0
42689930,0
74648083,0
96477782,0
45684891,0
153452124,0
65867580,0
113353097,0
144659521,0
137166597,0
130358011,0
122701132,0
109504406,0
152707749,0
181218449,0
41878797,0
102939234,0
117798643,0
132884096,0
85711307,0
106340981,0
76534105,0
34561689,0
116360346,0
81413726,0
89507571,0
195287224,0
56904321,0
35124454,0
132825362,0
100790444,0
133901741,0
176247110,0
86298756,0
87945884,0
56137789,0
83530214,0
140048768,0
114030587,0
57143018,0
104563149,0
119991087,0
74506563,0
44468768,0
95490713,0
85198196,0
93676265,0
87205881,0
35650988,0
108286250,0
109638524,0
159521299,0
91913929,0
113269423,0
63597749,0
83454958,0
141980042,0
67282555,0
62624527,0
161056565,0
79912668,0
85936601,0
81398675,0
81677452,0
111096087,0
192758030,0
56122589,0
115935410,0
94584180,0
146638199,0
62444772,0
61827339,0
175848072,0
40742371,0
117541580,0
60360834,0
152774438,0
149027482,0
34124683,0
94852515,0
44463320,0
177321357,0
123093202,0
34682661,0
159451521,0
144606571,0
33795137,0
39589276,0
80723387,0
144094496,0
89392600,0
36125587,0
91799353,0
208490139,0
90793581,0
62977809,0
74203931,0
59906803,0
76714531,0
113349011,0
141389080,0
40141598,0
64102500,0
36184509,0
109744267,0
160620072,0
72247272,0
74110357,0
78828847,0
81892096,0
120050739,0
65713900,0
77854826,0
65341895,0
31137489,0
135365868,0
90681482,0
174185646,0
167377622,0
116093117,0
64421861,0
208374102,0
145393800,0
94102326,0
160739238,0
154381663,0
36985881,0
42191347,0
65507606,0
70943172,0
99502983,0
65112091,0
177455574,0
166956161,0
180561558,0
118710585,0
142557739,0
81192450,0
74346646,0
91715481,0
33510922,0
106936651,0
117398737,0
75388984,0
81741368,0
117216929,0
154237162,0
42013448,0
144172979,0
74154534,0
75133164,0
87573336,0
102538439,0
113198372,0
179432100,0
108953297,0
109251487,0
45012455,0
123589249,0
152882352,0
32410718,0
55985363,0
62553081,0
43567259,0
61986062,0
139958431,0
135464356,0
72652745,0
145805708,0
179810580,0
204423102,0
131692914,0
38353877,0
74513985,0
44544981,0
148884452,0
57833574,0
82433177,0
151497627,0
114033567,0
36504995,0
121744333,0
120771319,0
41924967,0
99780132,0
75320884,0
158552301,0
83463011,0
59649571,0
127873180,0
110668131,0
64543908,0
97252003,0
130822415,0
177913869,0
80608070,0
35991173,0
154212400,0
76723878,0
42115262,0
82987395,0
156380564,0
45034909,0
61335635,0
142102869,0
127036297,0
85096658,0
130270467,0
129459038,0
67390904,0
112749472,0
92295004,0
65477918,0
129354104,0
35849604,0
32187438,0
208566352,0
32791763,0
45136792,0
38922959,0
214106250,0
213925162,0
122847499,0
195622959,0
34070963,0
99815988,0
78636084,0
90730030,0
146041335,0
41768474,0
163461324,0
142628998,0
58585016,0
195239465,0
147116766,0
93318265,0
39102832,0
104378903,0
137992278,0
40139940,0
110982053,0
31978251,0
99893178,0
64037489,0
114455493,0
81845176,0
86480870,0
113323173,0
82329586,0
56587537,0
138569798,0
34853879,0
31248542,0
184967971,0
164089041,0
88010264,0
60406077,0
43797102,0
59712559,0
90440367,0
96510815,0
154312655,0
129443829,0
75333241,0
106537563,0
64616904,0
101291365,0
146000968,0
91538351,0
41073358,0
120963283,0
124287040,0
93236337,0
61693942,0
161925258,0
94364117,0
90359081,0
101790590,0
143776270,0
42294455,0
148073654,0
57751351,0
83388229,0
195350508,0
204716358,0
56185666,0
57824238,0
166218210,0
107174627,0
104189338,0
80423815,0
75988257,0
121376533,0
131430590,0
75386310,0
116448551,0
37791715,0
85828272,0
210527758,0
82823471,0
152421866,0
56219933,0
71552916,0
99018415,0
89873892,0
77985509,0
100634997,0
157655066,0
129596896,0
59019407,0
141812772,0
117972358,0
139086471,0
137428299,0
99919737,0
159410019,0
98840753,0
143032152,0
146623631,0
168825997,0
89699733,0
62155592,0
113730245,0
127095603,0
177763930,0
146531686,0
76723276,0
82101490,0
90197763,0
82135076,0
151833341,0
175009649,0
177177172,0
94409685,0
56086506,0
143530349,0
72374837,0
38793973,0
71665380,0
176427872,0
89526699,0
68560116,0
93576533,0
116476087,0
32378049,0
163599321,0
33749697,0
183492741,0
144856163,0
147791660,0
41228725,0
178258229,0
207119804,0
73124266,0
80893608,0
58070425,0
111230560,0
34205525,0
84552882,0
179557306,0
89951802,0
132167395,0
105152473,0
151487737,0
112693670,0
141603724,0
78647039,0
82150127,0
105883584,0
39500419,0
39887811,0
33211942,0
214662165,0
66547290,0
72498552,0
131686104,0
101671454,0
34239466,0
86466095,0
38761226,0
33462798,0
66820441,0
66724291,0
145342053,0
87851590,0
128270609,0
154629479,0
55713929,0
66773116,0
127307671,0
131928620,0
62370582,0
95991635,0
56320840,0
164474419,0
154788696,0
78210477,0
94443538,0
88538860,0
44769288,0
133424615,0
118503629,0
185040009,0
32478956,0
137950677,0
163176586,0
104033852,0
76335045,0
75078477,0
102209732,0
145049439,0
82672604,0
140935739,0
102142954,0
144763813,0
39472380,0
205629286,0
77026391,0
57877632,0
164491188,0
74843008,0
66050099,0
61931000,0
131959946,0
136499599,0
144960583,0
94726036,0
55801778,0
133792159,0
82578448,0
114419252,0
129260738,0
83301456,0
213710666,0
158908851,0
99944234,0
110783990,0
39876136,0
137786418,0
109115040,0
87550419,0
131390766,0
92747338,0
82529179,0
89057004,0
196243066,0
98284137,0
79132407,0
143538492,0
92725615,0
133913388,0
61815890,0
42043964,0
79851792,0
36185979,0
147258444,0
41965304,0
131889448,0
98311801,0
76554407,0
151069089,0
106112766,0
31924275,0
116313574,0
77021249,0
93154775,0
206297804,0
119900257,0
144274389,0
68855553,0
72251082,0
56532257,0
156236547,0
54751159,0
174980771,0
96987300,0
99755941,0
123931398,0
37788852,0
80336558,0
167195222,0
35372931,0
75792622,0
134638596,0
144493040,0
76097178,0
74001940,0
97703360,0
107215408,0
31870140,0
92663742,0
194993041,0
63711970,0
112448519,0
34504396,0
38277289,0
39725377,0
156711413,0
90900232,0
89712642,0
75141859,0
184229014,0
145613941,0
96744192,0
185708862,0
131899001,0
154364204,0
45312481,0
65360144,0
40575486,0
110086782,0
32462701,0
125087435,0
135083548,0
93848954,0
79557757,0
110359489,0
103227071,0
36508074,0
127303279,0
74720654,0
205557781,0
107930747,0
93692422,0
38973531,0
84723853,0
178158211,0
140325284,0
176822547,0
152383009,0
91952460,0
178645364,0
121168985,0
44388726,0
118571137,0
131432436,0
84756680,0
160947052,0
113711443,0
199937693,0
40710216,0
195391487,0
127058188,0
157210292,0
37996578,0
122180402,0
111020959,0
139850645,0
205102585,0
213808740,0
149604153,0
78447052,0
140646402,0
36483489,0
145375906,0
180593368,0
107629240,0
107389192,0
161868488,0
114379122,0
151218366,0
79594581,0
129910049,0
177385154,0
93377374,0
89217375,0
185764813,0
31453850,0
86561692,0
119455483,0
32773771,0
117966397,0
83929696,0
82631359,0
161622577,0
70467210,0
144939571,0
116359823,0
116652042,0
40907253,0
161872594,0
118643156,0
43304846,0
32639229,0
180955286,0
122907595,0
83456142,0
136585790,0
58712986,0
115237669,0
81688180,0
34514720,0
91270233,0
121828877,0
106522798,0
175029457,0
51218630,0
162787694,0
65931120,0
139595506,0
151568905,0
126989544,0
144120838,0
164580853,0
167263026,0
44507299,0
40647850,0
109905378,0
143642142,0
59106398,0
81385953,0
78499538,0
64803943,0
161659292,0
32721571,0
103508197,0
96211332,0
103798531,0
34495533,0
123635083,0
36425653,0
194165307,0
131308967,0
58021462,0
36999047,0
112862914,0
91402743,0
78767557,0
194922197,0
119891769,0
32759638,0
179827437,0
129346584,0
106985347,0
66802755,0
148939258,0
108502651,0
111609375,0
51009069,0
67441811,0
80220264,0
135273705,0
88937760,0
198787252,0
81207333,0
94419496,0
165296152,0
150432400,0
76247255,0
156396849,0
40634397,0
45174080,0
84317828,0
105794807,0
116596368,0
68665287,0
42827345,0
79627644,0
34422163,0
63460680,0
132681079,0
37255272,0
103682445,0
81465848,0
81476872,0
81472026,0
92997454,0
132507334,0
45326506,0
76503687,0
155528432,0
77192576,0
66672831,0
151335272,0
154248552,0
156517900,0
76816642,0
163067270,0
136760877,0
37598379,0
63485008,0
157079036,0
147492147,0
66981651,0
134671353,0
150010514,0
149210455,0
43497323,0
77215009,0
83925215,0
166910168,0
166601496,0
193930509,0
82549155,0
65711680,0
156722339,0
31217877,0
165446644,0
82389366,0
95490338,0
84369762,0
149154139,0
87317181,0
167199446,0
111968589,0
80525541,0
107317953,0
93374403,0
130832887,0
38296456,0
37424980,0
165779803,0
73219991,0
118264153,0
94566957,0
160349270,0
123276629,0
133968075,0
122889306,0
194507279,0
35324847,0
117406603,0
60559894,0
56870024,0
163079992,0
88205948,0
40676560,0
97841850,0
114608787,0
110072865,0
171539901,0
192556759,0
179390450,0
106706432,0
65218446,0
111154377,0
185353428,0
108882838,0
118059142,0
156544370,0
63826329,0
118243091,0
43592762,0
141871960,0
98196593,0
93922393,0
142085094,0
166857919,0
37703609,0
195624400,0
64512286,0
41636152,0
132524892,0
135869859,0
33271278,0
90227885,0
38486416,0
76626534,0
117951247,0
41763875,0
111528050,0
33950376,0
132425890,0
85919013,0
62894737,0
103378649,0
120707354,0
90561645,0
99605825,0
93720560,0
67528101,0
106491610,0
95071541,0
130420239,0
81076265,0
44613072,0
214076325,0
65450342,0
92261635,0
78177138,0
158367088,0
136501553,0
77639353,0
93912553,0
113070925,0
179390904,0
41069923,0
103326063,0
58772262,0
39596086,0
164537476,0
35396934,0
83018139,0
98466251,0
117966703,0
38472046,0
44920066,0
144667190,0
56026361,0
161653213,0
93946949,0
141462095,0
33362740,0
175743217,0
121658961,0
42910081,0
60862240,0
65217992,0
75865469,0
91791763,0
90662226,0
31560422,0
36797648,0
97004217,0
70735910,0
175830287,0
83641168,0
175053164,0
61878108,0
187207256,0
42626024,0
99123833,0
68714694,0
62152454,0
33788416,0
74035191,0
96544333,0
83455244,0
109095666,0
134466154,0
62292227,0
42835142,0
99684712,0
74754221,0
59732565,0
116692360,0
196626747,0
77061349,0
66567799,0
81683216,0
91843263,0
110282387,0
113282688,0
174431606,0
113851473,0
108962456,0
143748793,0
72109729,0
132019953,0
32692001,0
109699222,0
131818811,0
102959950,0
124612283,0
164258926,0
129927508,0
67319833,0
40457406,0
132817427,0
150587916,0
39819672,0
61847019,0
36924157,0
62654905,0
43989974,0
114239664,0
87166955,0
36717921,0
132622937,0
72827269,0
159443773,0
182053822,0
135413261,0
144703905,0
94160833,0
82384737,0
32193695,0
112453710,0
157409885,0
80783759,0
198677877,0
91840055,0
81986252,0
96682645,0
62215185,0
146565312,0
116126061,0
145102558,0
65367359,0
59615186,0
175967820,0
61036981,0
129493631,0
38950850,0
77445849,0
73795862,0
91357866,0
76727796,0
38097702,0
213921876,0
66162721,0
214666202,0
59030935,0
89000807,0
127394159,0
81884240,0
79376245,0
160840885,0
48373539,0
72121543,0
176602840,0
100384783,0
74020672,0
114652451,0
128647006,0
206519031,0
165445341,0
129211676,0
81399781,0
100778580,0
74135120,0
73035429,0
33058085,0
40865405,0
63281803,0
130866493,0
77961714,0
85907762,0
66921861,0
37270718,0
88584171,0
166184298,0
83902742,0
77051993,0
208506236,0
82651888,0
37512879,0
40595965,0
60804720,0
102489585,0
122096649,0
36112796,0
122057792,0
55952418,0
81329983,0
41765948,0
126212254,0
39120558,0
63615386,0
164092870,0
39504249,0
156700023,0
64550728,0
151638081,0
63818749,0
143717230,0
135446403,0
100221757,0
130705993,0
117039276,0
148317601,0
79395333,0
139035534,0
43823622,0
96240082,0
73888449,0
161847920,0
76456224,0
123543799,0
62668111,0
31869024,0
68123939,0
100264275,0
69791636,0
140286694,0
81174191,0
42231349,0
143243677,0
80134083,0
84047993,0
73923654,0
194535279,0
31137707,0
42488965,0
108717769,0
131980090,0
178038216,0
127924156,0
81683591,0
135249317,0
157289643,0
31376265,0
58394641,0
112529903,0
76289852,0
34986872,0
41825037,0
207073940,0
150465019,0
65658404,0
107103704,0
113467634,0
89214750,0
43505909,0
32030995,0
157047986,0
110128609,0
62554798,0
146310617,0
58330844,0
127306665,0
141750011,0
116225725,0
33070274,0
152052407,0
111864278,0
99482494,0
65383575,0
72103600,0
150357243,0
70615225,0
121362745,0
196169883,0
33214449,0
75240713,0
113411861,0
193626890,0
84859945,0
156044465,0
35247607,0
207388218,0
69590789,0
103259266,0
109021081,0
108605097,0
60350343,0
93705667,0
36043275,0
37458270,0
100327964,0
135467899,0
166473241,0
82553794,0
115365707,0
146431727,0
84947854,0
164585196,0
72933170,0
114974871,0
123620575,0
45180189,0
123716162,0
81792946,0
40228540,0
198943350,0
119276400,0
163796881,0
163604443,0
113643353,0
42097339,0
33952656,0
114472587,0
39151618,0
83938272,0
105155720,0
143343617,0
144637443,0
76915299,0
112242056,0
119707010,0
193895541,0
62105376,0
126920023,0
96323777,0
39650516,0
126174137,0
57104516,0
78041184,0
195296176,0
83229388,0
75752541,0
90193509,0
107450285,0
94663946,0
84091123,0
43847546,0
72445049,0
154484406,0
198890952,0
107989471,0
184657226,0
84568486,0
116165076,0
120864587,0
145405900,0
120943840,0
120858458,0
131434182,0
39721153,0
112007318,0
120210015,0
130974565,0
212715415,0
58089572,0
212242582,0
43176097,0
96569184,0
120064754,0
114418274,0
50732759,0
74967335,0
133851002,0
129281918,0
138741450,0
131166677,0
85904712,0
37018451,0
38695099,0
156369757,0
104804017,0
107255804,0
60015448,0
86091395,0
34260410,0
116627625,0
205890081,0
132961869,0
100232801,0
96599583,0
89143728,0
140993654,0
142104359,0
166608139,0
63183373,0
91239045,0
88163173,0
43464516,0
130190188,0
33417190,0
43762766,0
111000934,0
67421589,0
173425538,0
179810787,0
110192870,0
163425714,0
137083287,0
100406812,0
159489529,0
131485495,0
195006296,0
119965999,0
151712636,0
61445079,0
129849933,0
159537377,0
179166509,0
124731567,0
74955373,0
143634977,0
120284619,0
90233027,0
136440815,0
72625278,0
166995343,0
205399384,0
118164510,0
60909713,0
152724182,0
57795596,0
116715474,0
82260015,0
88911161,0
150293555,0
103121289,0
63193796,0
124633798,0
135527601,0
155110613,0
111387013,0
57617519,0
127434308,0
117150536,0
92937288,0
88932104,0
143777376,0
84809028,0
90433686,0
31907131,0
43023000,0
98323862,0
56690585,0
91482272,0
63050371,0
100507709,0
116256834,0
32786167,0
99077633,0
102554418,0
115887543,0
67400458,0
69490189,0
67064161,0
155381997,0
84861149,0
107145353,0
76619576,0
83676323,0
111992345,0
62755684,0
121418745,0
64752009,0
63157811,0
31187785,0
103315286,0
207180295,0
85137597,0
67761715,0
85998759,0
72340866,0
95768582,0
76479477,0
32947861,0
127800915,0
62181737,0
62604126,0
118657941,0
111683516,0
63916833,0
113020975,0
144001672,0
88013067,0
127288732,0
78315796,0
109080556,0
85986482,0
76977852,0
58018679,0
36427301,0
55952961,0
140082699,0
115839793,0
36463207,0
68638817,0
79504461,0
133851367,0
37978398,0
101111936,0
34032067,0
71114942,0
63597453,0
44409580,0
98619229,0
60003209,0
110644562,0
160668650,0
33559954,0
180071680,0
67522594,0
40697612,0
135412245,0
72193355,0
84959687,0
153165333,0
67154122,0
80298757,0
74506168,0
98577274,0
42160228,0
88295071,0
62985320,0
185872905,0
103962297,0
87532891,0
163065030,0
142839359,0
135042293,0
37205914,0
33965180,0
109770707,0
162020253,0
140499858,0
107978792,0
102499336,0
153332554,0
193221901,0
59366561,0
79050311,0
128927362,0
76792985,0
93996445,0
42734847,0
67296926,0
73317493,0
85508625,0
78892852,0
138848002,0
38840873,0
71622438,0
65623692,0
64378671,0
40974613,0
158810214,0
104990651,0
194097710,0
44350461,0
82313489,0
113130676,0
204144375,0
101813023,0
129374031,0
157086339,0
60385321,0
56116421,0
64015776,0
185131234,0
92401922,0
63648478,0
75847891,0
124794920,0
118243437,0
180512279,0
101398253,0
77056691,0
94234727,0
38688783,0
119533601,0
163156560,0
37490958,0
157262729,0
164590081,0
95941764,0
97202833,0
44153375,0
80362781,0
43535587,0
57608745,0
103491093,0
84107615,0
42692664,0
62392660,0
101789859,0
77434233,0
72768772,0
88720549,0
78793554,0
36884422,0
165800469,0
85850923,0
57966636,0
133830779,0
41792240,0
43067127,0
180943541,0
110839724,0
60233329,0
184662092,0
34260508,0
131593537,0
97148658,0
147275608,0
56085036,0
110875491,0
81581628,0
114757058,0
61398386,0
196211315,0
180005307,0
63872153,0
151000603,0
110338891,0
75344403,0
159218213,0
106081084,0
103810947,0
72340984,0
143237351,0
112361824,0
112688853,0
149072241,0
65900702,0
94256341,0
108128958,0
178225472,0
134234535,0
125729403,0
82792954,0
125787229,0
36116833,0
32044782,0
38891662,0
80139491,0
207111168,0
142273692,0
60689453,0
33927617,0
67462824,0
92673573,0
151446206,0
125283001,0
85248808,0
120385634,0
37073967,0
130689205,0
44499196,0
144795603,0
64171439,0
127659000,0
36278023,0
59122436,0
31707864,0
141724360,0
74705277,0
111259202,0
44231483,0
41703710,0
134863386,0
43064343,0
42174875,0
96230706,0
39700901,0
159967918,0
133973918,0
98986132,0
40327601,0
91734677,0
63278052,0
194165465,0
84460078,0
88417257,0
71940110,0
34314643,0
72994214,0
94757638,0
212247004,0
180329366,0
101515001,0
84631316,0
163779332,0
161738407,0
87647911,0
37979701,0
117259645,0
93289031,0
144602761,0
80275455,0
93693004,0
147342889,0
199965910,0
166583040,0
123720396,0
85561921,0
42732902,0
82819069,0
118705660,0
79790907,0
34992527,0
163009760,0
166610448,0
115686558,0
166563834,0
38132285,0
80029179,0
85591618,0
64197781,0
57159954,0
165382314,0
82643647,0
92038839,0
74156133,0
40785383,0
64026129,0
113456857,0
39397025,0
128814622,0
99192949,0
55807443,0
77486818,0
129712706,0
37417894,0
76108074,0
177367162,0
71713011,0
45398357,0
65902143,0
108292231,0
195128531,0
141402068,0
82524363,0
140845659,0
128233519,0
93303342,0
127351492,0
62558341,0
147391052,0
103876185,0
147446026,0
179010530,0
34376960,0
110643496,0
90874512,0
39233624,0
136175047,0
126891421,0
166359395,0
84026961,0
120445790,0
75205074,0
96574474,0
76960936,0
88617461,0
159812591,0
122777938,0
179695658,0
85644381,0
88507109,0
125093228,0
170543456,0
65629910,0
85535835,0
117145226,0
58015264,0
147151764,0
146679859,0
40257813,0
86572726,0
60317675,0
99238310,0
44225394,0
85901662,0
106333006,0
150694577,0
37767011,0
161035849,0
79956519,0
195446747,0
44940052,0
63364194,0
126922707,0
83712811,0
39158675,0
61913224,0
31937934,0
37893470,0
107185414,0
152297469,0
36049009,0
128160741,0
135822465,0
141814302,0
137191310,0
79280046,0
79957170,0
79812166,0
91423923,0
91831380,0
60767275,0
40378025,0
74025647,0
119294234,0
125395682,0
129389931,0
143544680,0
176524308,0
144850034,0
36917850,0
92967677,0
38681292,0
97795552,0
80831360,0
43914541,0
32057534,0
59436349,0
86931200,0
118747201,0
157649183,0
35126477,0
63486331,0
34502847,0
89849583,0
151235352,0
98853425,0
37338601,0
131260823,0
91743580,0
125895341,0
84359922,0
80763398,0
195460298,0
123696946,0
133904002,0
78775305,0
87845797,0
96966367,0
60291737,0
63335878,0
99158870,0
81284395,0
86531629,0
157316676,0
82579149,0
39802666,0
163537675,0
105066904,0
44812685,0
119906406,0
62638709,0
78580380,0
72899594,0
40680350,0
84689764,0
36248099,0
201487546,0
75533949,0
68882616,0
125920735,0
141014479,0
43660517,0
150904483,0
81333289,0
142119203,0
99138834,0
90589981,0
42689328,0
83869748,0
94325961,0
40707867,0
144539003,0
45057757,0
84017525,0
40752349,0
208580584,0
126265540,0
56156057,0
40414276,0
79266308,0
144887302,0
58705810,0
60423911,0
67975974,0
90824019,0
140661098,0
82592828,0
79059174,0
101473805,0
81660901,0
165616934,0
37217432,0
98693636,0
61241519,0
63939237,0
84421281,0
72824368,0
36406585,0
68783791,0
146829156,0
132935132,0
139206693,0
57694265,0
60754227,0
148946295,0
114259423,0
114518372,0
99075837,0
174283286,0
214321960,0
129776237,0
154617231,0
121089683,0
134197701,0
135663712,0
166470477,0
62224689,0
141867104,0
167214764,0
80175654,0
55716988,0
40047916,0
66701107,0
92208468,0
85484543,0
177885997,0
128295441,0
93045568,0
44896961,0
154131163,0
132371894,0
35770884,0
110288635,0
61456923,0
126143473,0
148329938,0
98934089,0
145674551,0
101673132,0
106690976,0
83328449,0
39030676,0
87992429,0
104075966,0
125241588,0
89819273,0
125306185,0
140882048,0
113229046,0
33802559,0
156762360,0
85991140,0
95980897,0
134345321,0
78880929,0
98822780,0
42082841,0
116698113,0
85883630,0
74000074,0
75521642,0
108496956,0
104808685,0
61346413,0
152734377,0
108616368,0
44630235,0
99672879,0
160181329,0
72403972,0
142561204,0
149158639,0
95284527,0
36248750,0
101591165,0
174044066,0
57046799,0
43537137,0
58265932,0
146882284,0
90510402,0
42741795,0
97511662,0
85793659,0
71070707,0
64707250,0
125286396,0
155281307,0
83000739,0
41959747,0
95179208,0
77939132,0
93017489,0
57700996,0
76803614,0
36418340,0
174534635,0
83225085,0
35226930,0
101294089,0
136559261,0
74668266,0
178672141,0
100815197,0
190248634,0
70089540,0
63317225,0
45483294,0
115471262,0
130415511,0
69723812,0
109693557,0
35014112,0
191777208,0
144294168,0
62931195,0
96977470,0
98840999,0
161347679,0
84428130,0
99510968,0
160187675,0
113568166,0
45092853,0
178929895,0
87129125,0
149324962,0
76546136,0
111812995,0
79532353,0
66779354,0
36201554,0
79238604,0
36912057,0
207330352,0
80492833,0
138140825,0
111301236,0
132220435,0
153892338,0
41327589,0
128935061,0
78655853,0
116572681,0
160500877,0
124590895,0
78345474,0
76149151,0
194371858,0
60271781,0
136270219,0
80821451,0
39154312,0
87985669,0
62218432,0
148385978,0
38794476,0
178624994,0
126963015,0
33048343,0
135113373,0
75669725,0
136115661,0
33221269,0
108411416,0
113372659,0
75077322,0
162465668,0
63512337,0
141491112,0
38948748,0
157029342,0
84994734,0
131247074,0
66121643,0
112231437,0
58775519,0
83594613,0
38298914,0
74496308,0
106759995,0
31730366,0
123135898,0
89598036,0
109025937,0
39527186,0
188248282,0
75961007,0
198710891,0
94105445,0
65109042,0
117927708,0
31931835,0
111446576,0
152028266,0
175269239,0
106293528,0
57777535,0
154899679,0
146604277,0
56507188,0
45266163,0
191813380,0
118391353,0
185233898,0
125048983,0
129947939,0
59578461,0
179398030,0
62272784,0
142215363,0
98086320,0
141129697,0
178567444,0
143821631,0
154784639,0
175588008,0
43164421,0
117281901,0
159810074,0
100294072,0
115962048,0
64392350,0
140829207,0
42646829,0
166374180,0
56179113,0
121059541,0
121735668,0
86982483,0
155813960,0
99226171,0
149168657,0
75340910,0
144973680,0
32417903,0
86127716,0
87348517,0
100423156,0
40693299,0
66701473,0
146585219,0
140460557,0
91947367,0
45004550,0
140301153,0
40551641,0
147463012,0
77574332,0
43507765,0
145108568,0
138872992,0
102551605,0
68763855,0
127829517,0
111848091,0
74335345,0
110064022,0
34242250,0
65986676,0
82828534,0
104950205,0
39128247,0
39364199,0
63061365,0
66356382,0
148199669,0
207377558,0
82471807,0
130446551,0
203793175,0
87831683,0
165587217,0
101537987,0
196279297,0
84081569,0
133555170,0
148282416,0
80699937,0
145396425,0
95482719,0
104814538,0
134296733,0
36332109,0
84965422,0
31532540,0
198548714,0
41772916,0
64901464,0
123705049,0
36986937,0
127189285,0
131851973,0
177125909,0
45088787,0
103745146,0
64049786,0
83823410,0
91091021,0
196416544,0
67296541,0
138284734,0
107823375,0
98488033,0
65226480,0
158387400,0
101884568,0
88019738,0
173305237,0
121000333,0
140704090,0
163053907,0
56607236,0
44371207,0
152931246,0
173540154,0
195468401,0
41301257,0
119166541,0
64173413,0
43913504,0
74403939,0
120064981,0
100157585,0
81287583,0
35016204,0
62289365,0
71234690,0
76207283,0
37870060,0
121513592,0
32835209,0
75172031,0
31897903,0
116850786,0
85403612,0
179968010,0
98348664,0
148562851,0
148354266,0
157545098,0
107984131,0
125369015,0
42931232,0
106778954,0
83092497,0
92720394,0
144062854,0
83783596,0
112160109,0
34682839,0
45426367,0
162075079,0
57982437,0
121474834,0
40983446,0
127452350,0
182097821,0
103191156,0
134249931,0
79500188,0
58425267,0
110536835,0
181039345,0
105519346,0
37745801,0
40998546,0
74183165,0
77470178,0
92376192,0
65276183,0
142316586,0
84085833,0
87925494,0
88951350,0
155876178,0
83174010,0
31596841,0
141070923,0
35861023,0
37065864,0
87630333,0
58981113,0
111614034,0
103034999,0
36651509,0
31436637,0
44892303,0
113474602,0
117208402,0
112947259,0
40196069,0
115443864,0
77549589,0
110403616,0
72256392,0
155461803,0
90673487,0
193698425,0
75198471,0
151201815,0
152985578,0
44126155,0
111659088,0
32138435,0
44599235,0
75244513,0
66546224,0
153749288,0
58604825,0
171740866,0
61922393,0
43346614,0
74771266,0
60041345,0
68844766,0
32416817,0
80443278,0
151363183,0
64997811,0
115234935,0
65193585,0
99153540,0
130781397,0
182851750,0
77422705,0
176358370,0
35680123,0
166418366,0
144338502,0
34855004,0
103478766,0
66236368,0
152774161,0
74513679,0
90244742,0
94439195,0
185720578,0
88474609,0
97836224,0
138193845,0
61296335,0
143856115,0
61912988,0
43809252,0
167167834,0
75863436,0
161712608,0
184413270,0
154458597,0
75880372,0
102643541,0
63033691,0
42681689,0
118896124,0
78075500,0
112227439,0
205748521,0
102769279,0
92511149,0
93605401,0
180877839,0
75325227,0
95001309,0
43447965,0
87043743,0
128513836,0
62997608,0
34783884,0
43548438,0
57931846,0
152242940,0
116942781,0
130304843,0
175633921,0
84283649,0
32690639,0
109685661,0
38731291,0
77972245,0
89265875,0
93222806,0
117305203,0
206421273,0
157174386,0
214148008,0
44895846,0
40262856,0
31325505,0
116339057,0
61123982,0
122818896,0
160737402,0
33105992,0
84932586,0
121144508,0
77390807,0
72420079,0
40219766,0
71036005,0
125449057,0
40315895,0
73970989,0
128138524,0
138642546,0
102367685,0
102471059,0
104348337,0
95337112,0
40636006,0
112454460,0
143255491,0
144931626,0
72481438,0
173754630,0
181126168,0
154206695,0
96205124,0
98667699,0
109149021,0
180788243,0
160372957,0
41199442,0
118826049,0
88352147,0
95158354,0
142965551,0
91362307,0
76646559,0
58403652,0
66380799,0
145461693,0
115978037,0
111426413,0
142470275,0
208454757,0
125659487,0
36188111,0
120616929,0
194237710,0
105200696,0
31455271,0
56147135,0
60567622,0
177864847,0
58837283,0
157533413,0
117281782,0
65315810,0
73205976,0
175666550,0
119660732,0
188739413,0
35322221,0
38056240,0
37529321,0
61522131,0
152317495,0
95965697,0
194113442,0
67380798,0
93234985,0
42302380,0
145780205,0
79372199,0
117691756,0
121238052,0
161028190,0
101561753,0
183202190,0
91255054,0
31724760,0
89479650,0
214006044,0
81818933,0
33306888,0
77746349,0
40844255,0
151536138,0
57126299,0
66431657,0
73833456,0
73837236,0
127701291,0
60242054,0
123388965,0
103383800,0
118395231,0
79312724,0
136874002,0
137111564,0
82785611,0
140886292,0
75871647,0
126738807,0
134286429,0
65200227,0
161211113,0
161644557,0
126283088,0
73419692,0
174577696,0
72297706,0
112746294,0
177841002,0
40056404,0
113335204,0
159828846,0
65756626,0
76788682,0
103534312,0
67323406,0
143369653,0
45283840,0
32119150,0
94866243,0
43315446,0
160933936,0
115929528,0
61086882,0
97658631,0
129337010,0
121963192,0
102784044,0
137585778,0
66324029,0
113917135,0
62110774,0
71937919,0
129963740,0
162751206,0
84307622,0
141443471,0
80897832,0
182959507,0
157175442,0
62036002,0
117842780,0
128652967,0
108910127,0
119882265,0
157426308,0
117802917,0
80998334,0
142199562,0
103690400,0
153163340,0
124889984,0
114611758,0
81927646,0
139623940,0
115261188,0
143931796,0
134508110,0
116409812,0
90049334,0
77685918,0
87658096,0
112008739,0
102758749,0
119930656,0
42722786,0
32419245,0
161439990,0
41925855,0
42829950,0
99302255,0
95262863,0
83498986,0
198686642,0
166180666,0
61128236,0
34512716,0
144842760,0
177539386,0
43413175,0
133079445,0
40737782,0
31462782,0
98789727,0
115524884,0
210446749,0
59770445,0
58703935,0
94406596,0
112019724,0
97740598,0
115217199,0
58988811,0
106830651,0
194063058,0
162021141,0
113850170,0
144153793,0
38854859,0
140382992,0
75378621,0
95821443,0
74401994,0
35122974,0
44097602,0
203561979,0
44431787,0
86561199,0
106097794,0
130964883,0
61125679,0
74483774,0
115085766,0
113983252,0
112593819,0
180237410,0
133133333,0
169253656,0
65538251,0
41189839,0
72625742,0
116068571,0
81204767,0
31964839,0
38407647,0
102028694,0
165277292,0
98768418,0
150200702,0
85196943,0
93605352,0
75749975,0
55891542,0
152449392,0
143635490,0
195830161,0
133255756,0
113116957,0
96742248,0
67522653,0
145309059,0
88125324,0
130910827,0
140405268,0
75069920,0
74563510,0
160874116,0
153161780,0
44418601,0
71105112,0
139883847,0
196320029,0
146222620,0
109497162,0
115782589,0
133605900,0
93332556,0
213218005,0
152764233,0
128238296,0
99716848,0
125695343,0
31274667,0
97744309,0
83213557,0
93149771,0
125577520,0
75384178,0
39009249,0
108311970,0
41316802,0
44758698,0
149802019,0
60841149,0
144248788,0
72486324,0
194315355,0
179003483,0
192388147,0
63163210,0
175787561,0
67519416,0
95898357,0
100395038,0
44152063,0
92319076,0
114629099,0
34375499,0
143963319,0
146239506,0
165714140,0
62828008,0
35654847,0
198899233,0
127646495,0
39400786,0
152109878,0
32707674,0
91696166,0
64024037,0
157305859,0
84871433,0
45372597,0
61724409,0
161181890,0
75751278,0
125459272,0
161480011,0
112583406,0
98670314,0
160958402,0
71445811,0
44405514,0
161803142,0
85418575,0
102528570,0
90573696,0
176850014,0
64181743,0
67773558,0
112402516,0
57106135,0
75641952,0
63043107,0
150285906,0
161588478,0
44535368,0
161780590,0
119511138,0
60490077,0
135109593,0
91736898,0
166702838,0
176568987,0
69021580,0
74542804,0
112014532,0
138885526,0
128474910,0
144577732,0
123635586,0
37516817,0
92958696,0
109273664,0
40949021,0
178792056,0
83130425,0
36677051,0
78901507,0
62213359,0
117275910,0
106746138,0
66958359,0
100834788,0
145511899,0
166720563,0
135148578,0
118752136,0
36587159,0
127063290,0
103653527,0
102468720,0
98791513,0
34205663,0
149401353,0
38832297,0
180895989,0
33401172,0
111614369,0
87645384,0
37071964,0
167062338,0
194569319,0
160081271,0
121110952,0
101645734,0
95404344,0
67273584,0
31650896,0
62502065,0
66670216,0
35139614,0
139471218,0
110751746,0
56753415,0
59074647,0
73853077,0
87908291,0
81880420,0
141698502,0
127536863,0
153872372,0
145948146,0
76253956,0
139918982,0
37548597,0
127725195,0
73953401,0
51627962,0
75005333,0
74383854,0
75557843,0
119841513,0
123614219,0
57014920,0
71889667,0
37956655,0
89660925,0
138555763,0
92549443,0
103918042,0
123580001,0
67023192,0
150900259,0
109376229,0
78511273,0
116549408,0
58204050,0
115613582,0
80491589,0
102857573,0
92837566,0
93958921,0
133683051,0
108561957,0
83966184,0
183551298,0
61107717,0
178567997,0
159716569,0
80565009,0
57962728,0
135145242,0
87902231,0
115603732,0
106630683,0
72426021,0
162490333,0
100645262,0
192774245,0
35690298,0
120677390,0
65588773,0
37558466,0
93210015,0
151757513,0
37819507,0
166213137,0
143410868,0
36391336,0
113647833,0
145136608,0
121195820,0
154994477,0
41070506,0
179894945,0
143558113,0
99190788,0
107710832,0
60651830,0
160050645,0
97815824,0
107326253,0
60143861,0
41616255,0
79283352,0
89429977,0
115370296,0
69267836,0
63478544,0
99647672,0
111998948,0
42412486,0
44895145,0
72310842,0
110677912,0
99382505,0
94557680,0
38391145,0
178292526,0
96250534,0
112132612,0
84180443,0
106146618,0
103987712,0
107251807,0
88091905,0
74118451,0
174579453,0
72480471,0
74440733,0
89741402,0
157864123,0
104914448,0
60088927,0
106461864,0
128480003,0
75185542,0
101273255,0
136129054,0
71468778,0
63246026,0
32512927,0
155019921,0
92634341,0
105830090,0
95928045,0
166888968,0
192736090,0
176772656,0
148009304,0
41877899,0
113965753,0
195336020,0
153903175,0
90609759,0
137402589,0
111470559,0
83761350,0
74708771,0
132553099,0
154394810,0
126306558,0
96073819,0
39425361,0
38013771,0
89215796,0
95779626,0
87081475,0
120852990,0
108133636,0
128544441,0
88269094,0
164422169,0
31898505,0
194695769,0
148652003,0
139679842,0
35736350,0
114158585,0
88068001,0
43941485,0
150761137,0
149327380,0
194127901,0
161561149,0
82424818,0
94490083,0
95159361,0
88849723,0
126146276,0
65065142,0
81992361,0
176862026,0
76089253,0
55770472,0
108602196,0
32224380,0
179794473,0
31450405,0
118906092,0
111477991,0
37332709,0
40204448,0
72221848,0
126014003,0
142723993,0
159919863,0
179147007,0
124665154,0
117452260,0
75494678,0
39967252,0
153374687,0
34073479,0
145655956,0
126567599,0
106703906,0
91620367,0
207151614,0
177410183,0
87888088,0
31731383,0
87142044,0
112147486,0
44441528,0
155642387,0
112710438,0
146759546,0
151846320,0
165302479,0
74073169,0
42599692,0
196429098,0
56915859,0
83495877,0
43358546,0
128460836,0
93912178,0
88148330,0
147318037,0
56966085,0
67014033,0
104928690,0
160512878,0
92542662,0
122524447,0
40823114,0
199952112,0
65626495,0
166726761,0
160347128,0
159076654,0
36597502,0
67948250,0
105576402,0
66261604,0
99927189,0
120960154,0
91338886,0
155541292,0
34550922,0
64660626,0
36776892,0
125221356,0
36342679,0
179049495,0
96439804,0
118959783,0
45179577,0
55913028,0
134246358,0
108374366,0
100252570,0
89814171,0
144051188,0
32752581,0
136040830,0
193881891,0
107916752,0
139151492,0
61210203,0
108393276,0
43708355,0
129565047,0
72457337,0
106498124,0
128640176,0
196151525,0
213082594,0
131544663,0
59417744,0
35921741,0
87975661,0
76180477,0
76737607,0
147451819,0
32757782,0
150480179,0
198654072,0
56565241,0
32850784,0
82934228,0
75442744,0
122398540,0
106250970,0
94033969,0
83519801,0
162144748,0
100834067,0
73710352,0
213479619,0
147250736,0
59909083,0
133462820,0
147978896,0
185281726,0
84429512,0
150999153,0
36617498,0
196677763,0
170383381,0
73345759,0
113433466,0
112603560,0
68868808,0
143462881,0
110151270,0
114724647,0
74755928,0
121851330,0
104187344,0
144241622,0
193888208,0
80431681,0
61350163,0
134409838,0
142142841,0
87775505,0
119797465,0
39340048,0
151638229,0
33673040,0
129626110,0
139512266,0
42648221,0
104022798,0
85357354,0
101137400,0
116862097,0
139062429,0
44443818,0
57175360,0
190743634,0
174480372,0
75743520,0
115874989,0
93334757,0
104881049,0
95706038,0
73960793,0
147858121,0
170098544,0
42874965,0
121281646,0
135856111,0
87672773,0
32717988,0
81980518,0
83104034,0
115941835,0
74833089,0
32477476,0
81137042,0
53814879,0
150999232,0
65199773,0
154588116,0
124759340,0
33125060,0
65573772,0
124566172,0
159955907,0
150219513,0
129909960,0
63766568,0
57695094,0
39619111,0
37239836,0
159822875,0
56373564,0
166246250,0
112865401,0
104882747,0
66873707,0
75184950,0
84276059,0
116477715,0
112753055,0
116967435,0
120805181,0
185665890,0
32567546,0
126164090,0
123818668,0
60213185,0
154561093,0
55828702,0
74608447,0
103257924,0
33094267,0
162124220,0
111688668,0
180479690,0
62424322,0
153901448,0
133510244,0
119469893,0
44177072,0
143289146,0
152075472,0
72010856,0
59544529,0
57586607,0
77735956,0
168923035,0
178436070,0
75566519,0
65587560,0
176293921,0
132175252,0
66728910,0
125097719,0
77410625,0
136243897,0
79068244,0
146056573,0
89498975,0
135178927,0
39100908,0
41961632,0
113568798,0
123737895,0
94108485,0
85079504,0
176407570,0
118530563,0
93286357,0
43638587,0
78545669,0
36507906,0
37123661,0
83084818,0
42699267,0
124004818,0
177842512,0
59565848,0
86962191,0
82741899,0
44079866,0
103535861,0
81735278,0
60680402,0
214106802,0
214782860,0
66343275,0
146360695,0
140813919,0
80116327,0
133559977,0
76064549,0
121433954,0
147291991,0
58761455,0
119785859,0
71840220,0
41396597,0
164834324,0
56489798,0
84058514,0
142554404,0
76327949,0
118029809,0
31185219,0
71276883,0
148863094,0
212692725,0
190668072,0
81934595,0
31269061,0
140206879,0
112471850,0
81564376,0
131157429,0
40973685,0
57960458,0
138784175,0
165254572,0
44572143,0
175781324,0
152042577,0
96762559,0
161533672,0
59834666,0
196666511,0
63917998,0
126777506,0
126836418,0
38065843,0
34147462,0
73078194,0
127680811,0
67628080,0
71040545,0
68103203,0
97181198,0
74712097,0
92842017,0
42258905,0
82483730,0
111821147,0
113761324,0
80033758,0
143785913,0
61573907,0
33730284,0
153722048,0
76855983,0
162028277,0
93893466,0
138010931,0
64335176,0
105811703,0
143244881,0
56255049,0
85363512,0
146898451,0
184712950,0
174704491,0
39873984,0
81620603,0
62274738,0
75788920,0
165490367,0
31151820,0
34522053,0
96328238,0
42830671,0
123447413,0
37105057,0
138790383,0
61581132,0
86097771,0
163671695,0
78518962,0
143102897,0
79428781,0
102694340,0
66878810,0
155023375,0
176028498,0
140776572,0
72223289,0
87595375,0
100598322,0
144779565,0
73860548,0
80387554,0
195256510,0
58117829,0
75849678,0
126084334,0
39418926,0
61178225,0
199378106,0
58399102,0
133086374,0
116426137,0
112296902,0
100634869,0
86556392,0
107147396,0
38625242,0
34229034,0
100552033,0
127004753,0
31188051,0
43591558,0
119625408,0
115614066,0
166979848,0
92290217,0
88239939,0
113889224,0
38347008,0
132260397,0
67365697,0
161603272,0
118032602,0
194038078,0
194072483,0
79626163,0
109224494,0
104173428,0
44575577,0
103191037,0
64318842,0
192166327,0
83384627,0
206479484,0
155590325,0
107597796,0
58678955,0
150037725,0
193763742,0
209883767,0
188345507,0
70274960,0
92773670,0
66360399,0
98610613,0
64272820,0
156454408,0
37389094,0
136015248,0
139194632,0
79004329,0
74357769,0
136118701,0
166374150,0
132479423,0
173515559,0
113950810,0
127380864,0
120868406,0
120091560,0
59012163,0
153868720,0
34794197,0
174623432,0
157023983,0
33069385,0
74255559,0
33005648,0
150853132,0
81564869,0
112032712,0
163756425,0
149609522,0
175993175,0
95490496,0
78449193,0
64506453,0
123485766,0
66533847,0
153617332,0
80520192,0
72314849,0
32598250,0
92408949,0
196164366,0
136390786,0
134684904,0
189269835,0
40008862,0
65375097,0
136659585,0
126666956,0
86514298,0
75339676,0
130370397,0
117565464,0
37356633,0
134264775,0
68620025,0
109064439,0
74891231,0
73855258,0
93130200,0
181090125,0
75300128,0
38544410,0
83242139,0
155345164,0
138178340,0
77475448,0
74441591,0
98615084,0
77979706,0
40104706,0
91542486,0
136905516,0
198678420,0
34226616,0
85128211,0
56596656,0
203855185,0
162803288,0
140632308,0
140115763,0
158309637,0
136993819,0
65396829,0
138145503,0
176394384,0
192994318,0
41841894,0
78093256,0
57753088,0
132064228,0
96750627,0
82376970,0
39489760,0
204428738,0
63051042,0
93502521,0
128063940,0
142393894,0
83248278,0
94359716,0
148066370,0
65698395,0
149022310,0
145591883,0
124728537,0
81840488,0
83533688,0
61891719,0
111653946,0
38398192,0
75266206,0
184357773,0
82095292,0
60406165,0
36803224,0
62106136,0
43841200,0
92756991,0
45100995,0
135486543,0
195092023,0
57528297,0
61636905,0
89958523,0
141558886,0
39536522,0
149997625,0
131596370,0
44014312,0
116924581,0
38666448,0
116934224,0
161348025,0
206742084,0
134486634,0
104884267,0
35126250,0
33418829,0
88221305,0
149918836,0
115323120,0
195121879,0
117948425,0
135468363,0
59170175,0
63623459,0
58357907,0
37922763,0
39563970,0
63916231,0
145036648,0
98097769,0
104690358,0
156578835,0
138459752,0
61112770,0
203929790,0
92027064,0
71698256,0
72764459,0
67359726,0
96492646,0
133082041,0
206422724,0
130590015,0
35649803,0
196363189,0
143179969,0
144464744,0
87968120,0
74082377,0
39566427,0
88124741,0
109293680,0
86981150,0
207333017,0
107633761,0
99462775,0
91727137,0
206237007,0
130268454,0
115781208,0
82906218,0
121346588,0
33458899,0
127266535,0
41235812,0
72430196,0
92532408,0
129068182,0
148490615,0
102214460,0
31149530,0
68360474,0
177656233,0
99082252,0
79301068,0
77986368,0
60342546,0
120817923,0
71410626,0
84687770,0
42950912,0
34601533,0
67387163,0
36466957,0
135329024,0
195766068,0
95794657,0
44782819,0
122772401,0
161117234,0
74005878,0
59471386,0
133867415,0
75508861,0
112292865,0
132561933,0
125950611,0
145692405,0
62616769,0
36418083,0
99886694,0
131296807,0
101274636,0
119533582,0
179781820,0
100271618,0
125818654,0
80487424,0
33483751,0
155919979,0
134484995,0
81421938,0
128178249,0
72147609,0
74402290,0
90969526,0
72480629,0
108659400,0
166372867,0
128868332,0
77550378,0
94452016,0
208316858,0
128371555,0
119812645,0
150930954,0
84868453,0
91720672,0
98212947,0
150180193,0
67145694,0
56218700,0
156088236,0
113641201,0
63917198,0
212541444,0
37772133,0
34372874,0
96597026,0
89549448,0
73736526,0
148558202,0
37721315,0
144662028,0
35616197,0
31241239,0
100198633,0
88229704,0
33639098,0
105027188,0
143816223,0
128999361,0
129769832,0
68638126,0
60802055,0
42998296,0
66804501,0
118578678,0
78861466,0
89510631,0
140771361,0
86040893,0
142962956,0
166260660,0
114530225,0
140833826,0
37713370,0
83669049,0
43910050,0
142142732,0
36600542,0
142313477,0
88001904,0
147474875,0
132340607,0
138622255,0
88648116,0
96542260,0
44510300,0
107024470,0
129192322,0
38095866,0
57150410,0
103888562,0
35581693,0
37860516,0
101549998,0
146379033,0
131882568,0
160586062,0
133099007,0
126286000,0
144834173,0
142529098,0
120788403,0
101963308,0
146143071,0
42622649,0
182495961,0
44220627,0
179550328,0
81272492,0
60032621,0
125192102,0
100397604,0
70238186,0
145783185,0
43315021,0
106869004,0
31765818,0
80106132,0
158422190,0
154319465,0
96421199,0
43916307,0
80735961,0
167268277,0
124900949,0
64524524,0
79897883,0
97123669,0
102792917,0
36250744,0
44470505,0
73881728,0
83225835,0
97121922,0
140787606,0
40807935,0
43428907,0
113357815,0
131323327,0
141775030,0
43184861,0
126364048,0
34747327,0
74765541,0
44420131,0
132551688,0
84587426,0
74235040,0
144913713,0
88490844,0
44416410,0
145513104,0
34760651,0
61624134,0
85074303,0
97260787,0
120523987,0
75279106,0
129193654,0
33916592,0
79135081,0
185176318,0
127365734,0
133385808,0
151423723,0
38026167,0
59781015,0
35092013,0
156696826,0
76237780,0
42082268,0
101764376,0
146706822,0
40070883,0
45811005,0
40596330,0
137793316,0
61079361,0
105497929,0
71394608,0
76871300,0
142472920,0
144059202,0
114993357,0
32479390,0
149445687,0
39304182,0
137083919,0
61902526,0
90120918,0
162285854,0
35616266,0
38669576,0
138409042,0
194835907,0
211556339,0
121838114,0
125129736,0
123732822,0
102828625,0
196366160,0
89350862,0
84147014,0
78236128,0
106055423,0
112472867,0
123444570,0
78846060,0
119412343,0
188423635,0
63622867,0
94839793,0
126678316,0
177269305,0
118387059,0
176090124,0
179263488,0
82383198,0
114536453,0
32275376,0
108536543,0
83399283,0
105017960,0
73092831,0
174083268,0
128206615,0
38574818,0
194581015,0
129664138,0
178975315,0
163599074,0
145816258,0
117413068,0
179990907,0
73976447,0
125225106,0
81853072,0
179366398,0
71449828,0
116045525,0
40169973,0
81502809,0
116758792,0
124727332,0
33484689,0
106876466,0
105259055,0
106567379,0
98725782,0
138164483,0
61795144,0
113613240,0
177231524,0
157979479,0
81974705,0
109754136,0
78347586,0
138768404,0
112138001,0
114792550,0
121826518,0
193484541,0
104229813,0
167235303,0
139264450,0
129035967,0
109660415,0
87476762,0
86465335,0
120111338,0
74591718,0
68831511,0
78938282,0
59650391,0
151072681,0
161836007,0
77974199,0
162945242,0
55970223,0
181046965,0
115510682,0
99707008,0
102422254,0
129219808,0
78623648,0
78612812,0
72294755,0
37928290,0
57089870,0
35011161,0
116899217,0
41991754,0
83920241,0
175358411,0
33696934,0
130181631,0
80781499,0
134618709,0
84582146,0
127930355,0
102522312,0
152688997,0
74381564,0
34290591,0
86014294,0
129371287,0
134683236,0
42542074,0
84628868,0
41624832,0
78848310,0
36899374,0
142143937,0
115051232,0
156657969,0
91219129,0
56949731,0
114438635,0
140737271,0
84290785,0
58039040,0
131641740,0
66838147,0
77939418,0
87997127,0
162675358,0
41664123,0
106532984,0
99573729,0
62292000,0
63570943,0
85415180,0
62362903,0
189493194,0
145608474,0
72391211,0
139555278,0
35835865,0
80276649,0
91804209,0
89612308,0
142947648,0
35201467,0
34753357,0
90652169,0
56665122,0
104214545,0
85135919,0
78804637,0
61039212,0
142600603,0
31951751,0
109308474,0
177994948,0
102654476,0
69130629,0
159792190,0
121276524,0
82374799,0
120903562,0
81357075,0
60550726,0
66401901,0
158594287,0
59860712,0
33033697,0
116380490,0
131325686,0
90375909,0
35481497,0
76187021,0
143566828,0
126068700,0
163854391,0
86386684,0
116628266,0
86975288,0
108580542,0
35047866,0
110470818,0
166425186,0
154371626,0
151522686,0
73235526,0
38125120,0
89086653,0
72463772,0
59087221,0
118132483,0
157982115,0
122262488,0
31784422,0
37096085,0
118170037,0
58614882,0
76162890,0
43861028,0
62465360,0
41616502,0
76776404,0
133878538,0
142751963,0
127559859,0
39181187,0
34957243,0
84297407,0
200701344,0
130694969,0
140339714,0
139624809,0
37008305,0
161401834,0
129028763,0
43264371,0
153015463,0
71723394,0
81171072,0
100032892,0
133097724,0
34041502,0
157333632,0
75143409,0
96423450,0
62164376,0
33116286,0
160035584,0
145996635,0
112839582,0
56228421,0
44190406,0
178485872,0
40753464,0
80288236,0
163001548,0
87496097,0
110984580,0
143536212,0
150067501,0
64693709,0
110075155,0
154015205,0
56421194,0
40224138,0
180182299,0
66653171,0
74565376,0
92279499,0
40794502,0
80360215,0
184943761,0
184606931,0
37359160,0
85032732,0
59443356,0
182876454,0
41744955,0
120594544,0
90498213,0
38863485,0
153402233,0
43579122,0
64532598,0
86830471,0
182070591,0
132925026,0
94645322,0
147920428,0
97690352,0
43934033,0
147996513,0
56391694,0
39882136,0
163203155,0
160930679,0
61305652,0
96086847,0
190197785,0
59047762,0
92456086,0
102218990,0
45428035,0
85568326,0
42260296,0
74237162,0
194384925,0
63571328,0
98164181,0
86478541,0
163121869,0
101334555,0
82128957,0
115284391,0
155429164,0
42965904,0
131744019,0
60671648,0
103883893,0
193132897,0
97067718,0
84647976,0
114844770,0
64875862,0
134238206,0
162854116,0
157763444,0
84068541,0
102564801,0
195267021,0
60599916,0
115914832,0
73958089,0
80455210,0
71824310,0
92320784,0
32357945,0
113290564,0
40081048,0
175917850,0
62361709,0
36104387,0
35576551,0
97820147,0
81695503,0
69953635,0
149269159,0
98581330,0
131292494,0
196486105,0
50987760,0
141543865,0
118365978,0
86694241,0
137977957,0
78067042,0
110790435,0
145981012,0
33348883,0
94362311,0
125508512,0
147344478,0
214330971,0
39292033,0
88574746,0
206980968,0
163186002,0
59215200,0
128655040,0
84297052,0
110722118,0
59683039,0
60538546,0
73643752,0
59597549,0
61297578,0
65886421,0
93333869,0
82874201,0
122569274,0
79173997,0
38018232,0
143829379,0
42201395,0
102697113,0
92925968,0
68507995,0
150146172,0
37314559,0
39712201,0
124060976,0
77731722,0
89687524,0
93382092,0
33383604,0
103429211,0
60683047,0
43440790,0
67201605,0
74205658,0
157100117,0
92308368,0
96972812,0
32118725,0
139295589,0
73851201,0
115901755,0
123186362,0
74074304,0
162288322,0
114050168,0
162756091,0
44173075,0
125941886,0
74722056,0
56336730,0
36260761,0
141068179,0
142802999,0
72489048,0
113221861,0
107861363,0
156125701,0
130550902,0
74898268,0
118023058,0
212769076,0
145632506,0
43685803,0
151190712,0
113247966,0
106672254,0
85213494,0
82616604,0
100755841,0
194344253,0
40928581,0
175682865,0
83521814,0
64896510,0
143382197,0
149263829,0
72242397,0
40463535,0
195390293,0
56451425,0
31847390,0
112552544,0
39813809,0
32497659,0
88980150,0
40862810,0
41984204,0
37731263,0
142369585,0
83790307,0
81054759,0
81234988,0
200316676,0
115233247,0
98931958,0
69803262,0
125581172,0
83653929,0
116197567,0
77340146,0
108000594,0
137444752,0
121365814,0
70099439,0
88037079,0
120742539,0
145411397,0
125020825,0
38009231,0
96050349,0
37535322,0
95426718,0
86136371,0
144394493,0
128393377,0
77065751,0
71879205,0
41170860,0
78600198,0
38264400,0
43614603,0
145090221,0
43313571,0
33332391,0
151108488,0
179366457,0
100568012,0
86260788,0
64322799,0
131588464,0
142627537,0
62362469,0
114687419,0
37252301,0
116780633,0
125507387,0
94045250,0
122356042,0
95972369,0
45207034,0
62085291,0
114091373,0
196188220,0
110854528,0
78304179,0
118634066,0
147844719,0
91535785,0
75782989,0
84742842,0
133770426,0
114935027,0
68020792,0
143292403,0
87629386,0
33632190,0
71854640,0
89250508,0
102254284,0
62205187,0
59657408,0
34034633,0
33473033,0
76366085,0
55806742,0
87293760,0
121411471,0
126734790,0
151962880,0
121101556,0
72445306,0
88511521,0
66162533,0
39305406,0
77255356,0
110286779,0
84615643,0
41903046,0
36007132,0
39952546,0
88606082,0
121731918,0
179337757,0
96351214,0
133477013,0
58516521,0
103513902,0
139325977,0
162879866,0
151198785,0
137975036,0
80502535,0
56538268,0
35906877,0
61350134,0
125665922,0
96296576,0
34374147,0
155664998,0
146945292,0
179215561,0
66779364,0
122478514,0
141638317,0
40445562,0
58721207,0
102695850,0
106820071,0
74202253,0
130134612,0
155862153,0
119116206,0
161728606,0
46472752,0
113732416,0
40567847,0
118927598,0
86014511,0
72450892,0
159684730,0
161744260,0
81884408,0
137131382,0
58062510,0
135542879,0
211654709,0
112225989,0
138220927,0
142786537,0
42110032,0
61582593,0
136108170,0
90291860,0
108075998,0
43606708,0
61396936,0
128030117,0
101622185,0
106535422,0
38894248,0
152045873,0
34721133,0
108764847,0
66743863,0
92161044,0
107143231,0
82165336,0
79875687,0
74520696,0
31263268,0
71407783,0
77154094,0
141854629,0
60017925,0
77035609,0
42859194,0
31568080,0
154278240,0
118570328,0
105205581,0
52067564,0
173997531,0
112392795,0
65237850,0
109944561,0
60628567,0
125199188,0
91999706,0
114954806,0
74193588,0
61638010,0
74369336,0
96550096,0
31854457,0
76407508,0
123582172,0
76066552,0
67106995,0
39941995,0
137221166,0
162436612,0
38406473,0
195816946,0
115447309,0
128052728,0
37433784,0
124590481,0
106548400,0
103477591,0
98833281,0
142015948,0
86366767,0
78113617,0
115618675,0
115781198,0
126993936,0
38907128,0
160058926,0
63864840,0
155506847,0
60106070,0
72105683,0
97732445,0
147520265,0
123639840,0
60491765,0
62100372,0
130193623,0
137832459,0
156430554,0
175320492,0
69508082,0
78487290,0
119671184,0
31617843,0
94231726,0
194581380,0
40365895,0
32276452,0
110197805,0
77954282,0
149089670,0
72014547,0
107594558,0
134734815,0
34582721,0
103817925,0
43526113,0
114902902,0
33802618,0
114198468,0
36261077,0
151089953,0
56469782,0
98318088,0
41441998,0
39778032,0
105694758,0
141254902,0
92114578,0
116350101,0
118204738,0
73797521,0
114691672,0
80892118,0
74736061,0
45163480,0
96474268,0
83271689,0
89154447,0
125143317,0
121109057,0
84423028,0
65148293,0
82614729,0
88584911,0
60350007,0
41531653,0
76234809,0
160365979,0
102228603,0
177987506,0
101272761,0
195336937,0
192161994,0
72106857,0
76584825,0
44695414,0
134404154,0
164875174,0
39012170,0
83050008,0
85857022,0
64800508,0
111263238,0
137186207,0
161353858,0
106685371,0
164581228,0
166563232,0
127996234,0
178239260,0
168792114,0
123007870,0
102197089,0
36409329,0
143710144,0
74078015,0
40521785,0
99998951,0
107021480,0
151975010,0
111699386,0
58617122,0
133831184,0
132204860,0
101599800,0
91501922,0
161020324,0
116033336,0
43594815,0
196175538,0
162473110,0
104113855,0
123569894,0
100445304,0
96600945,0
176842810,0
127180630,0
85553828,0
43336290,0
102642514,0
33295054,0
133444473,0
76104570,0
108172049,0
82838670,0
132576342,0
60507783,0
78000008,0
115683893,0
75482765,0
80721097,0
34785196,0
100429374,0
89975292,0
135855785,0
79731048,0
44433435,0
73188990,0
156832967,0
34050108,0
84191704,0
36960220,0
130356372,0
34411711,0
43216010,0
44968160,0
42020810,0
161237574,0
66882521,0
57053244,0
49662677,0
35918878,0
89290499,0
44947622,0
144851722,0
40259056,0
107228495,0
111194872,0
212428516,0
74201523,0
78879143,0
90603848,0
203380655,0
31582500,0
75358586,0
35432711,0
36715286,0
100685125,0
142994835,0
62838302,0
83817794,0
138390664,0
79042455,0
39570987,0
161249309,0
213571702,0
123898572,0
74232681,0
84928914,0
154136571,0
79701705,0
79585352,0
34530551,0
60390009,0
155946548,0
102463628,0
41882981,0
76101451,0
43747340,0
166071963,0
90374360,0
103345279,0
40384173,0
41217464,0
98376625,0
145771283,0
105098674,0
75709895,0
183139094,0
180654224,0
109831475,0
77049664,0
32926227,0
93087593,0
141967508,0
81310401,0
173195705,0
177126837,0
144305824,0
179990424,0
81198135,0
57191843,0
79390724,0
131565349,0
77433917,0
126931551,0
103679741,0
74924185,0
89441021,0
178615371,0
79661220,0
114075345,0
78543349,0
68165836,0
78695361,0
127821078,0
127866232,0
77774211,0
81493670,0
105816026,0
115389236,0
199935620,0
103054718,0
72423938,0
81706814,0
39409649,0
126073793,0
35611351,0
63524960,0
117945316,0
129460469,0
134024095,0
151263845,0
144949450,0
64371930,0
44326113,0
83921178,0
125737338,0
65383634,0
82831880,0
80790905,0
162964873,0
144653007,0
138751092,0
43777708,0
136626739,0
127255491,0
71466883,0
83570393,0
62046800,0
117394256,0
109185943,0
58141210,0
139423400,0
62488632,0
32193320,0
112931853,0
36597206,0
150124577,0
80424111,0
63454778,0
117322159,0
104270969,0
113759617,0
133767031,0
179762248,0
108026877,0
42352567,0
104737456,0
112494491,0
39503341,0
142408008,0
75874135,0
43328523,0
105040552,0
61884030,0
104083368,0
194351714,0
92273094,0
44970549,0
32857298,0
97114519,0
115830723,0
153367394,0
39620118,0
127942366,0
80927046,0
87459984,0
140891652,0
117225841,0
87464494,0
100498076,0
33285056,0
76088118,0
73514075,0
40026262,0
122592192,0
117410265,0
31329394,0
150118281,0
42049185,0
94848379,0
135170361,0
67716650,0
193622114,0
136933052,0
159586922,0
65801612,0
110802130,0
77854471,0
41092999,0
74484494,0
122731748,0
135295497,0
155185414,0
57671348,0
126009088,0
154127610,0
194283861,0
142249423,0
61354694,0
106948040,0
88683361,0
78742015,0
155083106,0
39495277,0
129195894,0
155141564,0
191310998,0
121271560,0
124431096,0
141998261,0
127673330,0
117220512,0
32036462,0
79050588,0
135194057,0
79622364,0
111996905,0
82816681,0
73045615,0
56823943,0
59770553,0
99113973,0
102386428,0
36424222,0
34877605,0
31990993,0
107448538,0
77676690,0
74816083,0
103637400,0
43203436,0
41184450,0
165976139,0
180593279,0
214724936,0
60336989,0
34723472,0
43138050,0
156796874,0
95836297,0
74400277,0
111575680,0
77851539,0
33497598,0
124229954,0
176282068,0
126038036,0
56924554,0
73917426,0
109587834,0
97726484,0
44179895,0
181311204,0
33301805,0
101004565,0
65982788,0
205824527,0
62344496,0
111097715,0
116387754,0
44703793,0
122756797,0
99205671,0
199087417,0
56757274,0
119915920,0
91827323,0
196161918,0
77335300,0
122368389,0
111557520,0
115919027,0
154567123,0
77879747,0
69904465,0
92303887,0
65551950,0
159711605,0
94143976,0
78451167,0
144612542,0
75347394,0
41857587,0
115615240,0
97407252,0
211578891,0
123155075,0
126434468,0
84774445,0
132932576,0
141612705,0
136725228,0
147083052,0
31133769,0
118243496,0
116586735,0
63470273,0
178376891,0
86687431,0
124644418,0
130114725,0
75153239,0
76465502,0
87328817,0
139834735,0
39828909,0
110831414,0
33482211,0
126157063,0
161952913,0
40687693,0
61335379,0
89324362,0
160201966,0
88470700,0
75428453,0
98751452,0
92614918,0
79431791,0
43170748,0
63920268,0
214377437,0
135834526,0
60714255,0
77823164,0
34704956,0
109805448,0
72192772,0
56893504,0
139447196,0
190755783,0
137335762,0
82020204,0
79428900,0
151238066,0
62181648,0
37425088,0
142332870,0
72585346,0
42967276,0
82704917,0
191952907,0
87867016,0
122966516,0
152320811,0
39584262,0
163003049,0
74442410,0
194195547,0
93787071,0
164721554,0
37719469,0
148408944,0
33264922,0
34721982,0
58740127,0
129968221,0
174294527,0
43903694,0
38813702,0
71323685,0
107418445,0
65463666,0
87910265,0
166222158,0
31556217,0
37460708,0
129038040,0
116131184,0
59352437,0
31165430,0
72506251,0
65786620,0
93786992,0
117399911,0
159373551,0
118676505,0
76442140,0
103490185,0
38540364,0
93490855,0
120433857,0
179348949,0
82893269,0
40066579,0
178587005,0
129453175,0
40780448,0
180429276,0
119615361,0
122037875,0
81215041,0
132450683,0
87929037,0
44310746,0
120800977,0
162912446,0
118614248,0
194662370,0
40593399,0
163828424,0
129946754,0
69355863,0
148242237,0
81547736,0
176864779,0
95900380,0
147961259,0
169645894,0
74627229,0
136455867,0
99385831,0
80495774,0
135373349,0
192636446,0
161522134,0
114612123,0
35831246,0
35185320,0
88353647,0
39458691,0
77476623,0
135321454,0
145033816,0
45476248,0
138033365,0
41347180,0
82933971,0
107761226,0
40637724,0
83924623,0
84060636,0
109353095,0
109809702,0
154935161,0
89253617,0
57739625,0
192333015,0
195100304,0
62998190,0
77651236,0
55760059,0
115196453,0
110391663,0
92274979,0
164627210,0
128033788,0
105524113,0
32246497,0
185474903,0
179859316,0
200323525,0
86338757,0
135052616,0
154940382,0
136810422,0
162660139,0
151318039,0
199752263,0
78782835,0
36647413,0
63281408,0
31914208,0
196167267,0
153527489,0
106533951,0
88339672,0
41385948,0
114389613,0
131347350,0
120325075,0
157087415,0
37541520,0
127274510,0
82913620,0
97130222,0
120999751,0
35790919,0
147615231,0
139437553,0
132098130,0
72545295,0
75810278,0
40638503,0
192766014,0
76026995,0
40068928,0
42332818,0
57649121,0
151995509,0
78852219,0
114158635,0
98293059,0
78899632,0
67513948,0
138671741,0
32733612,0
185672917,0
62851133,0
74159992,0
124370833,0
118795128,0
78409754,0
82692284,0
94500604,0
85824719,0
37223038,0
136661480,0
55742876,0
145140921,0
85808177,0
77852447,0
76045195,0
135643105,0
148370620,0
64689909,0
74247338,0
128614071,0
96228949,0
59392439,0
36383450,0
82765359,0
72209284,0
126914822,0
90404077,0
36988576,0
139003330,0
200710572,0
201937176,0
103420318,0
31295798,0
59582221,0
132959707,0
154269781,0
126858723,0
133898080,0
156462413,0
56339050,0
127120929,0
150892946,0
35100047,0
143292512,0
213463245,0
69729980,0
148364482,0
161282027,0
135704227,0
79764900,0
100655753,0
121000234,0
111407325,0
139751614,0
45038462,0
142977099,0
140304134,0
107492783,0
84512871,0
75367321,0
151868645,0
41366831,0
185715663,0
194883755,0
175694451,0
75038692,0
141405957,0
116757884,0
138843274,0
204523585,0
76381867,0
175443546,0
41690643,0
113778043,0
102364122,0
75268072,0
129892540,0
167231276,0
144756065,0
121396766,0
145818331,0
95313188,0
85949155,0
112719587,0
32473291,0
75079572,0
185334854,0
70968329,0
82779995,0
80912439,0
142232121,0
140327396,0
43622677,0
37023396,0
67446065,0
34449097,0
134169109,0
214208144,0
129938039,0
101127698,0
87753309,0
127838172,0
31610816,0
85785132,0
77154291,0
118236222,0
128693847,0
133974658,0
115729925,0
64984764,0
38479596,0
80744942,0
115044017,0
41276899,0
34069561,0
126199966,0
159784245,0
78800956,0
144364963,0
79360878,0
58029476,0
42531701,0
86611385,0
125676956,0
89438070,0
75088554,0
165647629,0
90552911,0
43213700,0
124885503,0
131904193,0
80509335,0
56963894,0
164335386,0
58629775,0
139214135,0
127274608,0
121726193,0
89121473,0
97377229,0
66486572,0
41567381,0
115907381,0
110560335,0
81038642,0
205993524,0
36094439,0
43377614,0
41802959,0
117884440,0
63708880,0
107676368,0
71104155,0
71486671,0
72194657,0
76586710,0
38034882,0
153750808,0
57208562,0
60556785,0
62036713,0
163819660,0
77873608,0
112230568,0
124166709,0
109210173,0
195172303,0
141745106,0
41040107,0
206438841,0
65261349,0
41660915,0
151073500,0
151876837,0
114082708,0
165250071,0
208396605,0
36905957,0
86166286,0
41416189,0
150154127,0
103523021,0
103995864,0
111169852,0
179983318,0
102497421,0
90482540,0
101710271,0
108136321,0
72262373,0
31256211,0
37625126,0
57945318,0
97318021,0
44788405,0
61340935,0
42786257,0
123335136,0
150642741,0
69175812,0
113356078,0
116828984,0
56302730,0
111516107,0
43776870,0
78097648,0
90370540,0
78503081,0
42388236,0
136449678,0
43808758,0
108150118,0
192811000,0
32899618,0
76215702,0
37602554,0
129170342,0
125670156,0
71611749,0
39210125,0
92735060,0
134386309,0
40357259,0
116759196,0
195099791,0
113457834,0
122896304,0
38003161,0
129785514,0
108399800,0
179023489,0
131932894,0
139468721,0
39758914,0
103316815,0
108624846,0
75276056,0
112836118,0
83956699,0
58752178,0
121070151,0
77338221,0
176043964,0
62152888,0
69647244,0
32137024,0
57740760,0
61544476,0
198640432,0
65911273,0
132513098,0
200126854,0
113940477,0
66960352,0
185166380,0
87572971,0
152670925,0
31217443,0
42809727,0
77870371,0
95172606,0
61505324,0
212241970,0
176975329,0
76807878,0
204906604,0
37444778,0
41810381,0
138183383,0
177996398,0
164508371,0
38695208,0
34896743,0
80869941,0
85399339,0
122554885,0
38895847,0
74214886,0
73184381,0
144314095,0
34119600,0
121819787,0
32712264,0
161864313,0
36030158,0
141152061,0
116719580,0
98820786,0
83187077,0
37990094,0
75525323,0
167021557,0
62029469,0
124404922,0
163123428,0
162334432,0
43435243,0
88629423,0
41270809,0
96426105,0
60882581,0
112586427,0
149009016,0
115582779,0
147331914,0
122222911,0
77937898,0
126570264,0
120158298,0
33019672,0
31922636,0
37739435,0
64412958,0
60736254,0
137637160,0
31575177,0
42505112,0
144817178,0
85458596,0
110738590,0
212988941,0
41797481,0
129766111,0
143029349,0
100061682,0
39214428,0
160569609,0
75778192,0
129227132,0
143609612,0
81353206,0
163759672,0
162070114,0
135889411,0
83308463,0
152702636,0
177240318,0
57771899,0
151701049,0
132206173,0
120192358,0
42333144,0
37542941,0
101673309,0
141525537,0
76730797,0
159601805,0
120210222,0
93171257,0
35606663,0
71378648,0
119837111,0
92546363,0
38490285,0
98789066,0
67098132,0
125325352,0
78111199,0
33222739,0
55817490,0
115684633,0
143753551,0
62168413,0
38511159,0
99615852,0
123094880,0
86093695,0
73724416,0
120411078,0
84618515,0
118358487,0
70510133,0
74505961,0
80709994,0
104275894,0
105505726,0
94764172,0
164841341,0
140827756,0
107959448,0
96709382,0
91392024,0
196521843,0
210014164,0
96366512,0
35430343,0
86982029,0
79684305,0
148253488,0
91666064,0
44533987,0
115260092,0
178617345,0
179309214,0
38597311,0
92830470,0
82715300,0
39616595,0
100897588,0
117844330,0
67200667,0
105265756,0
106072587,0
86216986,0
43244227,0
65283971,0
44565362,0
173418067,0
72136190,0
71734862,0
37447907,0
76544389,0
82124170,0
156829730,0
148285584,0
60841494,0
94323228,0
56779204,0
132890008,0
38175494,0
63111977,0
33152004,0
160993637,0
141754956,0
194789520,0
133001752,0
164395748,0
176596405,0
163940701,0
90697520,0
33819377,0
95053134,0
163676195,0
124030321,0
159828915,0
87088926,0
43039255,0
42563234,0
126053324,0
99218798,0
72479149,0
90214926,0
84429877,0
192069220,0
33385726,0
40102525,0
133244367,0
121148269,0
206685551,0
64281643,0
114182578,0
34039587,0
160175358,0
65485074,0
149556759,0
35696427,0
127292087,0
95261975,0
98790842,0
83727783,0
138512998,0
135226815,0
180954812,0
79514262,0
72646024,0
90222723,0
163729067,0
178185145,0
73888232,0
82578241,0
146473278,0
35069885,0
35423187,0
34136635,0
45328855,0
86955933,0
75230449,0
45557297,0
62821090,0
96448390,0
92229559,0
64647312,0
160442873,0
156971457,0
58133689,0
115631318,0
79461607,0
93546480,0
81073304,0
119829946,0
144603008,0
117770130,0
76157708,0
67002821,0
98091896,0
66116847,0
145500362,0
131248427,0
112671019,0
105800501,0
42757428,0
67001203,0
67081206,0
116724179,0
183209277,0
130098410,0
76710445,0
159642439,0
138896225,0
98970568,0
108084525,0
108270538,0
39863868,0
129688842,0
175241624,0
162770244,0
77501139,0
159487871,0
68494770,0
63279395,0
36414086,0
99397872,0
177655650,0
59628145,0
77852141,0
34141856,0
81953001,0
113627828,0
160904514,0
136727251,0
82648068,0
115409232,0
128824264,0
81205428,0
194657662,0
112426914,0
66065021,0
150561446,0
65351666,0
35770686,0
85594037,0
36702683,0
102267647,0
112740915,0
185265510,0
101219446,0
38581875,0
31268824,0
91672953,0
75281307,0
164010666,0
125778820,0
98661975,0
101976188,0
135256394,0
43675598,0
104269094,0
92759270,0
101599100,0
113511919,0
39761806,0
64867996,0
37045977,0
36754222,0
97223657,0
36220720,0
84349924,0
36017397,0
154386213,0
109360862,0
94747384,0
147218275,0
128541974,0
193113740,0
85397720,0
109179498,0
72104390,0
83684199,0
79112352,0
72299048,0
105817892,0
166414379,0
129031812,0
86833501,0
165559266,0
85983718,0
80834025,0
117334742,0
175466927,0
31560797,0
56592215,0
99660127,0
157723965,0
62909008,0
80502870,0
118169938,0
212346697,0
129976235,0
122861168,0
122306131,0
114648769,0
151166206,0
109127417,0
196399390,0
103418009,0
192224084,0
132631879,0
70234189,0
57957625,0
159343232,0
108145134,0
79555398,0
152056424,0
103857630,0
41218027,0
57936830,0
122792851,0
42498479,0
71544260,0
105701361,0
210451081,0
38086855,0
83266083,0
89967268,0
92602798,0
175365646,0
32086205,0
154287961,0
90759708,0
119104017,0
204963128,0
111759403,0
184923499,0
66156305,0
43203258,0
72988055,0
83159373,0
193445033,0
184556675,0
43863465,0
57603000,0
32779288,0
67823005,0
36324114,0
36006382,0
79767614,0
86291265,0
194259236,0
89148486,0
73517688,0
101052748,0
65059644,0
37830729,0
41468754,0
131427244,0
78044599,0
92413982,0
102695603,0
65861777,0
32523517,0
44741653,0
150362958,0
74030660,0
128421861,0
113115516,0
41788046,0
62407020,0
85675490,0
204061865,0
60273409,0
116034481,0
146664511,0
42021748,0
55771893,0
129506787,0
132121798,0
102664948,0
68453406,0
64909991,0
147508451,0
32985948,0
96846520,0
40853838,0
150017176,0
108967776,0
73291210,0
72881769,0
90727464,0
143125034,0
177037014,0
203651388,0
138916961,0
37545044,0
132570796,0
31575729,0
69045800,0
174121602,0
58207257,0
192444384,0
56258859,0
36602654,0
174752042,0
45185667,0
87816760,0
38667938,0
83605973,0
75635320,0
95932447,0
41355412,0
123315051,0
150899845,0
165983393,0
56415371,0
76997562,0
59568216,0
111984963,0
113989805,0
108838514,0
59610892,0
109485782,0
140454862,0
195339395,0
113417467,0
118182680,0
65928702,0
39604129,0
75880836,0
84820743,0
75616084,0
44044513,0
76749055,0
69943973,0
77986644,0
146624717,0
96262348,0
92230832,0
72492670,0
43684460,0
133075873,0
146405740,0
113257688,0
99938559,0
206181984,0
192127747,0
34565282,0
37277745,0
96180174,0
34050335,0
161782060,0
145195658,0
41497011,0
86952933,0
77771003,0
114985757,0
76587381,0
78803236,0
144360738,0
130838552,0
71503479,0
206437390,0
83703790,0
159401541,0
75436911,0
136299453,0
85368042,0
78407850,0
146605047,0
40147668,0
138973770,0
64990616,0
157143504,0
97384404,0
77481498,0
103637509,0
150208578,0
95729696,0
153897066,0
94707461,0
133496466,0
100800382,0
105734839,0
88855743,0
164189365,0
131039882,0
62538079,0
196644719,0
166238384,0
32511832,0
178831397,0
113990970,0
71029393,0
98972739,0
166931980,0
37159586,0
97279559,0
113097435,0
78522801,0
106684561,0
136188312,0
129072327,0
115931492,0
178165435,0
84018729,0
33554940,0
106096027,0
165252075,0
124792067,0
141792184,0
118853408,0
173103522,0
87818517,0
97001325,0
78161366,0
101134508,0
41122321,0
60931860,0
144091841,0
39045450,0
176138821,0
143707075,0
66523909,0
117182968,0
126924464,0
123096420,0
79899690,0
37310897,0
127976485,0
77306224,0
68231133,0
40813857,0
32403967,0
161324851,0
43233400,0
101182859,0
78093651,0
145584599,0
147699645,0
123441609,0
156550558,0
43439280,0
213828420,0
95359161,0
92609548,0
43894880,0
119789678,0
116231686,0
65027460,0
61136556,0
115480461,0
113907740,0
153160389,0
117283026,0
74261313,0
87535141,0
147539323,0
34558482,0
44573722,0
196464184,0
35740643,0
175814377,0
76464761,0
37955155,0
75136510,0
83472713,0
126694078,0
87211418,0
76562480,0
117918826,0
34123972,0
159228567,0
90059894,0
164961208,0
129224566,0
175375565,0
76764689,0
101091348,0
84910320,0
96196153,0
194406135,0
88108368,0
116244428,0
44815438,0
61031059,0
149437426,0
137899197,0
63232149,0
67150293,0
128454065,0
160106192,0
111175359,0
37297060,0
31968767,0
117609137,0
194261743,0
132699012,0
83231007,0
110575959,0
56855931,0
38086628,0
198944554,0
116301207,0
103353185,0
196356260,0
117220225,0
103164873,0
160558910,0
156388331,0
65925416,0
36881708,0
41028343,0
186214324,0
44217735,0
41514391,0
101896737,0
105545115,0
78208661,0
145933766,0
68809403,0
106861257,0
94439334,0
57537437,0
115550249,0
78294477,0
90111976,0
92531776,0
77132953,0
152831119,0
106869054,0
73774228,0
123690797,0
174252453,0
57224856,0
122089937,0
195950748,0
132738836,0
63546496,0
40889241,0
125391202,0
64627267,0
188091947,0
40496568,0
164358609,0
108282973,0
34214417,0
121159421,0
173397953,0
116391514,0
107129009,0
83954113,0
59273974,0
77218868,0
145024272,0
97200217,0
212507305,0
165504618,0
213854387,0
112457451,0
86484877,0
166480969,0
133896668,0
59543690,0
115511550,0
138575364,0
92426783,0
76704237,0
124565422,0
109055418,0
71974516,0
108182382,0
101861088,0
31959647,0
131790702,0
83550792,0
78750838,0
142018494,0
212738500,0
85407353,0
182123926,0
160593928,0
97881832,0
154156271,0
139179186,0
146902793,0
99787258,0
161709341,0
92026028,0
98840368,0
115536698,0
150346969,0
86697083,0
33960413,0
172141947,0
75118883,0
84155621,0
91164767,0
108606242,0
82455483,0
184902743,0
66281146,0
76955300,0
84690889,0
192338009,0
109888403,0
74894014,0
94612772,0
96121025,0
32408556,0
88846130,0
127990036,0
41936415,0
117996874,0
152336425,0
110531674,0
125450587,0
34024882,0
150716142,0
212391564,0
99192446,0
113559254,0
80364814,0
142048458,0
64182996,0
115320583,0
139911580,0
92111489,0
56482228,0
63220552,0
212282939,0
94379435,0
113484610,0
149796610,0
41818622,0
173415886,0
72111842,0
64544875,0
81403995,0
167101806,0
130193504,0
63969053,0
66569338,0
193973116,0
108290514,0
127120060,0
103919365,0
34034159,0
61744563,0
74715650,0
177789620,0
43525945,0
61090622,0
62112669,0
98219560,0
42131389,0
150700982,0
79707420,0
125285982,0
75338807,0
199749825,0
101838013,0
204621422,0
64693206,0
145670316,0
115145516,0
42725925,0
123453571,0
89441889,0
108393967,0
32590315,0
193533662,0
42482945,0
108231562,0
44243751,0
56486719,0
116134381,0
37310127,0
41358096,0
158804401,0
79193115,0
106731422,0
164105434,0
81233122,0
124628794,0
116174561,0
194038068,0
126778019,0
191858247,0
141016907,0
65348370,0
32792671,0
76554219,0
40562833,0
121407385,0
192375217,0
61831968,0
40847828,0
86338126,0
88096169,0
92770936,0
142737889,0
42645379,0
56056216,0
42047695,0
125428222,0
78665762,0
41248573,0
38812360,0
73440567,0
183339062,0
78433560,0
42270057,0
73221047,0
132823576,0
92561335,0
132966754,0
214445823,0
103841049,0
35151122,0
109138727,0
144519609,0
91302043,0
76686373,0
59571079,0
45530057,0
42630485,0
64984862,0
133602979,0
96279837,0
96162507,0
124952961,0
147861566,0
58439390,0
65466252,0
32829130,0
87150434,0
93710720,0
130412866,0
88723589,0
138204987,0
165322040,0
85137893,0
123735566,0
92686531,0
32612709,0
110014576,0
113662194,0
92356225,0
61787949,0
194865911,0
42081745,0
131262718,0
93966293,0
123731598,0
33526141,0
37993380,0
115485287,0
83387213,0
84180334,0
75400078,0
115875689,0
193926690,0
163122540,0
64696068,0
77222411,0
126463524,0
97908786,0
73782163,0
146055419,0
170821423,0
131710304,0
97828467,0
78628879,0
67391210,0
72501908,0
62094766,0
63987746,0
42507007,0
60182333,0
75486476,0
95252115,0
90022291,0
175399933,0
113653578,0
132796987,0
107318930,0
61070340,0
80713359,0
57942683,0
96003340,0
35296659,0
185649191,0
207072795,0
97591952,0
35096809,0
73444574,0
73747018,0
40484281,0
127521891,0
90889582,0
38676870,0
62226180,0
113105923,0
198933115,0
194628951,0
41832034,0
78480174,0
84509485,0
77706999,0
83423799,0
157663968,0
137875935,0
126246965,0
64019477,0
59479597,0
164096996,0
78458214,0
62238734,0
132748379,0
166250938,0
64609472,0
91544707,0
72396639,0
185070111,0
84189829,0
36325417,0
196207861,0
84098979,0
37054662,0
147404169,0
42656877,0
107408664,0
87164597,0
42896373,0
38117086,0
127548865,0
42094921,0
56773342,0
98671568,0
194784338,0
214649009,0
111912639,0
37007634,0
108341026,0
113321781,0
42233471,0
117788182,0
99674221,0
102953071,0
37516007,0
142822087,0
151038621,0
96959271,0
73917663,0
66893308,0
145879434,0
82540638,0
166572026,0
176170403,0
84072854,0
58918155,0
66054767,0
88290965,0
41962599,0
83539521,0
66052911,0
61817420,0
126585049,0
40017991,0
36540614,0
31194309,0
74060289,0
178035265,0
98330573,0
40722977,0
83622001,0
69873573,0
78227532,0
151293780,0
142670737,0
88244242,0
88931433,0
38015755,0
32756124,0
112283775,0
41527932,0
44195716,0
183546156,0
58821186,0
99304821,0
44818883,0
132840828,0
62701569,0
98595493,0
206407662,0
44538783,0
192282976,0
36781798,0
60018310,0
62986554,0
81988275,0
86606263,0
71244678,0
85033117,0
91938573,0
65361259,0
38702136,0
156003012,0
59502396,0
138247456,0
80331228,0
36238535,0
76988729,0
77961220,0
73714655,0
78478782,0
56404969,0
131878936,0
35492896,0
142395710,0
76364911,0
132219438,0
96763389,0
91823810,0
164626322,0
146791740,0
36099808,0
124434452,0
39325629,0
120460091,0
154391563,0
92553667,0
85008799,0
145862971,0
60027824,0
136385121,0
32282028,0
94615427,0
63338356,0
83027377,0
61487687,0
155155312,0
113271081,0
163759939,0
134653785,0
86380585,0
110177839,0
122384930,0
35703099,0
96974746,0
93730469,0
59388560,0
92550222,0
60087940,0
126195416,0
60236448,0
57574941,0
160564516,0
128170808,0
58870169,0
76870787,0
64185809,0
40724458,0
42327577,0
61430778,0
97485409,0
130077507,0
90616836,0
118260965,0
159447563,0
62235309,0
114051856,0
32921095,0
135634340,0
171793619,0
78236928,0
45114359,0
143156390,0
151654346,0
133561082,0
80129918,0
89433688,0
36017564,0
117118746,0
78285348,0
150881892,0
56083131,0
178287680,0
65583237,0
66952486,0
179766838,0
111293834,0
94511579,0
143567400,0
98887387,0
81882868,0
40433571,0
82623424,0
44102251,0
144023859,0
207099236,0
58751418,0
195268442,0
157347775,0
32356010,0
98071141,0
63534771,0
182353621,0
137885044,0
161793509,0
191731828,0
88957923,0
126609723,0
66191263,0
63470559,0
124681301,0
60932482,0
91920354,0
42545834,0
164037077,0
105144488,0
130090515,0
97529388,0
73377677,0
75003695,0
75675084,0
31188565,0
94708438,0
117248097,0
169550426,0
144509819,0
119489484,0
108350343,0
59459137,0
101780483,0
40732087,0
101273018,0
77518648,0
156890852,0
117748239,0
64015707,0
111976219,0
140338549,0
65793568,0
167071349,0
175683398,0
112623892,0
67158070,0
156688012,0
41336195,0
82591397,0
85022695,0
93710286,0
83312263,0
73801409,0
43067867,0
32800537,0
177631736,0
111346222,0
84205798,0
80366058,0
85894497,0
162600438,0
100999284,0
83659565,0
145078505,0
37481335,0
40344892,0
132190174,0
76551318,0
124439002,0
70945570,0
40578417,0
151630146,0
84956904,0
93372755,0
40177119,0
163250628,0
152986160,0
80339528,0
43498715,0
151469696,0
180778956,0
162507930,0
164957388,0
93317643,0
116171787,0
79673152,0
119065535,0
136450853,0
87646845,0
196354661,0
124820590,0
83067211,0
65345004,0
61907688,0
38494480,0
118257491,0
116431259,0
87829344,0
120593163,0
110497584,0
73998515,0
112260019,0
108736018,0
45197905,0
57172676,0
143797648,0
120490410,0
173530985,0
196360366,0
94486974,0
205628724,0
147723500,0
143693001,0
127589853,0
42262418,0
128533022,0
183946437,0
43670564,0
115056048,0
120492769,0
128700480,0
63902048,0
33508948,0
143704578,0
99291014,0
63996323,0
76343405,0
184753189,0
91226629,0
95919024,0
146667324,0
42469502,0
165934982,0
151427553,0
84865976,0
113032424,0
110924277,0
140920165,0
75862725,0
151183981,0
116229811,0
57643545,0
72153008,0
177502375,0
146660939,0
161087684,0
35564461,0
125250954,0
78003985,0
66193583,0
34694406,0
58531266,0
122984745,0
160567428,0
42872607,0
114703121,0
91708158,0
37370095,0
196432631,0
32464754,0
34606458,0
59185167,0
127020426,0
37634196,0
73355570,0
146111735,0
36729479,0
196585373,0
194851304,0
139773554,0
196463543,0
65310056,0
39390926,0
133612878,0
86243022,0
74694026,0
123376934,0
156174960,0
117792850,0
39523801,0
32831153,0
120120961,0
42411736,0
115636687,0
104918781,0
194840398,0
34818417,0
45452926,0
113746046,0
112993913,0
119063660,0
73752476,0
36577487,0
64245550,0
74840373,0
155252567,0
126382978,0
76819593,0
162532959,0
108214518,0
33144661,0
117061512,0
38074390,0
109052161,0
74523904,0
81607161,0
35141973,0
110563404,0
97572587,0
40344902,0
194772751,0
73536993,0
170451560,0
34552659,0
102511851,0
117989077,0
112209497,0
76438715,0
36113319,0
75425403,0
159365024,0
94539362,0
98915683,0
166248441,0
76563783,0
62285229,0
42753431,0
39135669,0
45060658,0
35817044,0
113167401,0
208297366,0
184474195,0
161460657,0
83663127,0
125694524,0
36087076,0
96410708,0
34029737,0
41822846,0
34952763,0
56367484,0
145940240,0
41542065,0
163008980,0
114029234,0
148803195,0
44634864,0
112705355,0
80454332,0
157532909,0
141305119,0
176821679,0
66973311,0
104248476,0
115869965,0
138853549,0
60838405,0
70680098,0
169359084,0
128828074,0
75135168,0
89108218,0
61620117,0
75837272,0
40469960,0
60522222,0
81777194,0
33922248,0
81490837,0
140847643,0
80352665,0
196336590,0
37021866,0
67290372,0
99888164,0
97808747,0
133939729,0
39303679,0
121951496,0
42783198,0
146090920,0
129377910,0
137945989,0
109834623,0
83352304,0
133466679,0
105621990,0
88553773,0
127307227,0
105747620,0
109642985,0
83849989,0
82744623,0
140436051,0
164740691,0
106533448,0
81888661,0
173703229,0
139718935,0
128167442,0
98497034,0
131696892,0
136901094,0
43511506,0
184980851,0
75590749,0
75329096,0
157269055,0
37424812,0
148565585,0
209906023,0
83124869,0
109601839,0
114192487,0
62042753,0
198753449,0
89499488,0
80475630,0
115918208,0
99036506,0
79726557,0
84306813,0
122934884,0
192819280,0
158627824,0
60476003,0
109145794,0
43089728,0
32913209,0
80259318,0
105559565,0
152327404,0
137737524,0
44081110,0
64432391,0
32612107,0
32646118,0
38073127,0
44178128,0
33792600,0
136497279,0
152318827,0
64404046,0
150795049,0
162592108,0
39822060,0
104809485,0
33741377,0
194595168,0
165871383,0
92080982,0
44472973,0
31814603,0
42865787,0
161744418,0
109544763,0
34553725,0
70640047,0
113878831,0
41695627,0
31677653,0
87374059,0
132314541,0
109589028,0
35636716,0
85961581,0
138028400,0
64761464,0
206873083,0
212992317,0
158333749,0
93039853,0
149236718,0
59327210,0
117686633,0
139636702,0
113360085,0
198930372,0
36490417,0
140015616,0
128707833,0
117126356,0
94567658,0
37561713,0
150534630,0
144659126,0
129571275,0
31902542,0
103105636,0
194109080,0
60444025,0
61704087,0
144115094,0
155320105,0
104809297,0
144062291,0
37380379,0
82899408,0
181138160,0
83781967,0
65952212,0
108970875,0
83209787,0
179068168,0
65977389,0
145398962,0
34484440,0
153095743,0
136786558,0
104019748,0
56874012,0
81982008,0
161795710,0
65591517,0
125806041,0
78306765,0
122045050,0
177204609,0
35208366,0
36729350,0
140409541,0
127765878,0
93279537,0
140828072,0
196633271,0
118658454,0
102813683,0
71995469,0
106716450,0
71638979,0
83338092,0
166070492,0
126238734,0
132364343,0
112801090,0
107912715,0
213792367,0
78222498,0
99005644,0
88049377,0
143032793,0
93956937,0
130963541,0
156139795,0
196072677,0
131878581,0
35173319,0
34556004,0
61568548,0
84374598,0
179634634,0
102517170,0
185806502,0
128682221,0
162240819,0
103384787,0
41515171,0
86853507,0
90708929,0
34821793,0
61918110,0
31714920,0
129258932,0
84582787,0
103534875,0
78179112,0
147979064,0
84026566,0
34826175,0
153157171,0
141450903,0
210531558,0
137236236,0
40393155,0
96999006,0
34303570,0
129215722,0
140692197,0
72003789,0
87244363,0
32782693,0
76086114,0
66578024,0
35657492,0
43566884,0
176186037,0
121248623,0
64911442,0
71898451,0
138400860,0
65114746,0
107826247,0
40231510,0
86437710,0
130670265,0
153585265,0
139163474,0
60988097,0
56161180,0
40165591,0
121931580,0
58283283,0
115060805,0
70482972,0
145354854,0
176522738,0
84372505,0
41196876,0
42420273,0
73412478,0
87721578,0
164428664,0
147618468,0
86198866,0
44417160,0
89716629,0
31798003,0
62194844,0
36301661,0
85807477,0
154495035,0
84176337,0
43775320,0
78799051,0
86445744,0
32223472,0
91607231,0
124639947,0
116663994,0
139393732,0
102845611,0
33449829,0
118564969,0
200524332,0
178831712,0
182233952,0
45503892,0
139363610,0
54406907,0
64973177,0
94863263,0
164200814,0
87355011,0
191824345,0
32387169,0
123517033,0
156714561,0
85219880,0
44869020,0
80228742,0
35426809,0
113372392,0
42852226,0
162382181,0
194976618,0
60366381,0
157107944,0
138917129,0
117455971,0
202897686,0
99133919,0
41268391,0
195316675,0
84903154,0
172299495,0
157341232,0
147205484,0
164333570,0
194524166,0
140996269,0
95738272,0
32264292,0
178125315,0
41490852,0
67075590,0
135189488,0
66642798,0
149616638,0
89366387,0
145562945,0
153791619,0
39848224,0
196657451,0
149073050,0
42315181,0
83430195,0
77305198,0
41127078,0
42034194,0
91885958,0
55929560,0
37329896,0
87954046,0
115088292,0
178822238,0
150970965,0
84532255,0
75819477,0
111693810,0
61027990,0
73283916,0
100984835,0
150332135,0
154022795,0
36782380,0
98438902,0
43813427,0
179625426,0
111512268,0
107325434,0
193725320,0
59516213,0
31873140,0
147965098,0
96009499,0
145343425,0
151437254,0
130051836,0
63282296,0
78672700,0
69292954,0
89665791,0
120459173,0
86871341,0
88535238,0
144703510,0
85295757,0
39357439,0
101873238,0
131796219,0
134248470,0
57073190,0
58859135,0
194497666,0
57572148,0
88932657,0
83896830,0
38187446,0
107246132,0
121536657,0
38176718,0
109048213,0
162765063,0
67090710,0
32719853,0
129591281,0
113247897,0
92203059,0
106437219,0
136805695,0
127574970,0
203976522,0
133434643,0
91741843,0
175604539,0
105141922,0
160220107,0
56402264,0
133944042,0
151725082,0
60064726,0
34837791,0
101001406,0
166170195,0
108259829,0
37626616,0
172276015,0
98266223,0
80512276,0
175393883,0
89283058,0
84320631,0
79544571,0
68833337,0
35379100,0
137048270,0
176962656,0
90820920,0
98777962,0
31981489,0
161795167,0
33271377,0
87123825,0
64051020,0
112060041,0
184719514,0
67010500,0
120812584,0
65549226,0
196231972,0
123276747,0
87179796,0
73480864,0
124465561,0
128344039,0
64437573,0
110520600,0
38217855,0
133755859,0
44748789,0
147016530,0
42037687,0
37428612,0
108914855,0
145087882,0
83550278,0
145523151,0
38003516,0
73187273,0
75214628,0
149361529,0
154867751,0
32395045,0
111675393,0
160698772,0
90642615,0
123174202,0
88552885,0
75902154,0
151257203,0
56332516,0
68799523,0
179365105,0
56263557,0
61929105,0
67663700,0
31856549,0
60182323,0
109596696,0
91508673,0
31632578,0
134714049,0
33983617,0
121744491,0
85497344,0
141954322,0
56032322,0
85969851,0
127979703,0
137004281,0
166107493,0
86987190,0
39777291,0
207303694,0
139085514,0
36981400,0
140201401,0
154926762,0
126764517,0
139044437,0
151465383,0
116874572,0
141589038,0
65030470,0
74229059,0
89305511,0
103294273,0
31176958,0
88385970,0
209870196,0
149413354,0
45314505,0
194805588,0
84305017,0
134170303,0
110172479,0
83400566,0
179289998,0
80264470,0
121105089,0
98566595,0
80263927,0
164408737,0
85426697,0
87007492,0
119297017,0
99319004,0
210499294,0
59406957,0
32266552,0
43601408,0
95297259,0
134381414,0
140571284,0
93799773,0
41808900,0
194679395,0
106258668,0
71837881,0
136101804,0
83946030,0
108104787,0
213156764,0
38356335,0
78799041,0
192121796,0
150012942,0
35555746,0
100048842,0
73422969,0
66401861,0
58442183,0
163531003,0
107789236,0
121644631,0
83306104,0
179084670,0
153916815,0
97170095,0
195983120,0
136272470,0
101273245,0
110766037,0
103683886,0
125026135,0
94545629,0
148806117,0
94925708,0
126846869,0
104865820,0
157263568,0
78090394,0
103069384,0
112470834,0
82379901,0
129916326,0
39179105,0
40347261,0
73220840,0
145741289,0
86870472,0
176141683,0
31557796,0
41540299,0
96663311,0
145402801,0
37159843,0
115622297,0
88051203,0
111008780,0
146743014,0
61208268,0
104657502,0
134658928,0
101681629,0
145667425,0
140840932,0
84401739,0
86880480,0
102534886,0
88168315,0
84739951,0
94824426,0
83179339,0
176018747,0
66299740,0
104177958,0
72795016,0
174185744,0
144108185,0
131084779,0
108880035,0
75021381,0
62216488,0
184562794,0
158517264,0
173103878,0
80197544,0
63654035,0
66936034,0
92867027,0
82415580,0
79851467,0
96372463,0
119575814,0
104670738,0
126904251,0
80330675,0
142250509,0
96462780,0
185418558,0
77824921,0
45141658,0
41481555,0
78188024,0
93023894,0
194111616,0
102932967,0
96823070,0
82200274,0
102179235,0
77454979,0
37610134,0
214062537,0
171289805,0
111846966,0
145564347,0
64727858,0
78934107,0
123219464,0
34076026,0
45378104,0
59045552,0
139426479,0
179072462,0
108425332,0
92718519,0
179265087,0
107123236,0
113317340,0
129254707,0
87977921,0
112881587,0
105544109,0
161980656,0
150268674,0
43518493,0
139595378,0
106314125,0
129377258,0
67721072,0
130540569,0
38809261,0
90575887,0
56132163,0
44474868,0
103695384,0
89171186,0
141362965,0
127240519,0
85266139,0
187926809,0
66098006,0
93764381,0
120540232,0
67092437,0
34192260,0
155629270,0
38174971,0
141641968,0
185872895,0
79179603,0
134667662,0
206348228,0
63516601,0
113077972,0
156533543,0
135426210,0
113200454,0
84068669,0
166458723,0
101418022,0
59957829,0
137259470,0
98487687,0
84775787,0
59931655,0
207115481,0
195961614,0
136910451,0
101960495,0
72393076,0
62594839,0
38716812,0
192729072,0
110507118,0
38393533,0
166145027,0
89516099,0
38168655,0
45241864,0
63648607,0
85854446,0
175455222,0
67305937,0
43012183,0
113220973,0
116500287,0
190101251,0
72253441,0
146010482,0
144995216,0
123608692,0
62641917,0
154439351,0
132072193,0
105723597,0
91885041,0
139904247,0
137697907,0
73482157,0
35160014,0
78114801,0
144742830,0
33166226,0
64647549,0
136189180,0
94054212,0
185448177,0
176145246,0
86598456,0
118515690,0
136022660,0
68327115,0
193808787,0
116773428,0
180621851,0
62880228,0
115778839,0
194405869,0
95590495,0
161429212,0
40880111,0
119701286,0
99273969,0
87551830,0
83135044,0
69179809,0
80679901,0
102889620,0
45376614,0
131570442,0
107047615,0
103116087,0
88544022,0
111379325,0
79102798,0
42883364,0
51823420,0
113125297,0
93742026,0
210583245,0
119186961,0
43045907,0
121007627,0
68503090,0
84933000,0
93950255,0
131423553,0
131031888,0
42554756,0
86630720,0
135711580,0
77191253,0
71385192,0
63124876,0
33273055,0
76678172,0
91315703,0
98829215,0
135081406,0
76748355,0
58452576,0
36343597,0
59363955,0
82649233,0
145290810,0
66354487,0
95826329,0
80036305,0
32239875,0
32466313,0
91725370,0
40123695,0
63929279,0
35504513,0
67664914,0
74516738,0
137411777,0
158766452,0
37514310,0
121969775,0
92593382,0
33002331,0
111023437,0
77599243,0
152256905,0
97387029,0
123191158,0
128073592,0
73919963,0
58515347,0
106333351,0
40219479,0
109248596,0
102687391,0
57226485,0
43396761,0
131184501,0
150733611,0
132475120,0
96077056,0
43918676,0
89205739,0
76400688,0
77427699,0
199077774,0
107708385,0
87006890,0
67360772,0
62459379,0
84106036,0
162191974,0
87586670,0
76145726,0
194523564,0
106785833,0
65061105,0
116670252,0
56029697,0
71101816,0
116720251,0
74160465,0
143840176,0
155184042,0
76588043,0
97674728,0
196595421,0
102801336,0
85027807,0
97109476,0
106166506,0
80843855,0
111870594,0
94265579,0
109093189,0
40207685,0
39183615,0
164088991,0
75858126,0
63112431,0
96221014,0
109010373,0
115864231,0
61526731,0
207374844,0
40719385,0
162161398,0
155345144,0
79785202,0
61899634,0
78701194,0
35354199,0
151090348,0
83863934,0
176791034,0
33741713,0
86888899,0
122718769,0
98949802,0
198848858,0
87846517,0
196332721,0
183871211,0
117997526,0
99326238,0
131739607,0
80092838,0
153011881,0
67227661,0
137055080,0
43404785,0
74683791,0
121707421,0
176113653,0
81224240,0
90611546,0
31910842,0
36733002,0
59608188,0
112811217,0
143544927,0
166342627,0
72651206,0
160483309,0
33546117,0
110848646,0
68182170,0
39683165,0
108505069,0
66673137,0
72645047,0
158103294,0
195172934,0
39163501,0
173752370,0
91426667,0
32955332,0
102552730,0
44761136,0
145365839,0
38772447,0
44182135,0
73830909,0
99491002,0
133537662,0
34105210,0
60375382,0
136989753,0
147032717,0
102824362,0
58221677,0
97083608,0
105073447,0
77450251,0
150205863,0
88604641,0
87610791,0
84709572,0
130365897,0
130785118,0
44567948,0
110074287,0
163189683,0
174171068,0
127247674,0
122463285,0
194962475,0
102968942,0
121562733,0
145959150,0
103676306,0
130134158,0
126887177,0
142549479,0
163584842,0
33571107,0
37283766,0
61273546,0
101969259,0
213130008,0
84153499,0
96099914,0
142442482,0
44676474,0
75268289,0
121147973,0
160376629,0
103133103,0
71017747,0
138717121,0
91650865,0
132920841,0
208304314,0
125169353,0
37353968,0
38723228,0
43727709,0
41072795,0
36435374,0
194087682,0
176414597,0
80709056,0
80514220,0
68387448,0
123657448,0
34034909,0
85010486,0
131353824,0
193668540,0
38151551,0
154708406,0
74142187,0
40740723,0
156006378,0
76274495,0
110043661,0
133503740,0
32002975,0
43464378,0
96335650,0
40119096,0
125177505,0
132445037,0
41267967,0
64113001,0
31540071,0
42747904,0
173960352,0
36002553,0
43149646,0
120538248,0
139558890,0
183240070,0
80708109,0
62822343,0
78655123,0
32750765,0
178210717,0
144605949,0
82783479,0
196060419,0
100629836,0
175815917,0
31708308,0
94436590,0
35577479,0
33996289,0
114754966,0
43013821,0
85034361,0
150899598,0
96729032,0
31417816,0
36065245,0
77377996,0
181147506,0
64127519,0
32022645,0
82697170,0
158034631,0
78233088,0
67393806,0
75441974,0
92471868,0
116796948,0
177092895,0
94700779,0
139408428,0
59458358,0
80761799,0
111110013,0
74879703,0
60532447,0
119060137,0
174949119,0
80059972,0
91436437,0
57177956,0
151275334,0
125707996,0
135156444,0
111711822,0
121124246,0
180708506,0
95853855,0
84885962,0
32055540,0
75103319,0
159302993,0
42876633,0
115222144,0
90156705,0
43475728,0
77975600,0
210554801,0
129005421,0
117602485,0
66248527,0
61953897,0
208585045,0
91911787,0
86352831,0
108421059,0
123641449,0
108606262,0
148124245,0
33536346,0
116712306,0
60081623,0
128137745,0
60882127,0
195362875,0
93725120,0
95568870,0
113409482,0
113593866,0
161862784,0
102776899,0
148358422,0
162061340,0
66207785,0
111744125,0
125067745,0
59529251,0
120389938,0
76394746,0
61537390,0
72478251,0
83562606,0
67591790,0
117073839,0
138881193,0
35592076,0
63334704,0
98461434,0
99142476,0
173552649,0
157686342,0
60645878,0
126042250,0
154939829,0
84614735,0
140238284,0
104490371,0
126685511,0
139876750,0
99810797,0
40214870,0
143067445,0
139070828,0
76582575,0
137668762,0
117944190,0
90379906,0
121229338,0
67189219,0
75840835,0
97381571,0
40377057,0
33709143,0
116324026,0
143150133,0
81535300,0
111073939,0
99250035,0
137164435,0
41347555,0
113185235,0
32983382,0
128761938,0
132375535,0
78552686,0
59868894,0
39210855,0
114816819,0
178898214,0
136408206,0
177136687,0
81260274,0
38723573,0
43697123,0
32761296,0
36931924,0
153767063,0
43440099,0
35641059,0
111632638,0
152217308,0
155536298,0
75227291,0
149953794,0
111369001,0
80811621,0
86187022,0
34403391,0
97754928,0
131951073,0
43593630,0
87537135,0
126002614,0
77774941,0
68124107,0
184612478,0
84162954,0
82154529,0
76229144,0
41661586,0
75890153,0
101816409,0
167287523,0
61149129,0
61422814,0
131153501,0
180458391,0
65355269,0
89101358,0
44652817,0
98365136,0
76316342,0
74444039,0
38309227,0
41984757,0
75366768,0
86953308,0
65470970,0
119349119,0
40789597,0
122860517,0
83588276,0
39035206,0
116538611,0
57583686,0
90645951,0
165568218,0
115152533,0
179503862,0
134053457,0
33512777,0
73625681,0
109253402,0
65904068,0
78318303,0
84598717,0
58533566,0
130424453,0
214117985,0
40416200,0
34590657,0
87018595,0
83202247,0
153001932,0
124557072,0
107262910,0
103835355,0
86990023,0
63932022,0
107028774,0
82529653,0
146132155,0
129057503,0
58725105,0
33766387,0
72704926,0
175659987,0
160044378,0
41153400,0
132834936,0
108707455,0
95907812,0
92871498,0
212387853,0
56127337,0
126590329,0
36437447,0
80785279,0
87322214,0
137038430,0
61656861,0
58134933,0
85479026,0
83440074,0
149725095,0
58268646,0
96571701,0
122620764,0
63472957,0
41626026,0
122594146,0
76949418,0
79206458,0
109018328,0
35195298,0
78870596,0
192492981,0
97445694,0
97082423,0
72498217,0
39243968,0
109240927,0
75437809,0
136462923,0
61913649,0
102919199,0
207398521,0
129674481,0
91571700,0
151054314,0
150675469,0
63753076,0
155603392,0
34389415,0
76830588,0
38492743,0
127719944,0
133996924,0
34986487,0
57725423,0
125011992,0
94102968,0
196434299,0
162388093,0
120756603,0
65295242,0
41040926,0
70811827,0
33207313,0
93033744,0
81459136,0
213215400,0
157276704,0
154876752,0
56171513,0
92776374,0
113232313,0
162800485,0
65119740,0
73594483,0
41257308,0
133766636,0
64674819,0
112830166,0
69349004,0
109876618,0
152478971,0
98331244,0
205989458,0
85406386,0
31871778,0
91720879,0
98144847,0
43424219,0
84778590,0
71543639,0
35196739,0
91698702,0
67427017,0
102616429,0
84214809,0
165455803,0
34727844,0
141147501,0
112223620,0
208501440,0
141027882,0
72179113,0
140208813,0
73212608,0
91834804,0
122468832,0
33063631,0
117295284,0
91432371,0
157468342,0
205106947,0
178520238,0
56413239,0
62128115,0
195841560,0
84633221,0
31701991,0
126209629,0
122400257,0
93329743,0
72920695,0
64113376,0
43506127,0
45686480,0
59679901,0
96217007,0
44278393,0
71904126,0
44227812,0
97637914,0
141182035,0
151269086,0
114060373,0
80310867,0
80262052,0
126675138,0
102506896,0
140858884,0
64005057,0
94033259,0
178224317,0
140200444,0
157676631,0
41529669,0
74982564,0
39743893,0
136499619,0
139717208,0
36788114,0
139905964,0
85235168,0
35703583,0
114979164,0
101738153,0
114523050,0
57589203,0
72194499,0
61717125,0
33547134,0
131647040,0
83327156,0
139538805,0
116791006,0
90635756,0
92876265,0
145005303,0
152803227,0
123557567,0
178651592,0
164358629,0
76693568,0
123737480,0
64770978,0
79846522,0
94791718,0
94622642,0
126392818,0
156779434,0
196375417,0
64109922,0
75557745,0
212352105,0
112078221,0
71763336,0
160449654,0
193623012,0
68755100,0
122046985,0
87715656,0
104179685,0
34038936,0
31502961,0
131616365,0
58062973,0
38446800,0
37217629,0
192211115,0
99738709,0
120162118,0
66504643,0
32800024,0
76987456,0
38710683,0
123728736,0
86530050,0
78213014,0
146007294,0
71781407,0
78233236,0
180617617,0
59694912,0
177101956,0
130014114,0
79527882,0
43313482,0
90588086,0
84788262,0
174521646,0
80702977,0
32652908,0
37269159,0
116475435,0
164898407,0
44877478,0
132006422,0
81010810,0
177999320,0
71997176,0
73232940,0
88439838,0
151336723,0
192358360,0
80579024,0
94750137,0
95230205,0
35456359,0
164288792,0
59337031,0
85279344,0
130880557,0
71938215,0
192614940,0
185035854,0
39681694,0
65956604,0
135529486,0
39335943,0
93502027,0
131166114,0
32690047,0
117192995,0
124154027,0
37731846,0
212663649,0
135741357,0
41796306,0
87648079,0
104472171,0
112536151,0
120886665,0
183273212,0
44236862,0
134545328,0
134432736,0
128538480,0
95355529,0
83325538,0
31778698,0
104345169,0
122626133,0
87621934,0
66857225,0
76461356,0
56171987,0
84711329,0
109969165,0
123111550,0
90776240,0
161910395,0
137936228,0
66348733,0
160812303,0
111795249,0
85326136,0
143197991,0
32995018,0
161406601,0
87427000,0
160818678,0
111351621,0
91952499,0
144257354,0
160609156,0
178698650,0
61407792,0
174685748,0
88367593,0
90271212,0
31935506,0
127817752,0
41471577,0
99474993,0
65112605,0
97214775,0
32418900,0
111212518,0
65012981,0
107624720,0
87663712,0
106818956,0
62523817,0
90281467,0
32043144,0
177198480,0
176600530,0
41426443,0
73077484,0
33464555,0
133114779,0
114243405,0
33792166,0
112589772,0
37205204,0
106101070,0
144547856,0
146484184,0
151267102,0
76207332,0
61302849,0
117293576,0
140785731,0
31150843,0
31515189,0
36140648,0
82511345,0
36861662,0
78451888,0
44442436,0
87685070,0
195028068,0
149655692,0
126053945,0
109858991,0
112689169,0
195315718,0
155096805,0
162021497,0
108022218,0
166612550,0
43648782,0
135873264,0
59714681,0
56091125,0
166984713,0
77097896,0
44663426,0
64051997,0
85561112,0
143849957,0
161442210,0
87595464,0
58281368,0
93790131,0
107091791,0
41852731,0
183119740,0
154844331,0
118561426,0
80459918,0
92791692,0
33783086,0
33842442,0
34319529,0
89840937,0
133482520,0
145262198,0
177197799,0
204856911,0
114708490,0
44027617,0
36590722,0
195455067,0
77822246,0
143973830,0
157371176,0
92339585,0
82653112,0
150952232,0
83224581,0
65832711,0
93561649,0
160632528,0
120483817,0
125868871,0
38661592,0
56322676,0
61671340,0
97158301,0
43495615,0
34703673,0
95524230,0
136112898,0
42472295,0
107078506,0
78301495,0
147930712,0
78091884,0
134428235,0
130108862,0
127683536,0
109821092,0
118921834,0
41126516,0
133857180,0
91648348,0
37900182,0
208458260,0
102950416,0
191991161,0
33302811,0
133338217,0
101605397,0
86537650,0
44035562,0
178331926,0
105888341,0
143083493,0
106777602,0
107435954,0
92157935,0
166224764,0
173516901,0
78958159,0
129086914,0
34817885,0
117691154,0
93168365,0
75135572,0
84361155,0
195774714,0
128863684,0
73479552,0
110055909,0
156555305,0
42134597,0
86033609,0
117885920,0
129095609,0
83322547,0
86136588,0
144762441,0
173200176,0
152585277,0
108389604,0
99804934,0
155011936,0
109420188,0
137039318,0
81080558,0
129347768,0
77892015,0
119121960,0
45151281,0
90986285,0
79336036,0
92102596,0
91804278,0
85620675,0
42513728,0
160906281,0
101113762,0
43234012,0
103933330,0
124253177,0
174924198,0
85802739,0
36222043,0
34506193,0
33241916,0
56170960,0
125321048,0
74105936,0
163632996,0
93772405,0
95511962,0
141838344,0
71891828,0
83988884,0
57039150,0
43617949,0
63437002,0
107794911,0
86975633,0
65827786,0
77303431,0
98973292,0
151521472,0
61932046,0
111137105,0
137896819,0
87337315,0
45139151,0
35796110,0
81567939,0
45699261,0
72889783,0
144781203,0
160167432,0
176155875,0
76046724,0
139956062,0
75734657,0
45672455,0
160586545,0
153619187,0
165721473,0
59281258,0
85083975,0
105559229,0
95127571,0
138813360,0
111388957,0
103612617,0
79370945,0
45029826,0
89827070,0
89541631,0
94863371,0
59596335,0
121040117,0
142850048,0
128487494,0
82203423,0
213127106,0
38883194,0
86437907,0
44467623,0
72356252,0
176881597,0
108232095,0
56068800,0
41234509,0
160698042,0
85414558,0
75512769,0
90699859,0
99735264,0
34990790,0
33201717,0
166365968,0
75316512,0
42373471,0
82556557,0
136132548,0
32979947,0
40138963,0
176737491,0
155464310,0
45535337,0
41083978,0
194057916,0
167986705,0
184939862,0
95343883,0
62171788,0
195248940,0
150911609,0
174365578,0
134104256,0
111780721,0
162287581,0
36514894,0
166986283,0
32646078,0
64061423,0
38852362,0
44167064,0
63960536,0
75374614,0
119685939,0
151203621,0
134632803,0
117039957,0
44136360,0
58880611,0
42763804,0
65802421,0
126708448,0
142473453,0
107748455,0
58702514,0
128469689,0
90557559,0
162938393,0
88548897,0
89475910,0
123077687,0
175102986,0
104257744,0
36360780,0
80018776,0
45092448,0
75142254,0
143810755,0
128028597,0
156660446,0
67121405,0
90485323,0
115847413,0
106455310,0
41723212,0
143139089,0
108470555,0
192935169,0
149051465,0
130218711,0
91998541,0
85762007,0
38949281,0
33572824,0
84198139,0
98253630,0
67497565,0
123362712,0
60673444,0
154164789,0
81029029,0
78387538,0
136961477,0
42345678,0
39830143,0
91407401,0
62461076,0
77944393,0
161685042,0
140211034,0
59082809,0
76900741,0
126828660,0
83698855,0
37430013,0
58605081,0
38592890,0
148595124,0
41317137,0
98768655,0
146060511,0
125638277,0
114637952,0
75550688,0
98586235,0
147356588,0
44397599,0
198548694,0
198987359,0
178994956,0
127278211,0
33354459,0
96318694,0
116120811,0
56420800,0
117972852,0
33382499,0
66793369,0
145742355,0
198787006,0
77148567,0
43432411,0
81675557,0
151993426,0
58834944,0
90196351,0
154447069,0
105797353,0
154509948,0
41888212,0
31351018,0
41167228,0
67060529,0
130375509,0
78893849,0
90354818,0
43428147,0
88518065,0
38402150,0
55946999,0
78116292,0
89287538,0
66575615,0
173429821,0
118812104,0
35322310,0
62944637,0
32949233,0
173808538,0
180969084,0
73840976,0
194388844,0
62808338,0
104140898,0
141535860,0
96773880,0
67670579,0
75269631,0
76715232,0
124897109,0
105294171,0
116214967,0
67070171,0
175079328,0
40571923,0
143929101,0
136375035,0
44112249,0
34585623,0
144104356,0
62004893,0
37106113,0
95881401,0
56686558,0
40757521,0
102830649,0
176030936,0
150579349,0
62797482,0
36713026,0
130022711,0
147270860,0
41308462,0
58557579,0
163476474,0
113473408,0
80348569,0
140625577,0
174640042,0
113809665,0
102523793,0
33253138,0
185797097,0
208087499,0
125947867,0
145042521,0
115943296,0
122573499,0
148585363,0
120950492,0
152812821,0
65851858,0
105191596,0
90943530,0
116093423,0
32081754,0
34403884,0
164236581,0
77583471,0
113129166,0
42763192,0
34634152,0
59854642,0
65580315,0
122817919,0
124948599,0
43590679,0
43533100,0
205233071,0
113937852,0
61458038,0
66935570,0
174557197,0
159635747,0
73325625,0
147699586,0
68477399,0
125235943,0
36851743,0
82424147,0
130001521,0
111397406,0
78287460,0
107305646,0
50236387,0
110309963,0
155484365,0
205662478,0
81180784,0
77085184,0
151780608,0
182939353,0
191589567,0
44124467,0
72355394,0
122677110,0
126140551,0
47129238,0
84933405,0
135078534,0
114811460,0
32228416,0
129177488,0
180791145,0
81593866,0
72419369,0
39999772,0
116391554,0
106751270,0
80493800,0
174507957,0
81738890,0
100247280,0
96210977,0
56168621,0
32810525,0
77683105,0
178312907,0
116927977,0
31472148,0
123070986,0
91399417,0
72655736,0
102789463,0
73940867,0
207103479,0
152545601,0
67317573,0
111605309,0
39101293,0
68400683,0
55941739,0
106050064,0
35870320,0
167169917,0
155377684,0
55840279,0
96160435,0
157741168,0
75882524,0
130092824,0
117117878,0
129965566,0
56526000,0
66685405,0
97519864,0
78204802,0
130552343,0
82634063,0
43772221,0
40795282,0
61463013,0
62277758,0
45536186,0
155523192,0
178493165,0
87849211,0
69453187,0
37287338,0
86555188,0
117335414,0
121981786,0
122652604,0
73984550,0
31435818,0
141069778,0
66269075,0
95902196,0
89142801,0
198741556,0
86968833,0
78121009,0
121267385,0
161157847,0
204869248,0
79431002,0
159816430,0
153971265,0
131733014,0
86458604,0
148126821,0
205566298,0
78358640,0
33853703,0
91222879,0
90836405,0
95323690,0
161103495,0
84057724,0
37934607,0
102503807,0
59250642,0
189102950,0
107647282,0
89786052,0
77950295,0
144845227,0
156201845,0
73691393,0
175406644,0
126444397,0
63984746,0
41950282,0
130518036,0
73895151,0
34996258,0
119797732,0
38933825,0
62671338,0
123802235,0
96964403,0
81394935,0
110028442,0
195636737,0
91799195,0
86646215,0
159477873,0
151948835,0
180899296,0
107566391,0
74698704,0
136000562,0
163989516,0
87227328,0
118265910,0
79710963,0
166189075,0
90293754,0
180243924,0
81962249,0
116632234,0
204894178,0
87133932,0
174493577,0
77408404,0
112086679,0
133547837,0
143170701,0
80159369,0
116200725,0
93818230,0
71482674,0
43556254,0
193952637,0
60954442,0
154030384,0
39508661,0
154390299,0
163052219,0
146535111,0
151959041,0
123915656,0
86835317,0
77478686,0
39042776,0
55988531,0
98820303,0
31617271,0
56967201,0
153423394,0
111211670,0
143828994,0
203929691,0
43231495,0
103359709,0
60013335,0
43420518,0
42084558,0
194842520,0
116595430,0
65338599,0
156360657,0
76394588,0
59291325,0
66453065,0
58101356,0
196110784,0
90622323,0
63576282,0
123744991,0
65241334,0
165265813,0
116295374,0
102222533,0
99874347,0
75474830,0
106730682,0
150898848,0
45025917,0
96572195,0
31372050,0
35640358,0
175548954,0
32004248,0
78387113,0
74925942,0
84146235,0
112187241,0
129903002,0
115622879,0
57746603,0
37163840,0
137066381,0
139535124,0
65877094,0
75005511,0
63810458,0
86147800,0
108898244,0
128283173,0
42529105,0
75566983,0
154488008,0
140121023,0
157105437,0
60216077,0
126170170,0
60191492,0
71222353,0
134304984,0
60132106,0
58149826,0
71524748,0
78321954,0
135497192,0
97148520,0
36396547,0
170700471,0
42694500,0
108104077,0
93470188,0
77334787,0
59783443,0
135254134,0
125209621,0
62197755,0
112129049,0
62696269,0
84610461,0
115269745,0
92205072,0
78795518,0
149929426,0
145639977,0
135496136,0
42946964,0
119764521,0
84514963,0
183499255,0
175807083,0
44616526,0
161584579,0
85527545,0
132139099,0
31246124,0
119314161,0
142602498,0
115338260,0
130002971,0
134987941,0
130698285,0
125360517,0
175541374,0
161376943,0
124433307,0
40171168,0
81227359,0
45249691,0
57653622,0
58992098,0
107039452,0
84317601,0
33768074,0
111262893,0
35994312,0
98743063,0
95520568,0
134008205,0
63633141,0
62644996,0
60677224,0
81623209,0
106410245,0
173294065,0
60767215,0
101592892,0
60439436,0
73559979,0
34690044,0
86086174,0
120732442,0
104850779,0
60185146,0
77774774,0
85198009,0
175198297,0
91543661,0
136500260,0
86265229,0
79598153,0
163568616,0
89726706,0
196180986,0
141334688,0
67040415,0
34120340,0
196326099,0
42526332,0
85439419,0
67395010,0
65791732,0
135875633,0
35358492,0
59886906,0
85220847,0
164986296,0
89739053,0
37924579,0
118497421,0
106755247,0
122471704,0
33086845,0
167085166,0
76010641,0
134045137,0
119046773,0
119324484,0
143379414,0
93835946,0
83568448,0
139809913,0
129320557,0
39052478,0
57659840,0
79440486,0
145481254,0
111587080,0
127996057,0
38506511,0
90843768,0
101876929,0
45181709,0
55778565,0
143343005,0
93588663,0
36948130,0
58412555,0
135306226,0
34465174,0
119397598,0
85154612,0
114949072,0
31143776,0
107420587,0
69752236,0
150538173,0
125830804,0
73485848,0
144266464,0
135869908,0
90906509,0
158043385,0
114726344,0
152897295,0
78857380,0
93275382,0
157219194,0
41117929,0
175318252,0
87092706,0
139866101,0
116409457,0
44227378,0
104168661,0
62497860,0
118590413,0
163891056,0
66456647,0
155102786,0
67446884,0
103225176,0
156633295,0
34304754,0
166225524,0
69542942,0
193712805,0
66242655,0
35919451,0
109309679,0
178752420,0
113788554,0
164876714,0
44043675,0
62690209,0
92999250,0
89401483,0
62396568,0
44960995,0
57656109,0
87105566,0
196246412,0
120548197,0
42539044,0
57551906,0
134447373,0
75704239,0
167022257,0
103324652,0
141733262,0
92004433,0
72346097,0
156863474,0
126958949,0
81641004,0
34985836,0
67960923,0
130500538,0
33202191,0
108078653,0
84087530,0
69461478,0
96793846,0
67500555,0
126115246,0
165692082,0
67062276,0
143087500,0
105496360,0
179169440,0
37755898,0
62045398,0
103974299,0
147319942,0
63988743,0
126569751,0
66852103,0
84962303,0
136877871,0
115601600,0
160012430,0
193817295,0
37062311,0
83422516,0
92165890,0
43972495,0
92090782,0
156737400,0
117472108,0
157661510,0
59548290,0
115052653,0
64871046,0
154017435,0
161812498,0
149316336,0
164818029,0
61149347,0
122732567,0
78707017,0
182060790,0
88143760,0
154500168,0
195403656,0
140357183,0
39386248,0
44496897,0
79372307,0
155249725,0
114137099,0
38666754,0
113246772,0
192050034,0
192391907,0
147291211,0
111843907,0
156340612,0
140134002,0
116704025,0
89351750,0
140947158,0
76294057,0
142812158,0
141764727,0
180405589,0
36788183,0
72331766,0
146445544,0
185683892,0
135874142,0
34915505,0
130540036,0
76119424,0
58898248,0
133895978,0
114151647,0
118849588,0
37996193,0
117692703,0
76870649,0
76441212,0
66827892,0
145068705,0
185815464,0
56220851,0
115512665,0
71170933,0
42528907,0
121544810,0
44038503,0
65065694,0
74459051,0
114429713,0
107110464,0
40842488,0
118180321,0
115006947,0
93934405,0
93108941,0
106737995,0
68242523,0
35955248,0
133589586,0
84266861,0
61087484,0
161500688,0
32852491,0
42292096,0
61986802,0
196333639,0
194323615,0
111470224,0
125461898,0
137830663,0
68500011,0
97075880,0
144737274,0
73886100,0
129177724,0
61076025,0
42054140,0
97235106,0
76902952,0
166373992,0
143365340,0
173513920,0
77646587,0
41519829,0
111830918,0
210392032,0
155487710,0
99538800,0
68941656,0
94356853,0
167185234,0
119601692,0
108963779,0
194071467,0
100794510,0
147881976,0
175326355,0
109469714,0
78765504,0
65171793,0
41326010,0
172440255,0
120461660,0
38277398,0
155610340,0
127987352,0
141276043,0
66266894,0
107124153,0
116693761,0
41970663,0
99619632,0
135679435,0
40111841,0
115033220,0
150209752,0
119285470,0
34314377,0
101921668,0
57085478,0
105164544,0
95930098,0
103433908,0
56891856,0
194228255,0
84333737,0
38099715,0
194000800,0
139758453,0
161751534,0
135871685,0
127317541,0
143442678,0
115146543,0
66098953,0
137035706,0
77471836,0
75986944,0
143886277,0
133862263,0
60444805,0
78237313,0
120260182,0
33559520,0
115054637,0
164979299,0
110704579,0
114702539,0
132045930,0
73671397,0
72385200,0
109089271,0
94598649,0
91433773,0
78107863,0
106861661,0
58374488,0
111212183,0
149782783,0
134235818,0
119697684,0
91378720,0
83834868,0
45664520,0
64616696,0
206556684,0
94360525,0
214078003,0
44078830,0
78350320,0
45442661,0
194247817,0
150074015,0
77828958,0
152185775,0
66589384,0
135995292,0
100182713,0
40296166,0
92484224,0
130478696,0
105171669,0
101769943,0
81973303,0
166069189,0
64251531,0
162884574,0
115336424,0
127369159,0
65848976,0
86258291,0
157078661,0
59925003,0
74695605,0
37304363,0
77240029,0
162247067,0
114995952,0
207207466,0
79401186,0
107491194,0
142052988,0
111749247,0
87807591,0
146643203,0
73952019,0
41476107,0
119632288,0
89461579,0
87119256,0
73702753,0
79335237,0
91437257,0
149332196,0
122572610,0
73487092,0
97361743,0
65863158,0
124607742,0
66772998,0
81645001,0
35397309,0
129266442,0
35054686,0
108458248,0
121180769,0
111818808,0
77484252,0
210531055,0
191561804,0
213560273,0
94744443,0
150000003,0
88236574,0
133290438,0
99719355,0
117680346,0
155533091,0
152276990,0
74726398,0
196296707,0
95612603,0
39162889,0
167798975,0
89419387,0
93530195,0
68884965,0
60198242,0
124685318,0
161733729,0
44638397,0
108533030,0
67309973,0
129679841,0
206307565,0
195886813,0
38057849,0
91394788,0
163574183,0
93951696,0
111581997,0
110359054,0
139904444,0
78523492,0
75227843,0
132792822,0
34739964,0
114348477,0
118482212,0
76473387,0
83114200,0
140559066,0
36875687,0
203651230,0
112959261,0
177657585,0
113261606,0
132279514,0
119749825,0
117650106,0
128016783,0
87835512,0
38824174,0
152162720,0
84281083,0
81958193,0
71784931,0
130191056,0
91857692,0
162897829,0
145907819,0
103447726,0
57203893,0
164712573,0
156614957,0
58760172,0
86517614,0
35582522,0
122252539,0
151460369,0
41207960,0
81976728,0
155396545,0
112565542,0
139807110,0
78553308,0
176447098,0
125432012,0
57736615,0
99876874,0
81218071,0
133055679,0
93879451,0
85420588,0
59510045,0
35356410,0
150070768,0
138647837,0
36482354,0
152722040,0
88515420,0
85149135,0
129253572,0
130829195,0
44394687,0
162069710,0
192302311,0
77315511,0
114127654,0
179264830,0
83689213,0
59972633,0
78397921,0
102921992,0
121029715,0
44423674,0
146552254,0
77017597,0
64749028,0
163166953,0
88168266,0
65803408,0
111796977,0
73539736,0
154603729,0
93839933,0
73454197,0
144819606,0
80208292,0
32986510,0
127943244,0
207138507,0
39334729,0
59908501,0
179626472,0
37141298,0
37232483,0
154370738,0
69842504,0
162177841,0
156693825,0
102385243,0
164240381,0
209996497,0
110935410,0
65456422,0
69587434,0
144867789,0
88852407,0
163728553,0
194261595,0
59169267,0
92883282,0
92842353,0
148431289,0
32638992,0
129856783,0
68718938,0
62255828,0
114632701,0
124069869,0
59455476,0
113881240,0
162035778,0
41165076,0
177580493,0
59113662,0
174076883,0
179108505,0
154526115,0
87172581,0
112104365,0
167207411,0
80402881,0
98387629,0
138639605,0
155325957,0
45078058,0
93737733,0
78556061,0
136529672,0
159920011,0
73281321,0
61924071,0
130622773,0
94525860,0
164364866,0
141951687,0
157501346,0
59199606,0
74577782,0
122668730,0
43603569,0
85412337,0
88683716,0
102741733,0
164636843,0
71283091,0
90069705,0
192959419,0
119346444,0
133943470,0
141719109,0
36547937,0
139373647,0
39144867,0
64547915,0
121797590,0
97777372,0
139969880,0
62322803,0
126399243,0
85025251,0
113186617,0
84604046,0
98209394,0
161848562,0
105210802,0
98052102,0
121173643,0
207060724,0
35949395,0
155498863,0
192589289,0
40023360,0
35966864,0
147414108,0
152794967,0
75978348,0
155033185,0
160523094,0
36971610,0
141630658,0
62036219,0
166155213,0
79420135,0
40610385,0
100069143,0
96676645,0
73610640,0
77117024,0
62096118,0
44193475,0
45654305,0
112245175,0
83530164,0
175965550,0
176725628,0
175329691,0
131740012,0
89829676,0
44190327,0
126172943,0
118577247,0
209777580,0
75002905,0
35900531,0
125794197,0
95845140,0
107421219,0
33633729,0
35774437,0
63461242,0
44934535,0
163843051,0
153534387,0
127500405,0
68870555,0
91742326,0
58050330,0
41327184,0
65205389,0
92313717,0
93539058,0
38646314,0
213244604,0
58629420,0
85221834,0
99862020,0
71803713,0
132843809,0
82600921,0
142325291,0
192456375,0
151712320,0
173499205,0
63280559,0
98021556,0
35264188,0
78478772,0
155712609,0
112458043,0
56682117,0
41504452,0
129632891,0
96338857,0
109211634,0
166475432,0
160082386,0
159379927,0
115934709,0
58447888,0
34497695,0
102635122,0
76470821,0
39106227,0
115005279,0
63346972,0
66576336,0
109241262,0
83393046,0
89472742,0
139837548,0
114403312,0
66523050,0
112114511,0
119701760,0
120955160,0
36313633,0
210450844,0
35309894,0
72205119,0
35321096,0
109907026,0
34785670,0
118989401,0
40021722,0
34213884,0
150592249,0
75490296,0
94779440,0
104134275,0
194603586,0
39487816,0
79370442,0
39854255,0
130782048,0
93551533,0
33791377,0
43244908,0
179510455,0
144035377,0
38983805,0
96056784,0
55788908,0
71771538,0
98853790,0
164514845,0
99217564,0
96916565,0
106577861,0
73193984,0
42516038,0
89243678,0
63607302,0
37497581,0
38870847,0
152133614,0
84909678,0
31905108,0
64566490,0
73760944,0
101722598,0
92744269,0
181198591,0
96998107,0
146089548,0
80870414,0
89517411,0
38870739,0
95167414,0
164430105,0
35330689,0
103674253,0
214798593,0
106314313,0
111582431,0
78544484,0
99044215,0
64861315,0
98019769,0
39630224,0
37027896,0
38805846,0
103496738,0
83219035,0
95482669,0
141592778,0
74312023,0
139288236,0
156046912,0
98819612,0
95118836,0
125636876,0
71850415,0
38195707,0
87987346,0
39340364,0
80447344,0
72769167,0
115937433,0
92718252,0
63906272,0
110954448,0
92229786,0
69432747,0
70381700,0
102503146,0
61633520,0
83183297,0
122984439,0
38654111,0
56169628,0
155558150,0
92568935,0
163506379,0
61017972,0
90500069,0
116088606,0
34584478,0
67552696,0
109870716,0
156536889,0
121323809,0
99882618,0
213544423,0
56037938,0
133363512,0
163642411,0
85726042,0
38235837,0
113663615,0
66323348,0
171812322,0
144984251,0
115795686,0
119015526,0
161662391,0
67006897,0
91678963,0
154133956,0
31726014,0
117647698,0
106434860,0
60099240,0
138839485,0
37813596,0
69094368,0
107225968,0
93935559,0
44125730,0
185096404,0
79145089,0
61478764,0
154063813,0
213717476,0
176522709,0
117725135,0
161243367,0
111700768,0
112900576,0
43015893,0
129533997,0
86893439,0
40854371,0
60898096,0
34149130,0
35672464,0
76094602,0
163990206,0
115030802,0
135021359,0
60403313,0
72350479,0
44143446,0
80529913,0
56069669,0
97933124,0
42018382,0
42866181,0
96265724,0
81171319,0
73178213,0
92765212,0
76302762,0
56998576,0
82261525,0
109806771,0
39043506,0
82836055,0
145659559,0
154963792,0
99228717,0
193963474,0
135536237,0
159278438,0
108912368,0
88407170,0
65457251,0
190851775,0
65589119,0
175251652,0
65849134,0
85810398,0
212854942,0
95415546,0
40305977,0
151873284,0
106891626,0
98158181,0
75295559,0
144070256,0
78138261,0
141438813,0
154399093,0
65356690,0
65863731,0
150896292,0
108090022,0
65535695,0
91617022,0
137380905,0
112227331,0
38068143,0
80805611,0
59628056,0
118144474,0
100316022,0
94267938,0
75300553,0
74602515,0
135633640,0
95141270,0
177891850,0
36858692,0
194504644,0
72013007,0
41878116,0
70967066,0
178141472,0
116808841,0
33358121,0
153191004,0
130942370,0
139326658,0
36570252,0
78208612,0
77022779,0
76689403,0
146041808,0
31526786,0
82574490,0
92086410,0
209774086,0
71619704,0
124859141,0
89199877,0
79612454,0
114506065,0
92755540,0
204655630,0
193026009,0
137233049,0
153745439,0
43708019,0
120522822,0
192468140,0
80360945,0
113602246,0
89428733,0
136977880,0
117384939,0
37180776,0
40245427,0
87995025,0
103700852,0
72020725,0
41628010,0
94758941,0
95990105,0
136749320,0
42305470,0
139154108,0
185903471,0
150658898,0
127343419,0
93158071,0
125387076,0
133402418,0
162276409,0
178907521,0
41584347,0
113094889,0
83704767,0
130822918,0
44048905,0
94194834,0
142530114,0
83965720,0
95953597,0
67928600,0
161171921,0
108771153,0
45359865,0
78929754,0
43855935,0
39407872,0
157064429,0
93591781,0
81034911,0
87572043,0
83897837,0
117341691,0
173124949,0
67983761,0
149090164,0
194252969,0
83175046,0
96014986,0
42554598,0
206804263,0
115798529,0
142459626,0
87256433,0
147435396,0
206063529,0
39374819,0
121317118,0
137859462,0
35712179,0
65989361,0
116587100,0
161246318,0
109060313,0
78213843,0
107075457,0
65304815,0
75571848,0
76530345,0
194127033,0
115841373,0
32608653,0
78241221,0
86595209,0
35506467,0
63390003,0
134608899,0
92166314,0
83713877,0
77797928,0
62889614,0
40080486,0
61260765,0
130764184,0
118433861,0
92574324,0
80791270,0
91424249,0
55879156,0
150166819,0
138144931,0
88885796,0
127761752,0
81617988,0
146101766,0
87632909,0
111427745,0
183390186,0
173806327,0
110296461,0
124548969,0
41592519,0
113020600,0
33497104,0
56926538,0
124570021,0
80834420,0
63579144,0
115509191,0
94380540,0
103488448,0
85390871,0
172217508,0
134646176,0
45142941,0
184683894,0
43024628,0
88280118,0
55791218,0
92959327,0
130499264,0
74144654,0
31281250,0
44729494,0
60832088,0
181353080,0
41036337,0
75368910,0
69475838,0
112222100,0
153536144,0
180384616,0
33168141,0
152674409,0
132279149,0
157405276,0
82672042,0
75468464,0
129127518,0
203861226,0
204132245,0
192403356,0
121649092,0
145888691,0
162872326,0
80224251,0
98737102,0
89081382,0
67552223,0
103357913,0
111467371,0
70155153,0
31455597,0
108748799,0
73771751,0
78759987,0
64956734,0
73050530,0
156037319,0
75644805,0
61379614,0
32019941,0
114710701,0
56189920,0
125683391,0
38289409,0
31981804,0
103768251,0
73940807,0
134526458,0
154501421,0
106341691,0
38310806,0
89881541,0
35025995,0
92167183,0
209844032,0
99960548,0
166576724,0
97029947,0
76628468,0
135824824,0
71731674,0
90692151,0
123000902,0
90388216,0
156956268,0
176872320,0
108617178,0
184970034,0
33622192,0
106222782,0
32797863,0
73662672,0
122411499,0
159477379,0
82164033,0
83354090,0
63410503,0
86652058,0
81051986,0
119752805,0
33706646,0
32967067,0
35144864,0
129493887,0
142240244,0
141377858,0
81147504,0
36809926,0
119003614,0
108177023,0
71667660,0
155011532,0
31214393,0
154191061,0
81727757,0
90306240,0
121060360,0
154336845,0
38919899,0
208566017,0
88464522,0
63307000,0
58165548,0
137774031,0
125538634,0
89561627,0
37842987,0
151279459,0
91880047,0
160196745,0
133979070,0
115004973,0
95802681,0
36338336,0
84640968,0
99210606,0
43938395,0
128577860,0
138820841,0
93117103,0
117199588,0
79264867,0
116383599,0
84347792,0
156080992,0
65777875,0
104732166,0
60265168,0
65846262,0
78450259,0
179657966,0
171851948,0
62541247,0
148235802,0
136258919,0
77463121,0
59385875,0
180349766,0
47838912,0
60259622,0
82396541,0
94075609,0
164363426,0
55836874,0
83087216,0
62811082,0
120966589,0
178094670,0
156176174,0
180193846,0
193923284,0
107203041,0
33170993,0
113263373,0
126227137,0
108046952,0
73213299,0
122334842,0
120300371,0
45146248,0
82562124,0
66009051,0
45142685,0
78639213,0
111888803,0
78473828,0
175659849,0
99344083,0
194944196,0
75680562,0
62456714,0
86888070,0
122858355,0
108798236,0
109522536,0
80677720,0
72745628,0
181184774,0
150057819,0
121589489,0
131799022,0
71804058,0
191679361,0
145293051,0
74990341,0
41745231,0
169267000,0
160454885,0
62907903,0
70531215,0
97314616,0
75382184,0
135337453,0
62025353,0
81945362,0
175677249,0
185387459,0
34470701,0
141743092,0
60414732,0
96606669,0
137879666,0
160410136,0
127362537,0
66503784,0
175970277,0
142988587,0
206843820,0
95128420,0
135513063,0
126326603,0
81643501,0
96518405,0
138899827,0
80672558,0
213123563,0
116154644,0
135554920,0
88478764,0
32580899,0
38200800,0
36713707,0
134625341,0
143119744,0
138001279,0
111609059,0
82751956,0
82757670,0
84404295,0
67837810,0
45397814,0
131776174,0
142485336,0
59680690,0
45200293,0
56421915,0
93870963,0
41709484,0
79979229,0
72478537,0
86696155,0
121017516,0
175726241,0
152899525,0
98154075,0
66542631,0
33555424,0
203649523,0
58441088,0
66596756,0
65883835,0
131753089,0
65543837,0
137768514,0
93337580,0
92446897,0
31384555,0
66811696,0
132079072,0
159810064,0
33051739,0
95308431,0
87284009,0
93271009,0
146087899,0
87817116,0
84042535,0
59086363,0
78937186,0
214037429,0
56227444,0
162522379,0
172043251,0
120661648,0
84695044,0
73618910,0
151269817,0
73217504,0
162233762,0
138493752,0
58744933,0
65727511,0
79286392,0
87772465,0
43500007,0
118962704,0
60551683,0
141524195,0
43352556,0
132723498,0
42147349,0
102561149,0
162596480,0
45446510,0
102022377,0
165283292,0
121934185,0
212422703,0
44780529,0
130448357,0
83922639,0
75378493,0
123331435,0
42614961,0
132812029,0
205776037,0
32677197,0
85281318,0
194619200,0
32223669,0
117097270,0
64457717,0
101956044,0
180672640,0
59031912,0
157198715,0
78255157,0
160138909,0
84001152,0
149441729,0
38036895,0
62227897,0
114041946,0
111106825,0
158162847,0
144591194,0
166933697,0
141610711,0
142431033,0
200136743,0
81451290,0
195165295,0
113550470,0
110142071,0
194192290,0
80802433,0
138629499,0
166129226,0
81172424,0
63439865,0
89668199,0
45640271,0
38641922,0
56555293,0
203995285,0
178998134,0
34183427,0
103247185,0
134627246,0
205756269,0
59259900,0
114495948,0
125326743,0
132807854,0
74702761,0
75596888,0
40855901,0
103564167,0
154254819,0
147867507,0
108175039,0
156763406,0
113531313,0
73033218,0
55750219,0
149332305,0
150254797,0
94254328,0
79950666,0
126792330,0
41741027,0
78880604,0
56528753,0
100739921,0
108411949,0
117219505,0
77043021,0
67238567,0
127995188,0
37139965,0
195239811,0
83494841,0
80728144,0
89764783,0
129406857,0
45039873,0
181047804,0
77685256,0
59616341,0
169237569,0
32244287,0
60879956,0
115927781,0
192711050,0
136242436,0
76626416,0
138782290,0
34993277,0
116731305,0
82564522,0
126651333,0
155528107,0
78485642,0
136723076,0
109142073,0
91652059,0
45413970,0
151023294,0
172128366,0
111578010,0
112229394,0
115996049,0
76021784,0
74718552,0
126260595,0
124883628,0
129981100,0
195170319,0
193418059,0
39006929,0
76497272,0
43020473,0
75621670,0
37039305,0
83279318,0
149094921,0
61522595,0
84857656,0
118928407,0
45613100,0
56042705,0
95533784,0
102644222,0
114189517,0
111551322,0
40962246,0
43973502,0
50390205,0
116897864,0
61732285,0
134477426,0
81627275,0
76603992,0
148260959,0
165939453,0
44360193,0
195011971,0
64641124,0
90243232,0
56023558,0
62400270,0
79490367,0
112284279,0
147272745,0
62256183,0
55921842,0
74658002,0
128152934,0
103150029,0
123017878,0
140359650,0
127479373,0
141990987,0
96124825,0
82557870,0
96979187,0
90379965,0
205610633,0
93381144,0
39351004,0
172010454,0
60759813,0
123211825,0
157159453,0
195911556,0
37715808,0
38562067,0
31727889,0
56665102,0
71856752,0
75174923,0
78578120,0
86827066,0
156839451,0
117120917,0
129845275,0
35795903,0
77280079,0
125365067,0
131807066,0
110545215,0
39700210,0
61215305,0
92217725,0
134112398,0
89754983,0
82284827,0
152677173,0
94708290,0
154222980,0
73517096,0
120616692,0
107882781,0
191980611,0
38284040,0
144599603,0
214014374,0
67273416,0
40228421,0
137829666,0
165628817,0
121524824,0
141569733,0
166030658,0
39705036,0
152294765,0
102407045,0
143091557,0
44111903,0
94281144,0
86963395,0
87119769,0
139207502,0
33083124,0
78203973,0
74742071,0
101696690,0
168670935,0
91558446,0
34510861,0
92653606,0
199013533,0
126169637,0
43731647,0
66538269,0
174176951,0
144532430,0
180103598,0
107321772,0
42385650,0
57932833,0
58408982,0
164512072,0
111700116,0
42661614,0
145512383,0
92192173,0
121211691,0
104987463,0
72007717,0
125826145,0
162591476,0
34029806,0
63998859,0
113553263,0
44231375,0
32858304,0
129554970,0
71014134,0
34302415,0
65869386,0
204135087,0
34256146,0
74319376,0
45025473,0
32059004,0
149237468,0
91575500,0
69281812,0
101407432,0
165721296,0
112489487,0
110979221,0
56014300,0
34583343,0
100577309,0
153889841,0
108914727,0
94388594,0
78969519,0
36130828,0
81938059,0
123901197,0
100461460,0
31381071,0
97490788,0
32957385,0
156818390,0
64870069,0
109488555,0
84338090,0
163984225,0
37600392,0
131259303,0
114555580,0
99742627,0
86778034,0
72824003,0
73145949,0
116774139,0
111918254,0
79202106,0
43079128,0
132350358,0
126526690,0
82691801,0
109903345,0
33192736,0
135791011,0
116651835,0
195134699,0
200336218,0
42276739,0
103137870,0
74394227,0
191881678,0
77637784,0
72462449,0
78628672,0
34815348,0
89176239,0
34707631,0
77889962,0
38320883,0
62665624,0
68447040,0
151382192,0
120697168,0
130570464,0
82087356,0
162708530,0
102628233,0
184743428,0
32059143,0
192430063,0
185701095,0
125826046,0
44603212,0
62706948,0
37377428,0
59579152,0
42961245,0
103641062,0
115856868,0
67031216,0
66126124,0
119881288,0
132249797,0
66084020,0
75599621,0
133971579,0
41188674,0
62969015,0
85575373,0
119282904,0
103890792,0
75322769,0
160462119,0
175113911,0
72327275,0
97330901,0
118797141,0
146020914,0
195880160,0
205968169,0
34721241,0
41910537,0
56686539,0
86589218,0
75452811,0
72244430,0
133888220,0
35819097,0
44031130,0
164577616,0
120146198,0
150286330,0
83885124,0
132464322,0
74786820,0
79516236,0
135483474,0
203578412,0
82275629,0
42692161,0
38490838,0
146308071,0
41054586,0
214390938,0
38761551,0
64181555,0
59950269,0
183014155,0
120705321,0
106434337,0
72396994,0
84933642,0
44509786,0
84297013,0
135730401,0
129875861,0
147120438,0
177089510,0
85030374,0
44778773,0
99848725,0
194098154,0
104344300,0
128317539,0
177661552,0
65797575,0
57054793,0
32332501,0
86059339,0
39712103,0
193558040,0
102996863,0
104374225,0
81146270,0
79802632,0
60708738,0
112459987,0
136937030,0
108096270,0
166120067,0
178323980,0
105258354,0
103726690,0
145365050,0
175783910,0
133482323,0
212424854,0
39021536,0
194261249,0
74246015,0
116817210,0
93684427,0
63927236,0
133154198,0
57524271,0
43529448,0
125570216,0
86167273,0
156347382,0
39075040,0
36740049,0
124148046,0
85329847,0
213549574,0
70232412,0
77436039,0
191981292,0
142382347,0
113420369,0
212512526,0
193714059,0
92820265,0
93659980,0
97866672,0
144052757,0
40287086,0
126364670,0
103764106,0
146743103,0
75057918,0
61438753,0
199961153,0
155475709,0
123591203,0
175240756,0
121725127,0
64705908,0
120517226,0
63604144,0
55734892,0
212214414,0
123538558,0
75216750,0
65578065,0
195819383,0
105200153,0
98668104,0
35625356,0
122977353,0
116495945,0
41287933,0
75114412,0
59085445,0
117205855,0
108879344,0
59835061,0
98222254,0
34661451,0
178201509,0
67456122,0
114628793,0
99061753,0
151241382,0
131348287,0
191943412,0
116489223,0
97814116,0
105099937,0
102297868,0
143194674,0
151122039,0
75478393,0
31759482,0
37485204,0
89169399,0
97443710,0
66714856,0
145731735,0
151802262,0
77523296,0
33793962,0
40066984,0
88869294,0
98842924,0
213925705,0
83747621,0
124099093,0
118903388,0
117728500,0
108430494,0
101727405,0
81929847,0
66673374,0
94126447,0
38326973,0
194186911,0
146503035,0
161719921,0
107139372,0
104721862,0
145955716,0
92629347,0
101228358,0
76802144,0
31283056,0
154479747,0
140195312,0
36348265,0
121611795,0
41733319,0
151251686,0
82751048,0
66837298,0
64711464,0
157579800,0
84631987,0
175727386,0
96120413,0
94463218,0
78814754,0
32734273,0
175336520,0
194899842,0
121237065,0
109286288,0
144928053,0
44227654,0
145809705,0
135244619,0
33193723,0
73417936,0
38626861,0
154615395,0
53311746,0
36614202,0
116387093,0
151070816,0
36644748,0
102716941,0
111587889,0
63253349,0
114219787,0
116936326,0
123635537,0
73733783,0
71856456,0
74319879,0
93438250,0
78310594,0
198554863,0
83788008,0
147343007,0
98157717,0
37639052,0
71957155,0
113843192,0
75553925,0
198774678,0
64248945,0
151268198,0
68690928,0
133421437,0
135509835,0
69573468,0
113784942,0
164125203,0
67519159,0
122918945,0
214350019,0
107325908,0
60060246,0
73063143,0
143208926,0
145673119,0
32860327,0
34699864,0
58531572,0
101879002,0
37864839,0
176829466,0
35869155,0
124097820,0
145780254,0
131474766,0
43803083,0
69815037,0
115612072,0
161138848,0
134766644,0
61364701,0
120524608,0
84033317,0
62725858,0
152898992,0
71834713,0
132569434,0
37664012,0
112000902,0
81732357,0
130761233,0
129168625,0
76699845,0
76545080,0
39841562,0
162116847,0
110759770,0
204386940,0
71032423,0
206445098,0
83625633,0
41244309,0
77372064,0
131253154,0
59824017,0
77524925,0
74861977,0
87024122,0
32337160,0
32946706,0
100808535,0
38221684,0
91351105,0
93733006,0
173603527,0
91681292,0
41140116,0
95715602,0
127679311,0
40799496,0
73216388,0
133318142,0
33779957,0
43504715,0
145213265,0
115778227,0
179386049,0
34564660,0
112229690,0
70436299,0
111221085,0
75879375,0
42383301,0
127901170,0
82807966,0
112498883,0
128850439,0
56309658,0
85531848,0
116975282,0
76915783,0
45427738,0
208418890,0
166304708,0
62369694,0
185373335,0
73177413,0
83478595,0
96075181,0
66402187,0
116564716,0
40420977,0
93790358,0
198619992,0
70891129,0
92158271,0
85559868,0
33356403,0
173676877,0
164126160,0
77272667,0
132704657,0
60638111,0
179619494,0
90731817,0
137877188,0
135749450,0
128654734,0
108220558,0
88717105,0
83716700,0
36045732,0
91273362,0
43865795,0
154606266,0
124618688,0
147667105,0
196471152,0
117505289,0
96932178,0
203373736,0
131919954,0
56173082,0
78176111,0
79316248,0
33445625,0
99269597,0
59758364,0
97355881,0
42173365,0
77895064,0
141695639,0
84290262,0
137373552,0
111831955,0
108152191,0
63093570,0
121825649,0
145871044,0
119870184,0
43157355,0
98284887,0
102326243,0
113387651,0
84301138,0
71437412,0
33547676,0
96038081,0
104934927,0
161795966,0
118660892,0
176313434,0
89187668,0
146426437,0
184821032,0
155880757,0
40313171,0
33092796,0
62539757,0
181131557,0
214256722,0
137219093,0
121226870,0
140926570,0
171919614,0
58477546,0
139507440,0
34673463,0
180931254,0
45675081,0
42814149,0
119509855,0
87185481,0
68863370,0
76719328,0
35721042,0
85359219,0
151103366,0
124586019,0
40564580,0
39483690,0
102663615,0
89194665,0
35354475,0
177016840,0
38222444,0
154105818,0
41523619,0
164991093,0
159324035,0
145322097,0
78203904,0
177295301,0
164705506,0
113235156,0
74191535,0
71346779,0
62271906,0
180831186,0
40403488,0
177599098,0
89508223,0
118570239,0
31996708,0
208577988,0
33062931,0
32946351,0
44355751,0
113315070,0
117304157,0
104210380,0
191898002,0
65023591,0
143241821,0
56190917,0
179864932,0
92379074,0
128721611,0
157321354,0
64018983,0
120485229,0
38072347,0
140954077,0
59336962,0
65981228,0
56639382,0
117884618,0
114143366,0
179871534,0
128479766,0
56368856,0
154340359,0
79134144,0
117104593,0
104848479,0
81934131,0
74281427,0
138376640,0
108661068,0
136480669,0
177906190,0
176857436,0
45241993,0
99396609,0
175343153,0
56389039,0
69845178,0
81087496,0
31299459,0
42400889,0
151326488,0
185881571,0
81126669,0
60135689,0
38537018,0
154740828,0
108843004,0
113389635,0
44475657,0
196095525,0
173565854,0
127422415,0
131828986,0
85441008,0
62068838,0
33884013,0
65517120,0
114621282,0
143152995,0
73658132,0
56368402,0
72946672,0
162099279,0
166034379,0
128447196,0
129344126,0
126853265,0
65491055,0
143228438,0
93575279,0
152309915,0
90937322,0
58731461,0
74259665,0
71778032,0
122082239,0
179279990,0
183929422,0
76309503,0
66865259,0
41502794,0
173469793,0
191042989,0
135447390,0
57716590,0
92050485,0
48811019,0
196082191,0
55949062,0
78015266,0
137350596,0
79891606,0
38703597,0
83956975,0
36866518,0
91748416,0
158000472,0
92921892,0
108169621,0
110685551,0
77373712,0
128099490,0
161818489,0
61503863,0
214149054,0
141523790,0
79511567,0
43848039,0
109418560,0
75591923,0
64666301,0
163717944,0
108517090,0
32795958,0
40502174,0
130841384,0
210111133,0
114302198,0
106548844,0
62291832,0
86850812,0
34612626,0
44359591,0
183320162,0
119989113,0
92671776,0
142560631,0
96660340,0
151482013,0
135104520,0
84048072,0
33700961,0
63116142,0
36317827,0
34181562,0
84713668,0
137154082,0
174187550,0
161974508,0
42085279,0
135313470,0
123895828,0
175850974,0
64062242,0
138503049,0
35321165,0
131756909,0
134607408,0
178653892,0
93699321,0
131641316,0
149687107,0
101163011,0
78644779,0
42200269,0
155886808,0
41772195,0
106586092,0
44683314,0
69355330,0
64647144,0
67500536,0
75955411,0
35309184,0
60652501,0
164045210,0
177293702,0
68746346,0
180847717,0
160001021,0
162505048,0
105551284,0
205290848,0
90068510,0
39904175,0
146533186,0
68006353,0
186515377,0
115848469,0
34229133,0
112795198,0
85671760,0
34321868,0
96563657,0
151850475,0
36084461,0
64561792,0
187356168,0
87102487,0
150905559,0
120622574,0
212382138,0
95539972,0
81153948,0
75790855,0
38124172,0
65262583,0
123283173,0
175534742,0
105200913,0
95951781,0
116256695,0
45171336,0
111149225,0
42351896,0
86393544,0
67573334,0
132159786,0
70389329,0
82022474,0
77276112,0
106953488,0
136682186,0
43435756,0
136187137,0
210427236,0
58794864,0
125924890,0
78393657,0
33503085,0
81361171,0
99960252,0
194590529,0
72309569,0
137057182,0
87027379,0
93014034,0
59868864,0
130639719,0
178514414,0
41300063,0
45684259,0
151729257,0
154828569,0
81569054,0
136935973,0
39112396,0
78391555,0
131941184,0
44793666,0
126379100,0
37204375,0
67299176,0
75085178,0
56229694,0
133896303,0
147490765,0
103275788,0
141754936,0
72658815,0
75772152,0
44403866,0
111706176,0
213164305,0
104193523,0
125516378,0
78599330,0
113790123,0
97767473,0
114556024,0
81923610,0
83671349,0
193519983,0
130489109,0
165710962,0
94216103,0
75139135,0
82887534,0
94651905,0
64106951,0
148853649,0
67042004,0
34467583,0
140120342,0
45650298,0
90768670,0
179405304,0
35877416,0
144880097,0
136551029,0
80413531,0
151315898,0
74414588,0
115773638,0
77302326,0
99357180,0
193845680,0
214437266,0
99095882,0
102963503,0
44799627,0
34765280,0
111751438,0
127756403,0
76759557,0
81716161,0
91691606,0
96743936,0
149719677,0
126978915,0
33163295,0
96501232,0
44136814,0
75609767,0
93423426,0
134643166,0
125458019,0
33203622,0
170051722,0
206754826,0
164912797,0
85011345,0
100805475,0
96400977,0
142084334,0
88890287,0
185541958,0
77595186,0
44408376,0
40138371,0
155649651,0
134734657,0
212758200,0
99825719,0
64288118,0
135682425,0
65375896,0
35294034,0
44105162,0
63916744,0
90976593,0
71760365,0
114264575,0
62064733,0
45039468,0
73676006,0
192105511,0
164881955,0
74871245,0
76228483,0
44482240,0
116825668,0
87604139,0
146516142,0
126734188,0
83734208,0
85785280,0
83519535,0
164020309,0
151334719,0
122805849,0
76483948,0
212363189,0
160448529,0
39689393,0
83275765,0
73311758,0
70672212,0
117048573,0
140629821,0
95470342,0
98650822,0
60383525,0
127092504,0
119419262,0
121881866,0
75392893,0
93750307,0
59789957,0
88710670,0
138352854,0
73596615,0
117193479,0
41952384,0
80787322,0
162378698,0
140745878,0
131340401,0
117205253,0
152468816,0
164763095,0
67602015,0
125649223,0
96979947,0
113586257,0
93519052,0
106740117,0
117238573,0
86122623,0
69948395,0
81790804,0
44849123,0
66235144,0
32769073,0
31603118,0
125537923,0
36092761,0
74146658,0
144159556,0
70511781,0
36452755,0
144036581,0
68931510,0
141035916,0
90782339,0
153602182,0
165378090,0
98362738,0
109877250,0
60944572,0
73672789,0
75577770,0
160564348,0
110662969,0
73833002,0
98957589,0
77932075,0
59057553,0
39777647,0
63258826,0
124999822,0
93293936,0
135647289,0
112634679,0
35456576,0
170435897,0
57037058,0
63496644,0
45550645,0
77159739,0
179945872,0
78114712,0
59046252,0
77601977,0
84122390,0
95698962,0
62167485,0
35465666,0
58249539,0
41578869,0
140080824,0
38468276,0
92471542,0
41005613,0
96098651,0
135729829,0
60548090,0
154108098,0
40907055,0
35077751,0
61496855,0
112107830,0
64517122,0
212507107,0
34124841,0
117465663,0
115718595,0
164166566,0
74467005,0
208035812,0
189093919,0
73964958,0
153000827,0
106440970,0
45061339,0
206031966,0
74098040,0
35758162,0
135046161,0
75306514,0
73902622,0
64861808,0
113356453,0
132823477,0
138028716,0
96677533,0
156908617,0
96621049,0
129495417,0
57798991,0
107071785,0
176987044,0
138952057,0
103775841,0
98914804,0
104204083,0
61416586,0
106811790,0
103776137,0
36529550,0
177860435,0
80327547,0
189695867,0
39269698,0
62537714,0
131140088,0
184860353,0
91493178,0
77025888,0
95849779,0
64916555,0
39939202,0
137471074,0
213325258,0
111030799,0
153702881,0
109912741,0
82078059,0
38287534,0
139899510,0
194464613,0
106041280,0
81638605,0
56767726,0
75784647,0
70627917,0
174513297,0
115557395,0
71785118,0
144741389,0
119927517,0
138892741,0
72540005,0
65112506,0
114786756,0
115047689,0
147242653,0
56469161,0
37427734,0
43899292,0
83428724,0
108259691,0
94377362,0
75029918,0
61264584,0
59625184,0
96250791,0
40338438,0
99188350,0
135343799,0
128295224,0
90901002,0
38976649,0
167144463,0
84362932,0
39473288,0
31624525,0
62796465,0
155892818,0
159373531,0
124426171,0
133110347,0
164273494,0
38795444,0
77286524,0
61592679,0
65809932,0
57240095,0
99870300,0
137133247,0
36942909,0
61428607,0
42538116,0
34346779,0
179162393,0
61633510,0
122475020,0
76405455,0
155379905,0
109538111,0
89802475,0
194654889,0
38850062,0
73412547,0
34120755,0
162126973,0
69901869,0
71706714,0
90047330,0
140162081,0
205664274,0
86984526,0
96362199,0
74788113,0
192230815,0
37297603,0
40095892,0
90478247,0
102508485,0
100961573,0
110337252,0
140631252,0
129543275,0
82443560,0
34388093,0
41924789,0
63513156,0
61894433,0
105648154,0
75390228,0
99622672,0
175594877,0
37718768,0
118390040,0
81058776,0
33246792,0
124086983,0
44150977,0
141638652,0
41548214,0
90318833,0
175058484,0
95193480,0
41937846,0
41211848,0
33262859,0
72540844,0
80399289,0
95453988,0
35729402,0
111879279,0
32958560,0
85064443,0
94816925,0
65172947,0
127291209,0
73264138,0
173786460,0
140732060,0
93873401,0
162300945,0
89235723,0
96820080,0
38875940,0
105751469,0
180791342,0
95156035,0
93791088,0
87050879,0
124994177,0
45481715,0
134527859,0
138143075,0
132945900,0
79742023,0
138400583,0
165729655,0
99181846,0
79128617,0
156917569,0
115888214,0
67218443,0
131657788,0
126850087,0
112723249,0
89818898,0
152990296,0
122629341,0
61874832,0
173785808,0
60456076,0
154357690,0
72800927,0
67236879,0
36821631,0
42209497,0
194087781,0
42500473,0
60282243,0
32436616,0
119379616,0
89064229,0
108802164,0
79889879,0
41198781,0
144544530,0
130967084,0
152086763,0
165337210,0
113682486,0
85044250,0
111429442,0
139774333,0
81059842,0
75770770,0
64190912,0
118548733,0
125316518,0
55869878,0
68203952,0
134070581,0
94723953,0
193372896,0
147402886,0
63346143,0
161948176,0
35983337,0
71690301,0
94540546,0
92893990,0
143465940,0
122519522,0
91118370,0
105865759,0
56041442,0
57025905,0
90070721,0
176199361,0
152929775,0
97302121,0
63977403,0
112863881,0
81066119,0
88189269,0
212462980,0
36351078,0
41838864,0
102402189,0
72418845,0
32764740,0
76933252,0
58119102,0
73324421,0
35550367,0
38460203,0
154682755,0
77616682,0
43244217,0
78817142,0
193656252,0
84327302,0
100764615,0
88067586,0
78125905,0
45437825,0
162561680,0
31541640,0
165574505,0
88206333,0
44292319,0
112014937,0
36657638,0
133962262,0
150981802,0
113897702,0
33728241,0
35955208,0
146866947,0
135929925,0
85024097,0
73292523,0
138026348,0
140890457,0
153194528,0
130258051,0
113221881,0
116478663,0
132171393,0
149641381,0
55886597,0
35083999,0
206477391,0
66336534,0
84567617,0
39324662,0
97057009,0
126959758,0
151033923,0
198643916,0
145788258,0
38623989,0
43228021,0
95790502,0
160568425,0
75055895,0
66561166,0
121882429,0
76835858,0
94213606,0
143197221,0
151755924,0
152145191,0
100140629,0
59371713,0
40032115,0
122916082,0
43609817,0
78368253,0
87447894,0
82819365,0
133014543,0
123861038,0
92874232,0
129492111,0
124518353,0
111114089,0
195294814,0
73701322,0
75031191,0
102354391,0
143088813,0
164056165,0
74332532,0
95548450,0
76595238,0
45056622,0
148029833,0
155853606,0
72746773,0
95974393,0
43272789,0
142245880,0
61883872,0
89748409,0
121941528,0
59940221,0
44143831,0
127225290,0
102849430,0
93257527,0
190699980,0
175445915,0
139577099,0
131669918,0
102770868,0
174258434,0
71737606,0
39633570,0
124435439,0
109872384,0
135836332,0
112116801,0
136602460,0
153945210,0
40032618,0
194216303,0
65469519,0
94210339,0
157826491,0
60220558,0
94067279,0
38550993,0
34012179,0
133759057,0
107933204,0
106255391,0
31914691,0
87776305,0
105652714,0
163913737,0
214042186,0
75989688,0
62565408,0
61805764,0
74412101,0
132557758,0
32731657,0
58694519,0
64059725,0
163015524,0
35180612,0
108452849,0
77750060,0
204879098,0
72128857,0
99368786,0
135226311,0
37381129,0
91257383,0
93150403,0
185033337,0
41748103,0
62507917,0
141901539,0
93880882,0
103544784,0
84491286,0
105771159,0
99695016,0
80297928,0
153964751,0
78711596,0
45068593,0
120543005,0
127370028,0
31992019,0
80195294,0
161800487,0
57170268,0
104312234,0
137110646,0
58874729,0
117168854,0
89818602,0
71278393,0
81264883,0
31430360,0
58215044,0
60690094,0
96861917,0
62428477,0
36156657,0
212736734,0
164337350,0
119897040,0
133972941,0
103354044,0
78269971,0
31516255,0
33146477,0
107634264,0
32235029,0
98649845,0
121272882,0
84484821,0
125121219,0
159358845,0
98130269,0
144945009,0
33144671,0
147029243,0
93415471,0
62140215,0
125529080,0
56208287,0
91622943,0
120434884,0
99210340,0
129444520,0
60346918,0
74922813,0
42228911,0
38027953,0
100642459,0
117117601,0
97012359,0
68102325,0
63957644,0
37362446,0
38076719,0
55795758,0
39270448,0
177928002,0
99350182,0
65485439,0
115392612,0
43970087,0
204400432,0
177332954,0
62531861,0
32488855,0
157323802,0
39673809,0
135893832,0
45102920,0
55720601,0
173973627,0
109219006,0
37540622,0
213973050,0
108559845,0
55777746,0
111960101,0
62945684,0
145020373,0
81574324,0
38551714,0
45410092,0
95059678,0
92630827,0
85337999,0
99386009,0
80906133,0
113241995,0
127265597,0
118029148,0
32354718,0
128143084,0
140598584,0
102468572,0
205627006,0
117077442,0
98936261,0
40138973,0
40694267,0
116098071,0
101370401,0
154909687,0
162001629,0
108554190,0
195056147,0
206585197,0
185813954,0
114245852,0
123224399,0
35674033,0
119673237,0
144038456,0
159335770,0
130179854,0
109420573,0
137167090,0
214434779,0
61599302,0
44426151,0
142979803,0
32760733,0
104682690,0
174102188,0
204065902,0
151284562,0
61797316,0
108114627,0
88162404,0
39205002,0
42850163,0
41912778,0
45305651,0
37547462,0
35908673,0
115807717,0
92304903,0
127351167,0
42966743,0
95365172,0
127221579,0
37449753,0
88997964,0
82348259,0
78407672,0
63693316,0
135656113,0
123514704,0
42834066,0
86669517,0
155783986,0
31916014,0
61946327,0
31421073,0
161685950,0
71579801,0
124881032,0
153503999,0
160082376,0
36603572,0
68294752,0
57927710,0
113139934,0
112110485,0
41172449,0
61607326,0
60387048,0
83328943,0
76037921,0
156996753,0
131710107,0
148415192,0
60343010,0
119694713,0
72251921,0
126262500,0
77818911,0
62487872,0
95922508,0
63961118,0
149497828,0
123640600,0
145001236,0
36353388,0
35948250,0
73247507,0
130119492,0
142126428,0
99021051,0
36537525,0
128201690,0
94115354,0
93193178,0
140525321,0
67355581,0
119923016,0
59805758,0
112291089,0
206408422,0
113457804,0
58668908,0
100083583,0
150311764,0
34727972,0
157723718,0
101776516,0
56321965,0
38642869,0
159449211,0
56884770,0
72500891,0
118193684,0
177908529,0
39201104,0
32737204,0
127129811,0
121802140,0
195351426,0
61409223,0
37448164,0
41964554,0
111769766,0
66345999,0
87836707,0
192666973,0
76195074,0
152105693,0
115114664,0
175933039,0
109943810,0
150354431,0
158952020,0
40251496,0
62241695,0
64456523,0
65941276,0
164992159,0
67117437,0
42813261,0
88204034,0
60962890,0
130376220,0
139898414,0
97606391,0
94172992,0
44941917,0
194636107,0
194112248,0
162204953,0
80710991,0
74611832,0
119955714,0
155963297,0
78330432,0
213755346,0
64887578,0
155047931,0
54614632,0
59774116,0
54855500,0
107849253,0
151432527,0
128597885,0
32148157,0
100794747,0
80038910,0
68147607,0
118873167,0
97242143,0
45550003,0
128651260,0
214446455,0
80818629,0
71585890,0
92723493,0
43107947,0
39794494,0
140749766,0
87173213,0
76269728,0
77565489,0
105982645,0
147808833,0
42634147,0
179662753,0
77678950,0
208393111,0
129157887,0
35350054,0
107263038,0
177506471,0
90580713,0
36227797,0
181066122,0
31167671,0
121357840,0
136028236,0
166312001,0
67301584,0
59524820,0
61604010,0
32795287,0
151168791,0
151783539,0
199027725,0
40591721,0
106038102,0
35205898,0
140783994,0
83873794,0
189695985,0
107800636,0
62756089,0
143104002,0
36519454,0
212285495,0
151145716,0
64032288,0
32964235,0
96380922,0
66968850,0
36862491,0
85485639,0
75155124,0
123203712,0
42782685,0
32931063,0
154207672,0
148627733,0
33616892,0
97455149,0
81071616,0
40986278,0
33190071,0
128467597,0
44845392,0
163649004,0
101169969,0
75371318,0
196171274,0
139792750,0
40936891,0
179026252,0
74025291,0
38047584,0
74215666,0
166533742,0
213934321,0
137787553,0
84765769,0
73806650,0
98793073,0
137083277,0
44605551,0
74629982,0
213430902,0
136005566,0
76908696,0
84045673,0
75807771,0
43331020,0
90572541,0
140662884,0
103525962,0
94146483,0
43111017,0
155832959,0
39123016,0
82191283,0
42640789,0
112342687,0
83984709,0
147998398,0
98960915,0
151431935,0
38839699,0
41730664,0
77676364,0
195002585,0
69976967,0
157943722,0
129021953,0
81416006,0
143617222,0
96555870,0
213735686,0
37559611,0
180207752,0
89765425,0
181069991,0
67046978,0
140018685,0
34224119,0
143820476,0
125561067,0
121128806,0
115619139,0
84630240,0
107934665,0
83466841,0
115527499,0
82256975,0
67076458,0
98450538,0
160324290,0
78739152,0
194149249,0
73683240,0
32847004,0
82722110,0
177563212,0
32341315,0
198727591,0
98520168,0
81415217,0
141563851,0
45399008,0
34436335,0
76355011,0
121861821,0
87235233,0
179263211,0
102651249,0
78088282,0
75409405,0
35695312,0
32637492,0
38653084,0
139955312,0
135540609,0
104439700,0
83443114,0
128297464,0
59308577,0
89361343,0
174148033,0
32159832,0
63555151,0
103402454,0
129574127,0
39771261,0
112425799,0
165588470,0
124490265,0
77104302,0
60288046,0
123850744,0
144457135,0
75472126,0
70853112,0
163125373,0
77244243,0
36157713,0
112054179,0
193470171,0
121828176,0
83429524,0
61335912,0
192971529,0
108498713,0
99983564,0
36230393,0
129645406,0
58730307,0
153787148,0
196192129,0
32411675,0
194929629,0
193703982,0
144086176,0
106194062,0
69709136,0
105512151,0
163626709,0
105824159,0
90211343,0
80826258,0
179084068,0
196184490,0
126652557,0
129352150,0
71751019,0
96605287,0
134309208,0
43771708,0
43066189,0
95038794,0
127143234,0
93699686,0
165748111,0
77538367,0
78286068,0
74748339,0
148989731,0
75928684,0
106841932,0
185144114,0
78413939,0
185006670,0
74381031,0
75345657,0
71276616,0
126015642,0
78141795,0
145520486,0
62382800,0
126995002,0
71132323,0
67900166,0
79466740,0
125548622,0
76518689,0
83949356,0
116377490,0
88156186,0
145614455,0
123263404,0
117098178,0
176655248,0
34819306,0
35311927,0
77654355,0
111779596,0
152093080,0
37879238,0
77387727,0
94724249,0
115567353,0
43644597,0
132884106,0
101744282,0
63144724,0
173696469,0
57164020,0
108192143,0
96534295,0
77381904,0
88992398,0
73294941,0
194516912,0
40954261,0
34014440,0
125303579,0
63815186,0
78482987,0
112233944,0
120568913,0
83264731,0
57962530,0
165432343,0
63077660,0
151047336,0
90379857,0
106170651,0
91987990,0
62941104,0
152872344,0
68446044,0
151934811,0
120485544,0
132324213,0
41574694,0
40915286,0
126538948,0
72966036,0
171703312,0
76161922,0
35030890,0
91873079,0
87608344,0
74694342,0
147511304,0
134291601,0
128268349,0
148266476,0
130286436,0
116276306,0
194804344,0
62276603,0
178167301,0
179635977,0
117357255,0
176000301,0
77363566,0
213189906,0
44484954,0
56460229,0
178696528,0
141860491,0
90873041,0
96076178,0
132027967,0
36615761,0
92503352,0
163805625,0
76790488,0
125001244,0
114322707,0
113788041,0
41589973,0
128538687,0
133534967,0
112859055,0
116642242,0
105975697,0
132432592,0
67409321,0
58844686,0
144294444,0
125057757,0
160311351,0
113464180,0
81105735,0
125409727,0
39020362,0
96477061,0
44231562,0
39010640,0
90293952,0
145830411,0
39785700,0
126875393,0
73170564,0
159356664,0
45286376,0
32714583,0
212456792,0
77721833,0
175648400,0
63649238,0
121702950,0
34578221,0
134686799,0
95180570,0
125304497,0
36846621,0
107009321,0
85229621,0
101943904,0
114249366,0
45194263,0
130587143,0
69692683,0
85794557,0
161627413,0
80837924,0
100754548,0
155923365,0
78092397,0
102006774,0
97997977,0
56475862,0
198849125,0
110691127,0
45018456,0
91544066,0
163763502,0
117947191,0
40846772,0
88143355,0
42067859,0
110448730,0
35032608,0
66606665,0
76860513,0
117322307,0
75658987,0
214284317,0
113387937,0
75670752,0
135246692,0
56462943,0
94619710,0
71133181,0
188127962,0
98625408,0
74073119,0
104293965,0
77020894,0
44772476,0
106288336,0
135874182,0
89497277,0
176366729,0
71828278,0
112433448,0
165888566,0
152220131,0
98706141,0
154943254,0
121829686,0
37711258,0
158005348,0
36631187,0
105207960,0
122492015,0
157073914,0
102026207,0
74495578,0
70154768,0
79469572,0
38134940,0
44874843,0
126343549,0
58778293,0
75649542,0
213154968,0
163202237,0
33217153,0
41711033,0
125369044,0
175990480,0
39798511,0
118639415,0
102986203,0
131141825,0
60709261,0
40513939,0
154058088,0
101641312,0
40645442,0
93266884,0
62638492,0
113051374,0
100752090,0
43919199,0
62952089,0
42746009,0
91952065,0
63915116,0
133976306,0
61185015,0
61359885,0
90878223,0
162969482,0
120408147,0
193519963,0
193546670,0
159667517,0
38382864,0
33646639,0
97145697,0
180928381,0
59848503,0
135566043,0
152269815,0
177625361,0
86335273,0
94115157,0
38401242,0
88934720,0
115756455,0
83572554,0
75726347,0
40253717,0
64483753,0
132130394,0
41411096,0
63928913,0
132698874,0
86944781,0
143264462,0
192151552,0
70628707,0
178260746,0
81427494,0
88567798,0
147777062,0
102748188,0
100515536,0
176889266,0
133802414,0
95476007,0
84793918,0
87046408,0
39902063,0
33119405,0
115585977,0
84658220,0
112774265,0
176632064,0
58406140,0
64011571,0
179975116,0
166166355,0
116905464,0
125053454,0
164865048,0
122428080,0
67020439,0
64915617,0
38091889,0
31496684,0
100551747,0
162005005,0
129622133,0
84196915,0
72654917,0
106577999,0
89259183,0
34866265,0
42678175,0
37910614,0
179907035,0
78149049,0
205692886,0
136328391,0
159719856,0
75619568,0
119605028,0
156711068,0
139241375,0
159766697,0
44309048,0
35697760,0
178209641,0
102780620,0
134387691,0
64377655,0
102462167,0
179818239,0
111979821,0
147444832,0
59584185,0
149848574,0
115714775,0
165563263,0
144808207,0
64807792,0
121181352,0
88798480,0
36357148,0
44475805,0
45236939,0
63351423,0
67472437,0
35617135,0
185170880,0
166128288,0
114017233,0
174999937,0
153051744,0
77450172,0
100081441,0
148181223,0
82699489,0
41276731,0
133400365,0
65392082,0
114718360,0
32120295,0
180200330,0
73678848,0
141071022,0
65157748,0
155347690,0
110352580,0
84257051,0
150175771,0
35015819,0
135262592,0
100560324,0
167043753,0
99600505,0
42369711,0
122759284,0
61625950,0
123996340,0
102109072,0
146123045,0
117364529,0
95851072,0
122712492,0
175146639,0
59799609,0
113343425,0
153051606,0
86956901,0
111565080,0
106705406,0
121707510,0
95322140,0
106740028,0
119808194,0
193864550,0
108063069,0
63334664,0
118207778,0
196060942,0
175283294,0
63013093,0
113401528,0
123436457,0
111247763,0
127458647,0
68925134,0
92666743,0
135986330,0
77455551,0
81117786,0
71549254,0
59738240,0
159847499,0
58923544,0
33967835,0
72421352,0
41887206,0
33836639,0
154792505,0
196604659,0
194788720,0
157520030,0
86463993,0
80284436,0
185232358,0
125170497,0
133843432,0
80065963,0
65235866,0
85497522,0
76760859,0
125461888,0
71643134,0
86748553,0
162987721,0
74749286,0
74847370,0
41190352,0
39903386,0
134642583,0
98843753,0
199038355,0
36248928,0
135428905,0
198956210,0
55989241,0
36872460,0
123996498,0
31928212,0
109644673,0
77757541,0
126176506,0
157207005,0
87808687,0
36777159,0
138155225,0
145854868,0
72431646,0
150773731,0
118422728,0
185131333,0
39292526,0
136917409,0
157572644,0
179321699,0
62699111,0
166949163,0
43518010,0
117397681,0
86892146,0
180011485,0
185661597,0
196226978,0
66496451,0
116831541,0
78523965,0
116646160,0
63061563,0
31668464,0
123254195,0
80216316,0
122522868,0
77872710,0
71919246,0
84811130,0
70039728,0
85796965,0
108662973,0
67319428,0
85848968,0
141057046,0
94001005,0
77761992,0
129877746,0
45592215,0
134477820,0
129773286,0
66430226,0
79624979,0
103101214,0
86987812,0
76912072,0
96563450,0
163680202,0
76552709,0
132720379,0
128467646,0
175480577,0
104008191,0
107420666,0
96992817,0
126321165,0
35025077,0
112466925,0
35648698,0
174957982,0
89657441,0
59837884,0
34942646,0
32793806,0
174719078,0
120276753,0
195319064,0
130784022,0
132822974,0
101619727,0
86951739,0
64201265,0
155641726,0
194040358,0
128585153,0
144815204,0
208134893,0
41665959,0
127829359,0
175341623,0
55736698,0
198867601,0
33101935,0
41294151,0
103490817,0
59842039,0
170105147,0
62183553,0
120296838,0
100507028,0
144768728,0
55977082,0
34329527,0
66172077,0
91825872,0
88234452,0
94179911,0
165885022,0
88617373,0
41147321,0
131911151,0
64343644,0
68769954,0
113163019,0
66507081,0
74346014,0
97379133,0
33166098,0
162084416,0
126818188,0
127611320,0
92164094,0
115949652,0
121170100,0
141185795,0
98568352,0
78066944,0
79091724,0
120907786,0
78697424,0
83427086,0
66403342,0
144770051,0
160158974,0
32640225,0
157252652,0
33213205,0
63005938,0
117913279,0
44138255,0
34842529,0
42816093,0
111330450,0
104116540,0
130301221,0
92056140,0
192654882,0
149906627,0
63191802,0
159385740,0
83141371,0
164959806,0
206706149,0
110856709,0
65589306,0
87879570,0
100393853,0
166804712,0
78514579,0
150924390,0
142896494,0
199753812,0
121877356,0
37900863,0
175846976,0
115379149,0
178455730,0
124997000,0
99124533,0
106217749,0
66748630,0
120773816,0
133587039,0
31606325,0
41592085,0
40974593,0
212249600,0
37527209,0
84207732,0
193980390,0
98569487,0
77501435,0
193903308,0
80557923,0
147491703,0
208383607,0
116823556,0
42711969,0
115966026,0
79952926,0
140241324,0
185144805,0
40685996,0
39748581,0
37103695,0
155973206,0
105251682,0
59792533,0
96212398,0
125198685,0
40809573,0
62787849,0
177196704,0
37458013,0
101841241,0
195375123,0
177077065,0
211643251,0
155105135,0
78539638,0
143019894,0
71648059,0
107266493,0
135818497,0
79415082,0
38669034,0
161591251,0
116890689,0
66731476,0
66035916,0
115252720,0
75360461,0
152919886,0
90419770,0
174948902,0
87606853,0
124409097,0
176346013,0
154007388,0
44754286,0
91730650,0
66289209,0
34653536,0
182460164,0
142213172,0
81199842,0
116350792,0
120472773,0
103344835,0
64620279,0
178798639,0
173504584,0
157775060,0
147596380,0
40918662,0
83331410,0
39947897,0
37868777,0
31278743,0
151553380,0
63706788,0
44606706,0
79557046,0
60609400,0
74981765,0
122849512,0
163855072,0
156869346,0
152437786,0
208103211,0
94079014,0
32703134,0
88889122,0
117131636,0
121259993,0
67568063,0
115005555,0
33965911,0
195169875,0
123890114,0
112803627,0
32835357,0
154795160,0
80305557,0
155261469,0
62501946,0
67455372,0
147915809,0
32644637,0
66659635,0
98958161,0
154458370,0
102189855,0
149783701,0
31348028,0
37154128,0
41663254,0
105202354,0
180342857,0
101525413,0
113116661,0
138320353,0
61942991,0
87388005,0
112403612,0
179634496,0
81348005,0
143951288,0
60081969,0
161096527,0
150885366,0
70778734,0
179840485,0
33436633,0
120128354,0
86557951,0
82495395,0
80551912,0
149591905,0
36495717,0
36456604,0
56777951,0
59327990,0
61538022,0
102138928,0
32799629,0
144329689,0
67045320,0
63558142,0
34804452,0
181204306,0
36308481,0
61176014,0
39969413,0
87781368,0
194123480,0
86767838,0
31155590,0
94033584,0
65828092,0
77785383,0
164589528,0
55934159,0
92091503,0
127124975,0
176798140,0
76297797,0
36809067,0
80322760,0
40922600,0
135239793,0
117943756,0
91734470,0
166495221,0
141903355,0
122282789,0
105026261,0
125262966,0
119378165,0
120774467,0
73606702,0
84564015,0
115500111,0
99077455,0
38380131,0
96325948,0
122205244,0
43560015,0
85214511,0
144343111,0
37884538,0
154519788,0
139513401,0
32574672,0
108026413,0
108285283,0
84985802,0
79601973,0
117857585,0
174616868,0
88854105,0
79480429,0
188738870,0
38274595,0
135998667,0
113261123,0
175751251,0
121364107,0
213071136,0
91494096,0
110221956,0
41923111,0
117671977,0
139820533,0
97445161,0
101020849,0
77170813,0
145312474,0
90612029,0
196484249,0
150959062,0
122689644,0
137150341,0
33642336,0
43447777,0
75493632,0
79532757,0
97762962,0
68537377,0
81182314,0
66250323,0
136357417,0
108510843,0
137558923,0
36323799,0
149415762,0
139197771,0
149979741,0
145360273,0
94780279,0
76993328,0
108305427,0
118884172,0
81631025,0
166140211,0
133265537,0
171516342,0
42359101,0
59707753,0
69818225,0
173829837,0
118133095,0
166379786,0
77117803,0
177718934,0
75179522,0
68274204,0
58992226,0
195859622,0
77931158,0
117217511,0
108880746,0
60342882,0
109995241,0
78946118,0
88540321,0
115707630,0
142327255,0
144270007,0
82526879,0
129553608,0
37027195,0
157134089,0
86514061,0
71694288,0
40594544,0
129310175,0
32931556,0
72937878,0
67420009,0
162549550,0
151798482,0
65407696,0
81662302,0
115056611,0
45157173,0
31706403,0
90877048,0
141747169,0
31975971,0
126971740,0
79575572,0
106250348,0
79515861,0
118871963,0
32973117,0
174373859,0
134978328,0
74556691,0
68195148,0
33973954,0
174805467,0
40005388,0
33829710,0
86890439,0
151487698,0
97293337,0
142101882,0
63868719,0
205930299,0
76650132,0
43015499,0
39282913,0
100649733,0
102718451,0
86008570,0
46802505,0
104583115,0
79813242,0
60908726,0
62903965,0
64886719,0
37888180,0
164133079,0
61223842,0
147401573,0
126066253,0
64222909,0
66466922,0
195593281,0
91466510,0
145394599,0
105011594,0
102862843,0
177561070,0
184809722,0
83788294,0
66620828,0
72855723,0
80048750,0
96660231,0
35648718,0
33242962,0
64441629,0
95443783,0
134544233,0
105824988,0
180867891,0
62811418,0
39821172,0
149518653,0
166041219,0
185693762,0
56237245,0
183503598,0
44144374,0
71870826,0
119597487,0
194560269,0
43603194,0
56047472,0
64361834,0
73928293,0
190742548,0
155278899,0
61135588,0
41008228,0
37285651,0
102214381,0
136671261,0
113830954,0
117642822,0
91492704,0
160568879,0
65631864,0
176481493,0
132014969,0
195229921,0
145374327,0
126725473,0
76763978,0
162094196,0
130719890,0
143707104,0
40897827,0
185326435,0
136864379,0
99842438,0
36984914,0
65302061,0
77542433,0
130681546,0
194606863,0
112070088,0
34066600,0
108541498,0
37602583,0
50479446,0
69328455,0
78976921,0
105224817,0
38240150,0
65825289,0
32287101,0
81288461,0
59067808,0
93709417,0
180231814,0
139447719,0
87224663,0
136362036,0
44449671,0
148861229,0
126321185,0
159819401,0
114833341,0
190623067,0
93883083,0
79491039,0
89214434,0
109328934,0
113936875,0
146593075,0
176064897,0
78069273,0
138027966,0
166448379,0
88121899,0
135156089,0
92583641,0
92142321,0
200526089,0
56647406,0
130009051,0
62299659,0
88138233,0
62941341,0
193785110,0
122476628,0
134455663,0
132946877,0
125798589,0
104506685,0
82840032,0
39005587,0
99115888,0
87488290,0
34831544,0
36162717,0
200715605,0
89786901,0
179337224,0
42590819,0
82644466,0
153671022,0
124667306,0
114504712,0
76444805,0
57812355,0
77766325,0
140248025,0
100266397,0
67147283,0
42157722,0
116818059,0
164461608,0
145052302,0
59105845,0
64122219,0
98508877,0
74144072,0
78759918,0
196390340,0
61165000,0
157068791,0
61988243,0
38281592,0
79509564,0
153801607,0
69402546,0
126856779,0
86801908,0
80756865,0
97784833,0
94484309,0
104589590,0
35585858,0
42614141,0
195006414,0
111971767,0
119845816,0
84967465,0
43665116,0
146719623,0
32560361,0
138437308,0
62176437,0
122961256,0
107085613,0
153855791,0
64019200,0
62884719,0
67507582,0
142657472,0
116506387,0
89643979,0
63343241,0
39223488,0
146609172,0
91816852,0
83476217,0
110219518,0
35377718,0
137977483,0
65001364,0
63906490,0
38614149,0
103479141,0
126822699,0
94324599,0
71871379,0
44032759,0
65648218,0
97841228,0
40123418,0
56396116,0
179274571,0
72497378,0
154862619,0
59011768,0
58431840,0
129266018,0
43488993,0
84255402,0
84505597,0
115982932,0
139416916,0
103801640,0
169760520,0
131820429,0
43970047,0
61898124,0
79146175,0
62254111,0
96181467,0
74211768,0
198970472,0
44505138,0
61041857,0
195085026,0
194051649,0
144699039,0
129515808,0
194506637,0
65902153,0
40467651,0
139058432,0
140447687,0
64548310,0
75160010,0
178218376,0
83570097,0
45628476,0
145014837,0
65203839,0
136060668,0
176564329,0
43586850,0
88238054,0
151157797,0
112445933,0
89663146,0
110316329,0
161894653,0
120532534,0
154364954,0
108050189,0
124334858,0
99187561,0
213713252,0
195307289,0
42119605,0
42877087,0
78132280,0
160694825,0
93993228,0
33638753,0
91789789,0
96567329,0
76800614,0
35832203,0
74931094,0
173754383,0
71639502,0
37660005,0
76581775,0
62747611,0
119944700,0
91744182,0
94521814,0
38973165,0
58085437,0
59078260,0
43761858,0
45140572,0
40665605,0
41741540,0
72861961,0
86053052,0
116688846,0
142264839,0
79239028,0
35251348,0
75688468,0
87470288,0
116099798,0
95765127,0
133396803,0
85146746,0
73196807,0
35714153,0
61436394,0
36640465,0
32067196,0
43029741,0
66274691,0
124865833,0
38037428,0
81215160,0
96843155,0
40896041,0
76280604,0
56972570,0
167069582,0
145378739,0
128520369,0
131154162,0
44221130,0
38293554,0
132621377,0
154376946,0
106312803,0
142829825,0
32199942,0
126713482,0
93841502,0
131370474,0
39604800,0
77852734,0
132071098,0
184267861,0
80368545,0
60031328,0
108020994,0
135577501,0
193027124,0
115019126,0
165251473,0
33543857,0
62869086,0
127304533,0
149840027,0
120625940,0
185390479,0
175855533,0
135465185,0
82171455,0
131075955,0
142606535,0
211007352,0
60394164,0
74895524,0
41563887,0
105767389,0
38329490,0
133996687,0
43479094,0
111392787,0
204531036,0
87238520,0
126953362,0
134427525,0
43102440,0
164379138,0
196637771,0
59480318,0
193441598,0
85106754,0
87054570,0
67412390,0
69494551,0
65042807,0
91989481,0
79867090,0
84306971,0
66702854,0
130229045,0
134319838,0
106399004,0
107282797,0
113605789,0
95522523,0
111504116,0
58912717,0
97066336,0
73738540,0
71608373,0
85053834,0
39705085,0
195429692,0
38417142,0
164016302,0
122711614,0
32785861,0
114303797,0
153326928,0
164903658,0
108919178,0
132430845,0
135623671,0
33222710,0
71753802,0
175029388,0
77073380,0
38700231,0
77351447,0
103156464,0
62409646,0
90456879,0
117985692,0
142237244,0
79938576,0
203830541,0
44084841,0
179423731,0
128932208,0
124397263,0
32960326,0
78818257,0
158061723,0
45142013,0
101905018,0
90689486,0
82692807,0
157264071,0
38893222,0
32106152,0
95176869,0
108808530,0
131494032,0
113310737,0
124723434,0
86250553,0
163647771,0
200325085,0
36381842,0
83842103,0
175008563,0
205701265,0
200154864,0
74846097,0
104158436,0
60743775,0
159195760,0
198986865,0
111006767,0
98700762,0
207999896,0
127894686,0
110106925,0
98768399,0
179701718,0
148573895,0
123397097,0
36456130,0
97770335,0
138555911,0
152253411,0
76694091,0
34178216,0
115661608,0
157553004,0
185633567,0
110639183,0
55822613,0
64074421,0
40474500,0
164351325,0
116069045,0
122880147,0
131994233,0
123059537,0
63431377,0
72156916,0
196281261,0
107860100,0
56448474,0
106370165,0
161295262,0
72120004,0
208437218,0
119074181,0
126672217,0
136788709,0
62319842,0
103336920,0
63447188,0
35860312,0
196312045,0
213603314,0
179970359,0
42011375,0
106667418,0
77965257,0
85029051,0
92854492,0
58145602,0
76179490,0
195317662,0
45180683,0
110776884,0
121112866,0
32981349,0
56159275,0
124893468,0
98546283,0
102407726,0
118491006,0
78208592,0
90898672,0
152205248,0
69750026,0
44823403,0
125740674,0
32296694,0
143962411,0
116478268,0
44671924,0
42031904,0
81113138,0
144042631,0
37306732,0
118090882,0
81162022,0
33171388,0
154847232,0
32345539,0
132324500,0
74180402,0
147636638,0
74178023,0
60005992,0
58571554,0
123421278,0
103889154,0
118941731,0
41378250,0
41892407,0
191949344,0
91611544,0
38225592,0
46038016,0
91566400,0
94810036,0
65131120,0
176049530,0
137485809,0
64110356,0
43184841,0
122035793,0
42540869,0
89572859,0
164491059,0
74888803,0
154567311,0
65087763,0
145871706,0
61835649,0
140591813,0
57750679,0
165780385,0
204580779,0
43062744,0
192888052,0
144880738,0
74657805,0
37517586,0
105209796,0
88688167,0
75306396,0
98116916,0
77190996,0
96159842,0
106775075,0
120846861,0
86257846,0
82515263,0
185445245,0
35747868,0
140015724,0
73771277,0
154558231,0
39960728,0
213908591,0
65038296,0
106113615,0
130567217,0
79665148,0
82100878,0
74266287,0
196165155,0
56483699,0
63167256,0
82431559,0
39823274,0
102815617,0
59236825,0
69519106,0
56451050,0
123912093,0
132975933,0
152820736,0
115348346,0
81045136,0
131710581,0
121644266,0
98867391,0
65189282,0
79090481,0
31926081,0
77962760,0
137815859,0
74589566,0
143784561,0
44390996,0
88902762,0
162409234,0
111785627,0
31925271,0
191667715,0
105720942,0
39238480,0
71717363,0
93966599,0
56297380,0
168026648,0
67901123,0
125200126,0
44423338,0
129380101,0
90442095,0
74313444,0
71342141,0
213064750,0
95451363,0
115441782,0
44888296,0
84201939,0
112644568,0
56186505,0
44865211,0
144258706,0
177801217,0
194605817,0
73856541,0
61924061,0
33033253,0
95527665,0
35021781,0
68139948,0
82147620,0
116826616,0
150122347,0
176823613,0
181303387,0
84145396,0
41694265,0
32220688,0
70415760,0
89380944,0
45597150,0
167341825,0
112444245,0
75593068,0
151003012,0
118426745,0
97252378,0
152081937,0
89150233,0
196633873,0
74535550,0
40239613,0
90269199,0
133321014,0
36673587,0
73255857,0
58405656,0
119386554,0
100000609,0
36214384,0
63153133,0
175838942,0
212415172,0
90502753,0
38032227,0
174757027,0
144339183,0
58446753,0
164074374,0
194362235,0
44997621,0
40872630,0
214391096,0
128185573,0
82708697,0
39225512,0
177637530,0
139709105,0
98378697,0
107720090,0
196135675,0
213178092,0
155817168,0
131171799,0
167241669,0
98468106,0
118318298,0
35391950,0
141156522,0
132953983,0
39644674,0
95482245,0
101683070,0
213839188,0
120225007,0
77982479,0
109914093,0
109182292,0
151441113,0
99718624,0
60337236,0
72652548,0
37018796,0
85901623,0
173977693,0
113989657,0
39816928,0
64851396,0
156352278,0
66531005,0
56052436,0
67344596,0
96248659,0
99570748,0
113059487,0
144069556,0
92411623,0
85675648,0
129089480,0
83992861,0
72398001,0
32938426,0
36312646,0
81814343,0
94590763,0
211726313,0
60745176,0
34564818,0
124288471,0
124601140,0
31215548,0
77234936,0
116174640,0
113307480,0
62485178,0
83587743,0
92361131,0
32396969,0
129204116,0
113353680,0
85734994,0
175451788,0
90699435,0
33548723,0
81954887,0
35042911,0
31950113,0
125520227,0
109036952,0
128030107,0
60405386,0
78522643,0
85567596,0
43785950,0
67646339,0
115620817,0
96001159,0
116401769,0
180000086,0
34840831,0
35996147,0
123541361,0
133739406,0
192766034,0
124541902,0
124049646,0
88942004,0
93925848,0
93495740,0
38606223,0
142119657,0
151754799,0
86133953,0
181089078,0
176931725,0
136042903,0
40677478,0
37408281,0
110939150,0
91177518,0
63275348,0
57933553,0
79511972,0
74361598,0
34738385,0
148005929,0
82990020,0
145292163,0
138061385,0
54178988,0
44669250,0
62154457,0
112647361,0
160129346,0
92850081,0
40514758,0
134272128,0
155651862,0
145872268,0
155580455,0
203638972,0
73935636,0
59144406,0
177475125,0
145607171,0
75445883,0
91631796,0
123399338,0
66517079,0
165720674,0
87748058,0
154831865,0
165367312,0
119847603,0
152819868,0
86147149,0
134222444,0
133216179,0
164710461,0
62882133,0
61244253,0
58163209,0
89807795,0
191747362,0
188222522,0
31948258,0
93754729,0
146327474,0
117953142,0
105051389,0
38847417,0
167179076,0
55741643,0
99204813,0
136722376,0
157418037,0
36371794,0
116327283,0
178924743,0
77951509,0
44996200,0
189905971,0
143426788,0
111797421,0
141943209,0
155488026,0
195005822,0
80346417,0
113029819,0
38911727,0
87504723,0
64216277,0
151763218,0
116254435,0
73680842,0
160954612,0
191804123,0
72439503,0
81898561,0
107034103,0
103632574,0
99252641,0
130254627,0
183912634,0
32973591,0
132144162,0
132631563,0
161530987,0
32033403,0
82373822,0
160148670,0
111545637,0
194323270,0
175902710,0
33293070,0
95241910,0
162522113,0
120792292,0
78302284,0
42683337,0
34107757,0
193987476,0
62171966,0
109589018,0
40536116,0
175199570,0
171376727,0
140663091,0
200157025,0
70788051,0
179821318,0
164910823,0
82156917,0
140777885,0
196350881,0
92152971,0
87415837,0
60542662,0
33936341,0
36305451,0
31208787,0
32629122,0
58241376,0
45451583,0
65982482,0
86432548,0
78544958,0
128935820,0
39449482,0
37069141,0
33620553,0
116302441,0
35593635,0
35423493,0
148400683,0
137000313,0
31771227,0
67335022,0
82453854,0
40572900,0
136295041,0
40634555,0
138666224,0
94056640,0
123876661,0
41731888,0
94222982,0
36850559,0
32662402,0
130393295,0
33829641,0
128101572,0
170542646,0
44485339,0
69093677,0
61608885,0
62121355,0
110457889,0
127349064,0
74958226,0
129980785,0
185503436,0
33419293,0
38045739,0
40450280,0
119044533,0
64314835,0
120022532,0
175051042,0
116330372,0
125819868,0
98318147,0
96339134,0
164736812,0
177283290,0
131629324,0
35706869,0
152638336,0
37127727,0
84810163,0
74425563,0
127993629,0
94249630,0
106381061,0
213749375,0
112634778,0
34928799,0
31990470,0
113214656,0
123310166,0
66998025,0
102534225,0
84364550,0
192076553,0
75934971,0
162566102,0
139880303,0
193680433,0
39943505,0
120588879,0
75256080,0
57681158,0
33384640,0
86299062,0
70246210,0
59287969,0
144674375,0
101685923,0
153337637,0
149230747,0
56275845,0
131804293,0
66842322,0
74429442,0
130283051,0
125781357,0
75331632,0
74989966,0
75799599,0
82621776,0
89150292,0
114143899,0
74472917,0
41803936,0
55905735,0
103969078,0
35570817,0
88069452,0
89305442,0
210425045,0
180663985,0
95774227,0
58328002,0
41298711,0
108591092,0
125142418,0
144777996,0
204428915,0
195280888,0
35666690,0
104275075,0
78286740,0
155401756,0
31132831,0
40618211,0
125125502,0
42468723,0
192484928,0
39815655,0
99307950,0
151396572,0
115879756,0
60598139,0
44860207,0
64280025,0
120194213,0
39047760,0
65123895,0
120093317,0
77348831,0
62144528,0
87108320,0
83453171,0
77931434,0
82590874,0
143724603,0
33705373,0
58510590,0
63142809,0
42352133,0
31220068,0
145894031,0
61380651,0
33927340,0
61406953,0
57025648,0
113601673,0
95486015,0
153574991,0
64061521,0
74669737,0
79666027,0
152408384,0
56458136,0
120030052,0
113094553,0
104926449,0
138120948,0
130774962,0
94376375,0
185254189,0
83386779,0
78231184,0
34611097,0
95231665,0
84171619,0
43214500,0
82900849,0
103978484,0
108296248,0
116143955,0
75170600,0
103588170,0
76734804,0
185105563,0
82349996,0
34768388,0
193491558,0
44278808,0
40261257,0
123866910,0
75872871,0
147499825,0
102205271,0
58825233,0
130715883,0
34435931,0
102623565,0
131294903,0
114147630,0
180206795,0
64435155,0
86383980,0
101977717,0
41389264,0
150119198,0
97222927,0
38521552,0
198602661,0
59411082,0
42795170,0
150979808,0
74946333,0
89325744,0
178474739,0
58446625,0
35981156,0
166314982,0
90584256,0
94397161,0
126123141,0
44586710,0
81234830,0
96967689,0
42332996,0
59933175,0
136093928,0
111319574,0
112421032,0
33763988,0
62319556,0
82068288,0
84239088,0
65139687,0
135317576,0
130158507,0
175891577,0
65440976,0
190093493,0
38045808,0
114426989,0
173109346,0
89158316,0
141493638,0
120164032,0
120846654,0
86667356,0
75306820,0
149193341,0
40971237,0
160772864,0
163664352,0
79005365,0
99256993,0
154446882,0
80016990,0
33716575,0
90116102,0
85878636,0
31445964,0
196375437,0
39809407,0
41359073,0
89266033,0
78383935,0
93770303,0
145893083,0
114936073,0
121856018,0
144606531,0
80770258,0
118703686,0
59482282,0
64503285,0
39044217,0
61548000,0
45688414,0
37674977,0
89674476,0
104171691,0
56097452,0
139800626,0
74500759,0
58300703,0
125459124,0
83435811,0
35344142,0
93905102,0
37186126,0
88016827,0
158471933,0
121859837,0
44918901,0
154372267,0
158656070,0
76277871,0
60754434,0
77721685,0
174459715,0
109219056,0
61334974,0
65103702,0
114518708,0
38790114,0
94182813,0
66459282,0
170629390,0
114665646,0
130972867,0
141927427,0
77919117,0
101729378,0
125640300,0
166475718,0
189231551,0
64813940,0
78553880,0
213681640,0
73098032,0
72322893,0
84652417,0
180590150,0
81336951,0
163847107,0
149814692,0
180257199,0
55753516,0
78200410,0
111286126,0
72362914,0
37446920,0
84540219,0
85862322,0
101552801,0
35477875,0
145956417,0
81283398,0
138671228,0
100032478,0
79431367,0
39638910,0
85794528,0
38995560,0
77201557,0
79719224,0
155407579,0
83972283,0
107629961,0
205860640,0
82799922,0
66952358,0
116898230,0
129050791,0
66379881,0
127118501,0
43666330,0
115391970,0
196180700,0
33418345,0
132543763,0
88279546,0
99257793,0
136303914,0
62853936,0
80099894,0
112105747,0
121777308,0
118798819,0
146771448,0
103923470,0
110850245,0
143626381,0
92871044,0
74525355,0
192169841,0
33478816,0
194759437,0
109345130,0
141514345,0
84642005,0
36607757,0
92503954,0
61136704,0
112307117,0
95098317,0
90614151,0
44658926,0
62790484,0
63920465,0
102566193,0
139275277,0
59637935,0
82376220,0
213795209,0
149070089,0
61711213,0
155938830,0
81681153,0
63002779,0
44099665,0
35521390,0
32653086,0
38323696,0
36419257,0
72987680,0
106868333,0
32734885,0
154349952,0
44218564,0
61954835,0
88069126,0
101052403,0
145729445,0
34785759,0
134037725,0
77524856,0
195979241,0
64758483,0
125495099,0
185154566,0
100600967,0
70901147,0
115325025,0
61270072,0
67027041,0
81040033,0
41410346,0
114795510,0
150393011,0
131811458,0
195024752,0
125400874,0
161793331,0
120874663,0
44984435,0
115702172,0
144896431,0
192092996,0
106028075,0
37895563,0
63860083,0
79022884,0
90956548,0
34914903,0
75062014,0
76619635,0
62939081,0
182546237,0
123690659,0
129183577,0
115773075,0
185029113,0
90124728,0
132147705,0
87726799,0
72845163,0
35227532,0
154854822,0
33951294,0
105219428,0
196654313,0
80805818,0
61613435,0
71313845,0
167220972,0
142553229,0
85798772,0
64579261,0
68026595,0
132617745,0
74453454,0
129469687,0
61870834,0
104438940,0
114151302,0
77383730,0
110179684,0
79661664,0
152342791,0
131713305,0
177892037,0
116496073,0
100404493,0
68658250,0
151673740,0
41617450,0
79658437,0
60014826,0
96696433,0
135106179,0
41002553,0
208366197,0
110006344,0
213128300,0
42058384,0
134922229,0
42161581,0
43502731,0
180225636,0
166381414,0
145983361,0
87821389,0
90181961,0
67322152,0
31324745,0
151336624,0
73212075,0
75441570,0
115793821,0
34009969,0
208178447,0
147305325,0
194428618,0
43473221,0
147382041,0
36875105,0
84880938,0
206297281,0
56783606,0
33862872,0
91511427,0
212706454,0
108148579,0
32351243,0
194121841,0
123705246,0
203580584,0
135850396,0
32603422,0
36918689,0
41630596,0
71187257,0
56362964,0
58791024,0
104032747,0
196583360,0
122218795,0
35523739,0
134587965,0
74169032,0
125408009,0
59031872,0
137570974,0
116499833,0
31865156,0
104938539,0
100618920,0
82171998,0
156528361,0
33609460,0
141031297,0
132251198,0
171186500,0
67677419,0
45160805,0
34828899,0
95924630,0
60729908,0
33575074,0
115078502,0
37645645,0
132080819,0
36806659,0
77540706,0
37698990,0
37616509,0
77592285,0
167426003,0
138218153,0
72975501,0
85757694,0
192277814,0
112920266,0
121128717,0
118101650,0
66616870,0
142455214,0
74508033,0
131705606,0
100666550,0
144107455,0
161423912,0
38890596,0
119716288,0
112322523,0
35420226,0
203568533,0
214393761,0
118283557,0
62236108,0
66888492,0
73265944,0
137563483,0
116814022,0
141013077,0
59436516,0
123655385,0
117061295,0
43009340,0
65211024,0
125332408,0
94220495,0
45265591,0
144542013,0
209988463,0
85956014,0
180250419,0
76332982,0
37266168,0
160818649,0
33946714,0
93379802,0
165767169,0
62897313,0
134149064,0
40524618,0
134751268,0
203899924,0
69911038,0
87013049,0
66741987,0
127267917,0
59914067,0
83356311,0
91733286,0
40723263,0
196346864,0
161738289,0
31776931,0
124664128,0
91816032,0
123613321,0
161609293,0
139435026,0
37367401,0
77307477,0
93756653,0
116214473,0
72231905,0
124887970,0
140623544,0
58154504,0
33368227,0
86686335,0
102538666,0
73724949,0
195319488,0
67020587,0
32055126,0
107927885,0
65721381,0
103661048,0
87149081,0
83837652,0
63587820,0
147662003,0
162625438,0
128077224,0
84652822,0
156820482,0
180391041,0
106239501,0
127945998,0
63507195,0
98143811,0
81669803,0
37286648,0
58027028,0
96099825,0
42625383,0
82818122,0
67944954,0
152911556,0
111859372,0
89700631,0
31263347,0
112120700,0
95594472,0
65073195,0
100403782,0
173478301,0
37562098,0
108009704,0
100716106,0
78102050,0
96390564,0
111822608,0
98454950,0
157028869,0
84114198,0
121502518,0
59079227,0
104929223,0
156960107,0
73673104,0
104867952,0
74986719,0
61862741,0
57896947,0
44857216,0
84918502,0
159698942,0
133748052,0
113044810,0
176091269,0
82259976,0
58090658,0
72103127,0
75043469,0
203991583,0
62404257,0
113687411,0
162434096,0
79055572,0
81381551,0
160046293,0
99339967,0
174421667,0
86471731,0
175493881,0
67348583,0
80732576,0
82677539,0
109644988,0
118426982,0
127330865,0
209963799,0
74073248,0
90982643,0
63635056,0
166122673,0
74799670,0
114576761,0
129820601,0
56440055,0
73118975,0
74908246,0
59980045,0
118668758,0
75818727,0
43333843,0
36885349,0
88893662,0
145352150,0
99119826,0
145116424,0
92186488,0
196061663,0
179137167,0
57089376,0
41279781,0
203618039,0
83623639,0
105556910,0
42659749,0
117362446,0
115370770,0
191888754,0
31394652,0
152209748,0
166396830,0
33481935,0
83783635,0
32482489,0
56438624,0
109726659,0
136773717,0
85852906,0
34664057,0
43039600,0
112357728,0
62636084,0
76949092,0
148268490,0
105738619,0
72085144,0
136019137,0
112172910,0
56234925,0
70680305,0
75099410,0
89416287,0
40377936,0
88243739,0
208073474,0
107585745,0
112799324,0
145871765,0
60169433,0
95715868,0
68289403,0
127838923,0
194991107,0
58570883,0
130517928,0
75419067,0
95042465,0
189342673,0
99901153,0
144382175,0
67526246,0
144775617,0
150230468,0
203623615,0
89050658,0
90275930,0
142287154,0
45063886,0
94524706,0
175090738,0
35241300,0
45272865,0
156503233,0
89939179,0
80136629,0
125923953,0
205610544,0
95867929,0
113593027,0
31767989,0
134127331,0
122703116,0
101433044,0
32185582,0
94102188,0
101219722,0
90259734,0
33963433,0
196611676,0
195558194,0
78244587,0
32916565,0
161347225,0
121178993,0
177505544,0
162594990,0
194204667,0
38888415,0
130527205,0
76133764,0
125220556,0
173672821,0
108375896,0
78587585,0
43589584,0
115297261,0
94192978,0
142624340,0
74766943,0
44132965,0
41617262,0
135041493,0
93111211,0
144819053,0
182329678,0
37230578,0
99938795,0
89153598,0
132602201,0
194003475,0
66091403,0
42475602,0
38867728,0
61667619,0
116434950,0
91436151,0
105919657,0
171108619,0
116772313,0
91705562,0
106882170,0
175761506,0
76233625,0
94631070,0
198928812,0
114272885,0
119809595,0
144764958,0
100183246,0
84320423,0
34169975,0
71750288,0
64138978,0
127376897,0
57889712,0
61449906,0
74107732,0
76376231,0
35417039,0
120027141,0
126122135,0
167077971,0
67153135,0
117955886,0
134106634,0
114916117,0
78470768,0
198694656,0
83368806,0
165923593,0
88172441,0
110265441,0
75848355,0
119829581,0
118248431,0
131021850,0
164261828,0
88318659,0
44050119,0
139115537,0
116876556,0
41522455,0
39700003,0
161654999,0
128252597,0
83451730,0
87514286,0
56020913,0
73956826,0
100216753,0
36310593,0
69187034,0
126058890,0
205559291,0
35274087,0
96637235,0
81873433,0
117306614,0
87898559,0
119888206,0
83057223,0
34771409,0
94373039,0
41360810,0
95744105,0
101580130,0
101942819,0
138000312,0
82160845,0
178455690,0
126200391,0
40190186,0
115757738,0
61851490,0
85008966,0
145296752,0
179393303,0
115822857,0
31947014,0
188700438,0
144850221,0
176425473,0
85264372,0
113258547,0
104003868,0
107193379,0
81934427,0
105200508,0
156809576,0
198862222,0
120167862,0
86263087,0
32257107,0
144889463,0
112075813,0
67237876,0
65397737,0
88039053,0
37100882,0
122403396,0
105764092,0
126715870,0
134028023,0
79036366,0
163533372,0
121056718,0
154230155,0
150385194,0
83144588,0
150262239,0
85309999,0
143176149,0
84320226,0
73978440,0
134065814,0
92835108,0
92008973,0
39782414,0
60255121,0
165356071,0
63985002,0
122548410,0
81194749,0
43188750,0
60128247,0
62520077,0
167336288,0
129213285,0
103726976,0
166216582,0
67432978,0
77478498,0
108889549,0
184508205,0
75025102,0
80136412,0
198758009,0
59020937,0
40147234,0
36766273,0
206450783,0
118378621,0
108724934,0
88068445,0
37658791,0
83443203,0
40897847,0
44331729,0
67193650,0
115818594,0
43734756,0
135745867,0
144490790,0
163766453,0
39808637,0
69634837,0
61003632,0
151235007,0
185393065,0
75765648,0
64102026,0
40095162,0
41275744,0
65940852,0
32208114,0
129659055,0
108042589,0
64581136,0
32873267,0
38561860,0
76072257,0
144418663,0
179801322,0
34743063,0
39576465,0
165785981,0
133623458,0
99044757,0
37211066,0
175692043,0
149922714,0
194125197,0
113617761,0
76946763,0
64475620,0
177364023,0
99041796,0
94067200,0
44149250,0
199200937,0
121010617,0
100843868,0
130164616,0
192690038,0
75054800,0
65320903,0
174564895,0
154044626,0
64151295,0
152570798,0
101835496,0
41603277,0
195460446,0
96554311,0
194715162,0
110655063,0
129286339,0
78904024,0
82420011,0
68047914,0
34685977,0
89332485,0
32734796,0
214066870,0
99293392,0
41954674,0
103561740,0
72624706,0
83582740,0
79036040,0
144176858,0
36795141,0
143567449,0
125910027,0
64020701,0
123015055,0
136494674,0
74484248,0
179240778,0
67040750,0
42339559,0
66500162,0
145811018,0
33716308,0
75541983,0
61203837,0
41717912,0
88295624,0
156833766,0
155462503,0
31263297,0
37191830,0
41924276,0
154901535,0
58743463,0
71488783,0
133490357,0
127705584,0
123018716,0
132401029,0
116898950,0
103353382,0
34585179,0
46271303,0
97304944,0
36972123,0
96791043,0
57074858,0
82787496,0
150057198,0
77279892,0
44470120,0
111172971,0
204971171,0
163166677,0
70520812,0
72747760,0
95872371,0
116524892,0
177992668,0
105024938,0
75887014,0
159533735,0
90014553,0
138522581,0
194859851,0
36603227,0
58318942,0
212716225,0
108252318,0
204064184,0
144596642,0
161369353,0
76085107,0
76472489,0
109524846,0
153893414,0
156722467,0
43728430,0
74193637,0
113015774,0
174526029,0
106794617,0
166108085,0
144571020,0
162760296,0
74161709,0
111684137,0
130797583,0
139412149,0
152807748,0
156403886,0
128858966,0
184763108,0
34493638,0
81486475,0
58833434,0
33922672,0
81873324,0
113319531,0
137200686,0
162727312,0
77857313,0
149553966,0
108415413,0
84197675,0
126707619,0
63257652,0
108898688,0
109696271,0
34034238,0
89430598,0
33762824,0
131261612,0
151214616,0
118069317,0
92781053,0
99843573,0
65483258,0
67393924,0
213010457,0
111574170,0
72292228,0
57017733,0
36015265,0
60187751,0
74595981,0
82247037,0
35151665,0
107412198,0
95707627,0
84088014,0
133022932,0
146088817,0
72335437,0
72101449,0
77122946,0
111088458,0
146705549,0
93844601,0
186740374,0
31471842,0
85265152,0
78309124,0
204002766,0
60032453,0
76603627,0
55855617,0
126837720,0
176563065,0
79375544,0
145347265,0
198849786,0
104993099,0
114111863,0
102158173,0
74926366,0
155919219,0
105074928,0
34098627,0
35413604,0
144522146,0
155690136,0
128488787,0
64873523,0
164787641,0
35767666,0
106721316,0
92092569,0
182216483,0
67497417,0
86949252,0
139119929,0
79689585,0
78847146,0
177741980,0
111207031,0
43215052,0
144557607,0
126545570,0
151726157,0
154396290,0
123873089,0
62392571,0
80211293,0
91341413,0
90945573,0
62873379,0
79750984,0
40029045,0
129134792,0
84337251,0
82560495,0
149332206,0
35042339,0
80986935,0
35494268,0
167166413,0
175125577,0
59655266,0
194667009,0
110863460,0
104939714,0
145926630,0
139869190,0
34901589,0
33979018,0
119256690,0
181231546,0
62354080,0
182323095,0
146901392,0
107628461,0
32396999,0
118388175,0
81379716,0
183720246,0
107902115,0
164426098,0
107461793,0
61671626,0
39714955,0
125061961,0
65296949,0
127825214,0
142328745,0
114717225,0
78095289,0
107643581,0
112291681,0
155168794,0
63112727,0
164291012,0
42561201,0
114024655,0
45397616,0
89152088,0
36491858,0
145774628,0
66566052,0
42590247,0
80731204,0
83546419,0
136143375,0
122398274,0
64858324,0
63188239,0
131305285,0
37072823,0
90512100,0
142139722,0
60865369,0
32142541,0
77553132,0
84851329,0
32753864,0
194604198,0
127490930,0
39448910,0
32222643,0
165519669,0
99017241,0
149794429,0
80253831,0
81238195,0
66218099,0
123224014,0
147132863,0
37753500,0
106495134,0
35445897,0
91141376,0
112529005,0
134299743,0
41239167,0
75537996,0
93896762,0
177009172,0
137163774,0
165577416,0
79093550,0
137031452,0
65152073,0
58782310,0
106004121,0
107947002,0
181100567,0
128530456,0
140744970,0
137253558,0
57998120,0
116636734,0
61450083,0
95990332,0
114155496,0
70941464,0
35782066,0
174620135,0
120660444,0
63397406,0
103660712,0
35803522,0
32467409,0
107511565,0
57019964,0
131294834,0
84618584,0
96364074,0
73639153,0
42473697,0
148081253,0
123805255,0
87690844,0
121984678,0
86399495,0
110613216,0
34300401,0
40719404,0
90532076,0
74649909,0
166526063,0
80428128,0
32385205,0
124465620,0
82689155,0
117207829,0
97008046,0
101383548,0
98555709,0
72313635,0
115692440,0
114220715,0
124594182,0
67674823,0
37028903,0
38855224,0
35062335,0
94001024,0
31456455,0
62069056,0
120342021,0
66648779,0
34692442,0
143576411,0
132245020,0
112229621,0
86543265,0
85893974,0
117351560,0
153154980,0
140608739,0
83698954,0
138495006,0
78148151,0
165935732,0
70275276,0
88982153,0
87309818,0
106813458,0
40410121,0
96714455,0
105183839,0
44898175,0
115719335,0
62072806,0
79996234,0
78697897,0
90717249,0
85552012,0
35424352,0
115799348,0
151104619,0
40932983,0
152995201,0
114438724,0
41919223,0
39959060,0
116428831,0
98869414,0
84086306,0
126213409,0
85577120,0
103907649,0
117142996,0
79825362,0
74952412,0
120240788,0
71787072,0
150560686,0
39760217,0
60428461,0
142798311,0
103941009,0
66531350,0
127146728,0
106861316,0
90768897,0
32648516,0
87191738,0
111209084,0
110486510,0
192563391,0
33435390,0
80322533,0
164507768,0
36258146,0
35267514,0
88491733,0
82504969,0
91062676,0
89498659,0
99358729,0
59206949,0
62978411,0
139957612,0
79461213,0
77561511,0
129962950,0
31762206,0
78983336,0
65177764,0
40902338,0
145687065,0
128935584,0
83406636,0
164692676,0
32002086,0
83646922,0
149882989,0
138690394,0
65104600,0
141313952,0
73924562,0
75487582,0
58173493,0
134544371,0
64216198,0
184350025,0
38811709,0
61719316,0
96906636,0
89964208,0
113142628,0
42366029,0
105196570,0
102032741,0
159083237,0
125645176,0
75232670,0
176077106,0
128187754,0
167169137,0
119652264,0
115932301,0
89455322,0
63914583,0
129209939,0
38800289,0
56576680,0
98726305,0
101774275,0
64132207,0
76733797,0
164443340,0
165472779,0
104513396,0
112564990,0
41805969,0
89343904,0
79234755,0
34736144,0
42566234,0
119055755,0
79422218,0
106816547,0
109875740,0
213127185,0
86276214,0
125315206,0
159511805,0
128116772,0
93336484,0
80527604,0
149067237,0
81375551,0
60447154,0
142248160,0
119399266,0
105833525,0
36741658,0
101508714,0
87197887,0
108149122,0
75707802,0
90198059,0
131931699,0
74024048,0
93379082,0
81898255,0
152930466,0
192057870,0
44757356,0
174079320,0
125411878,0
125908221,0
122555645,0
41638393,0
77206906,0
129260688,0
44125721,0
78961939,0
106919941,0
153786921,0
57112807,0
74661841,0
145037991,0
183920105,0
129974754,0
149279828,0
86832692,0
160040381,0
101848850,0
31862027,0
41929191,0
94088380,0
129119553,0
123695505,0
119766040,0
78023616,0
108794771,0
93828820,0
68652970,0
106605960,0
109867824,0
103453144,0
83139505,0
35666759,0
78948319,0
87189448,0
163168414,0
38087329,0
84436056,0
79911928,0
78263141,0
72352147,0
111882447,0
155268339,0
122777888,0
98841710,0
180842141,0
117995512,0
157069383,0
214011413,0
134223816,0
137932024,0
100625384,0
132707411,0
209951087,0
156728862,0
101095365,0
84177788,0
75329066,0
94817517,0
166493020,0
82768132,0
78135192,0
33773138,0
33407992,0
88924140,0
193586099,0
142144973,0
101855019,0
152454850,0
193643728,0
38749352,0
135604130,0
79538590,0
160127678,0
87967064,0
67168897,0
39100345,0
103798176,0
74501756,0
61799418,0
122900498,0
55833302,0
59241602,0
34446649,0
88912612,0
33186439,0
147636124,0
83994726,0
181137805,0
76272176,0
178372282,0
65510508,0
35982103,0
143874404,0
129099577,0
165786336,0
84538196,0
127121422,0
43201087,0
163585612,0
72120083,0
64997130,0
80946647,0
44667108,0
95559346,0
92384127,0
35381745,0
91436122,0
45870923,0
57881629,0
133121372,0
42607618,0
76202960,0
36610372,0
115674033,0
38144879,0
43808650,0
40494476,0
89102404,0
61878385,0
85956922,0
92110689,0
59386379,0
60808934,0
211555934,0
113088819,0
80509631,0
173300382,0
195341843,0
137997775,0
135483957,0
32354076,0
116774672,0
94293984,0
77494625,0
37830019,0
213506188,0
76952803,0
144764701,0
93951272,0
97597814,0
166660684,0
133606818,0
100146748,0
76778427,0
96884903,0
93526464,0
42250900,0
92012783,0
61717984,0
153969143,0
194539947,0
89361195,0
166973689,0
113400995,0
164024928,0
38333803,0
32881123,0
74019508,0
136165365,0
38523595,0
195255434,0
93497260,0
191232307,0
80015983,0
128323333,0
31504826,0
203992037,0
143684740,0
33950623,0
87607465,0
176969249,0
166985434,0
33811886,0
34770540,0
31658624,0
162553024,0
159991171,0
66812891,0
45104618,0
159105601,0
195069600,0
155898148,0
112577682,0
156713091,0
111191516,0
39077556,0
134271703,0
101902906,0
84698182,0
159889771,0
97633384,0
36503001,0
72483630,0
144157217,0
84605862,0
60372194,0
61268108,0
38731143,0
33305239,0
110038134,0
84982259,0
161335155,0
131898429,0
104209186,0
32657645,0
86147830,0
128230055,0
109725327,0
83188607,0
112079958,0
207111049,0
95488275,0
39344776,0
123476844,0
99904341,0
117755839,0
157414879,0
40621133,0
113409571,0
56928522,0
104983002,0
61749675,0
42115568,0
178315601,0
71826719,0
41328132,0
75549652,0
127421083,0
163583362,0
92525193,0
86673673,0
121353517,0
40975708,0
61671301,0
106426155,0
36379730,0
110476621,0
126664193,0
56961121,0
164218076,0
98590302,0
147593172,0
105260999,0
140194759,0
78331222,0
35091361,0
64120818,0
94516721,0
79597107,0
73999818,0
106540781,0
130720738,0
65175365,0
96465830,0
116367462,0
180843750,0
89015966,0
154242709,0
117954455,0
163919283,0
60203819,0
40475161,0
39024576,0
76404527,0
100659158,0
68899858,0
102234633,0
60615697,0
79758150,0
62398730,0
185653178,0
65873413,0
76569675,0
73250991,0
178139547,0
36703097,0
153617746,0
61114329,0
63260050,0
87160056,0
128704813,0
130527334,0
36600513,0
102843223,0
154105680,0
142756987,0
154400149,0
111143500,0
64076681,0
174584802,0
142356636,0
144111728,0
62851350,0
118918518,0
174137028,0
138050449,0
41895980,0
66629385,0
178296661,0
39656409,0
41908958,0
71421650,0
80220027,0
141527678,0
174402323,0
192032545,0
84347121,0
180380993,0
43987388,0
122453356,0
79173415,0
34284955,0
87516349,0
121442945,0
196272852,0
104177090,0
63982140,0
36579777,0
165943332,0
64073681,0
65483337,0
145915231,0
121350151,0
62658113,0
66170597,0
153074020,0
83212343,0
76876699,0
160176364,0
63857596,0
117998463,0
116388316,0
62042921,0
135728191,0
176735576,0
101796739,0
112113821,0
128062597,0
145668984,0
42356367,0
151304745,0
62792261,0
173958605,0
89921029,0
122047913,0
140034664,0
143874364,0
111192276,0
89163635,0
84517934,0
39771350,0
74233787,0
75746836,0
32022951,0
133138831,0
136200658,0
43284692,0
121756976,0
78857074,0
39266401,0
111038991,0
116699061,0
133052117,0
156523723,0
178319796,0
148392837,0
31596426,0
116309508,0
133846689,0
119197758,0
35537961,0
149801979,0
39651286,0
206299344,0
88780882,0
74385098,0
106034569,0
36832942,0
66589305,0
111786910,0
81667405,0
106497019,0
113195963,0
131413861,0
35244301,0
110655330,0
94807717,0
86332391,0
110382445,0
95784946,0
58671553,0
66531291,0
115995723,0
36114030,0
148545421,0
69680494,0
123225139,0
76387433,0
85401757,0
184954854,0
212288407,0
67808112,0
44198282,0
61370505,0
87717334,0
66959770,0
136114003,0
110777940,0
97686493,0
126155652,0
124349415,0
128338176,0
100137688,0
122681551,0
129376666,0
84268243,0
109800366,0
37216633,0
120745391,0
111131992,0
62714014,0
57199689,0
106468210,0
62256914,0
40696467,0
66263548,0
143176050,0
163834661,0
61774764,0
124057946,0
127067643,0
121752417,0
62294704,0
57080306,0
145912369,0
62450496,0
35129142,0
130440432,0
130027290,0
117689722,0
44514218,0
127618515,0
117537760,0
169276524,0
194766178,0
101838043,0
87703714,0
179146819,0
51746595,0
147867695,0
165941013,0
32484424,0
37557933,0
101375346,0
94182408,0
56657700,0
130510437,0
166601417,0
133729852,0
77599795,0
118122149,0
133213445,0
64132573,0
79696948,0
104612606,0
33390671,0
78789892,0
113798986,0
79556474,0
123633534,0
120169944,0
126773045,0
83417996,0
136817538,0
70299151,0
129561771,0
93240591,0
36780051,0
152897038,0
73192997,0
40106857,0
117985130,0
144957040,0
78954359,0
31906983,0
59286074,0
99665930,0
122859520,0
143584662,0
129030983,0
45071791,0
125970705,0
106958413,0
89796366,0
65898551,0
154277450,0
131790288,0
127513828,0
113262040,0
165461666,0
77137404,0
127069567,0
204248539,0
111223109,0
117571060,0
118384533,0
135804463,0
132161020,0
101924668,0
113780274,0
122238051,0
88947659,0
79402479,0
130661244,0
39263361,0
175108720,0
73827919,0
66543964,0
67281006,0
105164682,0
56622209,0
111834886,0
39774113,0
65352377,0
64569658,0
73651105,0
95505971,0
118489072,0
43169386,0
113130528,0
99943859,0
31742694,0
164962619,0
121382385,0
83099583,0
123916791,0
174501986,0
38853901,0
65577137,0
36317581,0
39910502,0
59667633,0
89888173,0
110944924,0
37972911,0
113650202,0
38208626,0
92866573,0
86152321,0
121825442,0
87450045,0
147581101,0
100584021,0
78567096,0
150548585,0
89110172,0
74127619,0
36278793,0
196230541,0
59439161,0
117234803,0
107611090,0
75747182,0
38227576,0
41667992,0
164516789,0
41738619,0
189694514,0
163086536,0
104202366,0
114302326,0
32808315,0
106912934,0
67742528,0
37833108,0
34697870,0
165528019,0
174219706,0
137049770,0
32457016,0
206445108,0
121803482,0
64980460,0
38525569,0
61997215,0
39690390,0
153574122,0
146354093,0
80504301,0
163457939,0
83181826,0
90355163,0
87102250,0
144159912,0
132370847,0
82550399,0
157431016,0
63181182,0
32526212,0
129634401,0
96747015,0
207126081,0
129229224,0
210560338,0
196257278,0
73865068,0
61909573,0
76446236,0
146971594,0
132795270,0
133557332,0
174159590,0
33074498,0
81732870,0
173530768,0
73866410,0
32894447,0
39350323,0
56261593,0
213189581,0
31473619,0
89713520,0
41436263,0
39142686,0
73354188,0
63953893,0
60208240,0
155929997,0
31318231,0
143883918,0
96089107,0
85293428,0
81245509,0
157144856,0
138597679,0
201177138,0
39908133,0
62111692,0
33129235,0
88855151,0
71572853,0
95957229,0
31784758,0
117115677,0
180844105,0
82664156,0
40606753,0
144729763,0
110103708,0
101857298,0
137786763,0
62160191,0
84896196,0
64467429,0
37727237,0
145795680,0
41836880,0
31555980,0
119714186,0
152233958,0
83415983,0
33640352,0
109443175,0
75189490,0
177732939,0
59704545,0
82075602,0
86329440,0
115643457,0
78470304,0
80464260,0
31581316,0
131154557,0
74136749,0
135223281,0
64231279,0
86708581,0
60239537,0
61239298,0
67550811,0
150482015,0
78911841,0
154282326,0
192567793,0
42782596,0
90805987,0
96055758,0
93100472,0
142227068,0
104091974,0
74017850,0
43218043,0
37531137,0
71584509,0
134481946,0
107949479,0
81939381,0
89859699,0
43805255,0
175470796,0
143138181,0
103844296,0
90371813,0
89354415,0
103404418,0
40966322,0
31453583,0
190691907,0
80643335,0
117752256,0
66113106,0
32744281,0
35711261,0
130553261,0
120014478,0
178892618,0
150037212,0
35060697,0
74112321,0
34084119,0
35503575,0
41094222,0
194013226,0
160499683,0
34961349,0
125642758,0
76295794,0
111006313,0
68356428,0
145974468,0
151589365,0
192016418,0
102258133,0
64324645,0
152295821,0
99968819,0
154847834,0
113015587,0
57635254,0
37088505,0
43770119,0
87221939,0
137972943,0
42203013,0
154991082,0
41726361,0
85134024,0
32838308,0
139393189,0
83243827,0
76600577,0
164088212,0
37196854,0
65991868,0
44176658,0
51119223,0
193897999,0
196201633,0
160132455,0
57208828,0
60483227,0
130724518,0
133603462,0
151824281,0
109081099,0
207009373,0
177326203,0
65198460,0
75020157,0
64378395,0
194444715,0
37181467,0
131431656,0
118612984,0
88078709,0
75306099,0
138001901,0
105234519,0
59195451,0
123624552,0
115335506,0
124743055,0
116684612,0
81407281,0
140703290,0
100615416,0
63382651,0
55886469,0
161176323,0
103394667,0
65975830,0
59946765,0
125291134,0
41982052,0
67274018,0
106443605,0
41677694,0
65755205,0
81428047,0
91726150,0
95901664,0
62045872,0
212319111,0
195209087,0
88013432,0
57644354,0
118219404,0
108514840,0
61267792,0
181169516,0
157182203,0
60967509,0
121174255,0
75699837,0
72325430,0
67289346,0
38060809,0
62723697,0
36689971,0
61633145,0
109204222,0
179857786,0
34626996,0
73977443,0
67225707,0
96424012,0
86206880,0
41890275,0
148888350,0
77423149,0
143102877,0
32794172,0
195450132,0
82817500,0
140472006,0
141473860,0
188810682,0
212454887,0
66275797,0
206161189,0
32679763,0
61309747,0
42171026,0
149207504,0
119468373,0
87224219,0
88099436,0
165867494,0
65949409,0
44360489,0
194448417,0
75361636,0
198993695,0
34754966,0
90174391,0
58084529,0
128939995,0
123832969,0
35455688,0
71935896,0
134862843,0
126689439,0
44089381,0
129719704,0
82454821,0
88412904,0
75995481,0
67026735,0
119680116,0
144659916,0
120362826,0
89356932,0
156977488,0
129609579,0
179084957,0
121029192,0
84825283,0
74731945,0
92096072,0
113009408,0
123533219,0
88420109,0
69926208,0
137494741,0
130291342,0
137985912,0
160894546,0
89765030,0
64130046,0
87336209,0
95625473,0
78636716,0
37476598,0
40050235,0
162031741,0
100618081,0
76347895,0
37881498,0
75552563,0
165618277,0
128359396,0
107020769,0
83624754,0
130674529,0
120852615,0
90619984,0
56566712,0
162238875,0
84545006,0
82257666,0
137576096,0
89199206,0
85895129,0
77170862,0
101862667,0
60571866,0
42150003,0
71918535,0
181126612,0
39770166,0
35924366,0
33360450,0
161486959,0
81846577,0
89048289,0
125058428,0
192845474,0
79880385,0
90089888,0
151118486,0
36450465,0
78788895,0
176645516,0
137769422,0
31879526,0
116778896,0
42702287,0
64807111,0
100844509,0
85814287,0
62823419,0
41504117,0
135636068,0
38600785,0
86097791,0
63109845,0
35688166,0
68754232,0
97816011,0
115069964,0
184492503,0
154414766,0
155191918,0
94792932,0
86012182,0
163737939,0
146725851,0
123774610,0
116059984,0
139791102,0
140776286,0
103816671,0
34228225,0
83918770,0
61239683,0
149792465,0
90089710,0
157219500,0
189927694,0
42843847,0
94832568,0
56105466,0
37257049,0
103155517,0
60596205,0
123791457,0
67637713,0
82017815,0
76972335,0
109676018,0
55829650,0
208521791,0
92601603,0
98727341,0
39399236,0
136843663,0
177181870,0
161173560,0
208253357,0
116769214,0
34549352,0
111009757,0
62029074,0
146123085,0
100758575,0
34094018,0
82139764,0
105249166,0
44874300,0
134506205,0
91980470,0
164833159,0
82138441,0
56931818,0
92434491,0
138888773,0
112642496,0
32085840,0
129964796,0
41034047,0
181193736,0
90531286,0
41531604,0
56394981,0
96051395,0
143857961,0
59634106,0
127843739,0
80467083,0
130897592,0
146473209,0
31535274,0
33742650,0
136475556,0
40739923,0
103100839,0
196494504,0
41624210,0
64771047,0
85241613,0
85527140,0
39619437,0
152977712,0
116346331,0
33626317,0
60738653,0
60495179,0
115980060,0
94710363,0
166152903,0
79467667,0
84565377,0
119525025,0
78262816,0
33030519,0
123696699,0
40263113,0
65581579,0
79137786,0
89328635,0
45642402,0
211579809,0
89980562,0
74637503,0
45383927,0
41103845,0
175510048,0
119939538,0
116250330,0
180969271,0
74265123,0
130822839,0
75023750,0
139785368,0
63574506,0
56754856,0
36556741,0
73699890,0
56417602,0
105896375,0
63088526,0
180495244,0
36881214,0
88427195,0
111229672,0
61833488,0
149480428,0
108495111,0
62688087,0
33487699,0
85943519,0
91865973,0
88229754,0
63098396,0
64990458,0
196274234,0
68228833,0
33218160,0
118556629,0
73894904,0
135316589,0
77492286,0
75740036,0
103192804,0
146695551,0
118949370,0
163025986,0
125699577,0
213561211,0
91772409,0
61681605,0
56864419,0
41875510,0
64044644,0
106633535,0
108018932,0
38615590,0
35771555,0
111542193,0
94318115,0
156337819,0
125677726,0
86423458,0
126682629,0
99312530,0
59674453,0
100432759,0
113248993,0
79867189,0
74793364,0
180717034,0
163883950,0
175356181,0
72017952,0
154337901,0
203710793,0
175549428,0
62495936,0
161421642,0
121360534,0
124442624,0
76190475,0
176412544,0
144497610,0
83565458,0
102505731,0
44971180,0
101837451,0
110582788,0
161454705,0
34634606,0
142126971,0
78188053,0
104265877,0
85675856,0
38335520,0
151853890,0
37603324,0
68420225,0
114831623,0
145369076,0
84434496,0
61193503,0
61249148,0
150387494,0
181006588,0
162281827,0
62181006,0
58588530,0
40842064,0
112734471,0
130038630,0
111645755,0
106778352,0
45137177,0
165873130,0
33470397,0
77928039,0
77813768,0
100957970,0
151024843,0
56065938,0
33411456,0
45391862,0
92077784,0
154231408,0
45133693,0
155153328,0
34832649,0
157949762,0
32606906,0
103664541,0
96640107,0
67120724,0
45617245,0
105591759,0
103763879,0
109585672,0
62334370,0
43997505,0
198802007,0
88024802,0
196347190,0
61945804,0
145299022,0
121103836,0
59416797,0
44461277,0
137252679,0
116228301,0
121560729,0
117584207,0
180933780,0
147764992,0
63615948,0
56050226,0
90830996,0
137875135,0
113662509,0
154398915,0
42488995,0
163441249,0
134548309,0
156297659,0
36976495,0
124713525,0
92942569,0
41663629,0
71744732,0
41639824,0
34142300,0
43825467,0
79969764,0
195664668,0
67156757,0
137844293,0
81048719,0
98267862,0
134378532,0
42848239,0
178983171,0
35056462,0
31338346,0
191954762,0
81255339,0
83538149,0
140783392,0
91707161,0
39436573,0
146713731,0
71590381,0
91518829,0
71285539,0
108612786,0
130003643,0
120520493,0
51391654,0
89749436,0
38723119,0
125689619,0
48114748,0
86951610,0
208085110,0
104366922,0
78324629,0
132156075,0
192089729,0
96432747,0
156155873,0
73655359,0
186267196,0
78092358,0
114799843,0
99010362,0
60010296,0
82276340,0
126065384,0
161065468,0
145619192,0
34144560,0
117173522,0
145039086,0
101611476,0
204322304,0
32938386,0
43538874,0
60415887,0
94174868,0
74539656,0
143222368,0
40758745,0
144313295,0
184770332,0
35233553,0
63332562,0
59568137,0
141126430,0
63924255,0
142964347,0
84604994,0
110103086,0
77906266,0
35337677,0
172969010,0
153706809,0
151965061,0
104262560,0
77471204,0
110219794,0
133462534,0
36106144,0
136699202,0
141128769,0
67069599,0
114987879,0
43718264,0
87169097,0
73152285,0
181144388,0
86319146,0
83574943,0
157319904,0
78500900,0
79162825,0
31876723,0
40054173,0
150060672,0
120139240,0
68337310,0
193580089,0
155559847,0
31899610,0
149931942,0
56600624,0
66985628,0
96581808,0
33023748,0
166115379,0
38968616,0
211723490,0
122250457,0
49177566,0
55841937,0
108497874,0
93094334,0
86834251,0
91527297,0
132626006,0
35021593,0
77174534,0
153065492,0
79598410,0
89245000,0
88586461,0
38637688,0
76992726,0
130765645,0
110121118,0
65055321,0
77593548,0
94783862,0
82617778,0
44260303,0
44442170,0
138903617,0
66309057,0
131357278,0
85186471,0
141930674,0
90208481,0
33072909,0
134257067,0
119603488,0
60883065,0
44411248,0
96488333,0
178707227,0
133986689,0
108295152,0
117956004,0
71982402,0
31916320,0
111365359,0
37966298,0
113754573,0
192365002,0
152975215,0
31792900,0
192443515,0
185099493,0
45059464,0
38917619,0
60892855,0
123570566,0
150613073,0
80861630,0
131563099,0
96541332,0
126975924,0
40302108,0
114185648,0
100658151,0
118041288,0
35066983,0
168247332,0
114537608,0
61568005,0
109925571,0
113649087,0
94612032,0
165800489,0
104053423,0
56279151,0
76449671,0
95511232,0
128391008,0
120988529,0
33511080,0
38251164,0
174485168,0
143279405,0
113617909,0
130740626,0
33746727,0
119892588,0
107654704,0
103402345,0
73149611,0
99494239,0
113366500,0
39703121,0
35862454,0
66973321,0
126210142,0
208428365,0
118715056,0
205715892,0
101725608,0
196523106,0
162047671,0
94711330,0
34583462,0
101518495,0
75813091,0
140800190,0
79218193,0
39960264,0
115201941,0
112025675,0
99237935,0
66996712,0
58668582,0
176047013,0
80329432,0
95436173,0
155508999,0
80897457,0
44681814,0
37014868,0
32254788,0
41822885,0
118629634,0
139925220,0
63917751,0
64060860,0
98318029,0
212162490,0
41121344,0
86012093,0
110403803,0
32477673,0
175508992,0
194939883,0
105196955,0
189872315,0
116467096,0
155953319,0
67122382,0
121568546,0
164059126,0
123334100,0
83645727,0
126772512,0
161780530,0
44498259,0
60584637,0
144537937,0
64826850,0
33520071,0
38455317,0
39758895,0
61457022,0
109003987,0
166930569,0
178651671,0
40734919,0
41377707,0
38906565,0
43717573,0
192648517,0
121437389,0
167228443,0
72485534,0
192223571,0
56899900,0
118440987,0
91072585,0
115588425,0
78517224,0
155017157,0
99986130,0
112712086,0
34438102,0
159402331,0
71878100,0
38232708,0
129397076,0
109549569,0
42333272,0
99990463,0
196365735,0
81767749,0
34885166,0
164741885,0
37300169,0
177663210,0
37027659,0
64896727,0
73624092,0
126293925,0
39197265,0
87154095,0
66421660,0
36178370,0
94311137,0
135566507,0
134732644,0
72131620,0
98706447,0
33652827,0
194208319,0
119590638,0
41247606,0
146879264,0
33257382,0
77519082,0
64072723,0
73283867,0
76753655,0
72190453,0
65278532,0
106154445,0
42686199,0
101520548,0
77303382,0
63244081,0
61534202,0
63182831,0
114435803,0
85098296,0
141160332,0
34179903,0
162383820,0
113582595,0
145284089,0
86851819,0
59269779,0
124034496,0
95276997,0
41027533,0
94639065,0
60705659,0
141977091,0
44749726,0
92001818,0
181347277,0
82004086,0
76818646,0
65181021,0
77198705,0
157015081,0
32867710,0
40445325,0
61666928,0
84690879,0
106433567,0
33682308,0
180156657,0
88121316,0
121797422,0
37240626,0
65308635,0
122426027,0
114590400,0
75472254,0
64384820,0
112726003,0
45549618,0
82586225,0
115498384,0
141938520,0
137305580,0
178123312,0
77862347,0
129088977,0
63178192,0
166712243,0
188116621,0
114823668,0
127904101,0
188870896,0
84803817,0
100938103,0
67599340,0
56682768,0
65275927,0
108843152,0
40989279,0
33246999,0
93508620,0
44911637,0
124613200,0
32013900,0
63088842,0
71394233,0
59302872,0
38981722,0
55765221,0
73847520,0
61375153,0
120911191,0
85940233,0
75257492,0
184695935,0
37727750,0
126443341,0
56000414,0
44189715,0
64338462,0
152905822,0
109760038,0
63191624,0
77995823,0
38475204,0
142825976,0
106457531,0
78366930,0
77265078,0
134405348,0
45481755,0
112703776,0
69314549,0
196601214,0
121361136,0
96568651,0
127925262,0
44071694,0
56054627,0
88245831,0
125737812,0
96286144,0
125147955,0
99393579,0
89701075,0
87552719,0
39469281,0
41670745,0
79377449,0
74093490,0
83721980,0
73961070,0
126888065,0
34371423,0
38103772,0
84784127,0
64060949,0
162614611,0
90602466,0
74905966,0
85125773,0
56621952,0
147404347,0
109683569,0
194784289,0
119249041,0
102598950,0
43759390,0
157687181,0
121456467,0
133671266,0
86268821,0
59305379,0
84573460,0
73856975,0
112823179,0
86351075,0
88685591,0
83764676,0
149421230,0
94772393,0
103153089,0
116548184,0
103086035,0
36138201,0
102564308,0
206635996,0
32679872,0
102504656,0
84370137,0
87795768,0
101596622,0
182114649,0
85672342,0
66018733,0
160708267,0
166304471,0
59187763,0
60488508,0
157415580,0
95812363,0
36285337,0
40992190,0
43358211,0
79092316,0
50989231,0
90378603,0
59560745,0
116036662,0
64015470,0
99800414,0
164337498,0
77086310,0
61765585,0
123480357,0
99753474,0
66335498,0
87019365,0
59957483,0
86510350,0
126716225,0
63713914,0
161271052,0
77151962,0
102501497,0
139143636,0
133444877,0
108079403,0
165452586,0
166662806,0
91418376,0
68876516,0
85927866,0
63672649,0
43277112,0
88774398,0
82575221,0
109936606,0
77298812,0
44933321,0
80107691,0
33246555,0
83825354,0
61682049,0
93988441,0
110084383,0
76141966,0
126515073,0
74494867,0
112250524,0
33582348,0
103574136,0
83681959,0
32421959,0
142238211,0
44673109,0
76610901,0
96704921,0
56898992,0
193394639,0
44649954,0
136477619,0
61180732,0
178087949,0
177755314,0
40421925,0
131441673,0
147502579,0
148390804,0
83028176,0
76537944,0
147384084,0
141079914,0
139287041,0
121630201,0
156981860,0
77174248,0
87977161,0
138758050,0
97073482,0
107409000,0
81492505,0
63395570,0
213121609,0
106595518,0
147433028,0
74521486,0
159603967,0
98779314,0
126665476,0
96704230,0
38408298,0
83230207,0
42084667,0
63917208,0
42185159,0
41992721,0
78248199,0
45212334,0
100725107,0
114956681,0
59061037,0
165564221,0
92750763,0
155540197,0
176367835,0
128716794,0
56885875,0
193700557,0
81262692,0
80124805,0
34183605,0
83458708,0
45344617,0
126609259,0
107936155,0
33113651,0
101726368,0
194995933,0
119794337,0
43187852,0
203967314,0
90996776,0
86499977,0
157195408,0
106302420,0
88231540,0
94910893,0
125308948,0
132706088,0
92128909,0
122620596,0
126173851,0
146314584,0
76375688,0
35929626,0
137502479,0
177366422,0
39003218,0
96400947,0
42102866,0
79466118,0
41064870,0
200150304,0
161394599,0
56010254,0
95072469,0
139127815,0
121649526,0
75528225,0
33026364,0
130424502,0
206611894,0
104922452,0
109003030,0
140210925,0
81121862,0
163678899,0
110687821,0
114658688,0
33676011,0
74525177,0
57225942,0
111355953,0
116815789,0
143008583,0
31624722,0
103328077,0
149417045,0
68554214,0
74828193,0
59729614,0
113263955,0
78291102,0
157144748,0
159534485,0
61631694,0
79467401,0
56845656,0
77769681,0
147346274,0
62710836,0
138852631,0
99162008,0
109979262,0
32077026,0
180006935,0
196082744,0
117856815,0
33918438,0
96817237,0
147944313,0
175836830,0
148653908,0
162572467,0
40779510,0
68143550,0
39771498,0
80688952,0
33499059,0
126008970,0
80255972,0
40947678,0
107578155,0
156050485,0
121647601,0
204256020,0
82451969,0
56652903,0
119357439,0
92147197,0
87524748,0
121989366,0
44732109,0
40887306,0
180190638,0
69867099,0
147286326,0
163957459,0
81853693,0
82695630,0
156728399,0
75701456,0
127407098,0
106067099,0
75753173,0
133915322,0
84873733,0
117571929,0
78444614,0
80575412,0
163011961,0
124599531,0
198882316,0
80041299,0
38433002,0
152915622,0
72670224,0
40890583,0
35318204,0
126705991,0
74642211,0
97672458,0
32678302,0
136700781,0
43186825,0
83149059,0
134135434,0
130547724,0
34702785,0
109470405,0
59170303,0
106025400,0
35346283,0
32384919,0
73818859,0
32145285,0
39148252,0
33782336,0
107405615,0
41921986,0
103538743,0
43401459,0
68120909,0
108728793,0
87246889,0
84348838,0
103275955,0
64046559,0
162362669,0
48639061,0
114921940,0
87530413,0
84784018,0
81435518,0
59407845,0
185252512,0
64685951,0
95434101,0
71993387,0
139769399,0
41242789,0
42033443,0
45030418,0
213500542,0
112659758,0
36258432,0
106938546,0
124430859,0
80769468,0
42066339,0
106630288,0
96689396,0
38950357,0
165950596,0
106379640,0
164293746,0
108050426,0
81709124,0
96775193,0
136704067,0
117948582,0
137633814,0
62224196,0
81172385,0
162335824,0
60921240,0
177117342,0
144866467,0
106031342,0
32957731,0
32419373,0
176110801,0
164474528,0
139835397,0
42185356,0
109988253,0
174367937,0
133761731,0
36982229,0
62677477,0
43531975,0
34362422,0
88315264,0
61793763,0
91625253,0
32675815,0
111321351,0
34928681,0
86987082,0
206057519,0
122732518,0
196498077,0
96412396,0
65376113,0
169514244,0
105109066,0
136102574,0
143532363,0
45214427,0
87670730,0
191781422,0
110667933,0
86126521,0
55767086,0
140280368,0
162006623,0
193927953,0
107599740,0
56306312,0
162525182,0
78213497,0
64557666,0
112131379,0
91956467,0
133875814,0
32829988,0
162218129,0
75490928,0
57228370,0
83920162,0
194717788,0
200912859,0
130773936,0
152913392,0
132957684,0
68780929,0
73960507,0
137791204,0
67294429,0
35148921,0
83773361,0
143418961,0
130626375,0
33697359,0
34539848,0
131452747,0
36380953,0
78660906,0
117483951,0
41292177,0
191889781,0
72655232,0
119268711,0
98579869,0
119140900,0
38619774,0
124121882,0
75908767,0
44763702,0
141376062,0
70209120,0
92717009,0
176054514,0
90644076,0
74259606,0
90845436,0
60967766,0
34158763,0
185216685,0
40405650,0
55727470,0
180779341,0
81225681,0
87392308,0
69247653,0
117724197,0
33640105,0
196427489,0
144886236,0
35815208,0
92791860,0
110099484,0
88833931,0
84241368,0
124105320,0
33007434,0
76755421,0
191828293,0
104800365,0
125437658,0
141597022,0
35728089,0
81220391,0
91344147,0
141079954,0
155282205,0
85374013,0
78472683,0
41950341,0
102470536,0
85307176,0
141947768,0
89352431,0
31711407,0
155429263,0
196219181,0
126059472,0
87578617,0
97781724,0
97092017,0
124557368,0
88124554,0
146139606,0
40097688,0
195005052,0
132309794,0
204000930,0
143617597,0
40605470,0
143667497,0
138616520,0
62995880,0
34862051,0
129915211,0
39880212,0
129453807,0
65194907,0
179712298,0
65413716,0
139925240,0
85987232,0
196429049,0
129275305,0
84078776,0
32947121,0
123799945,0
112219307,0
63549526,0
113069159,0
72980298,0
123949144,0
36827721,0
45291568,0
194012150,0
57141735,0
176899678,0
73553001,0
35923902,0
175315557,0
150315752,0
44833618,0
147330749,0
78834730,0
36338790,0
121281153,0
110356064,0
84896265,0
72401702,0
175102344,0
37552100,0
133553019,0
83764133,0
42585510,0
71539276,0
66449975,0
79735716,0
67416970,0
89271964,0
148717725,0
97996220,0
200339563,0
59195126,0
93860837,0
114504545,0
107118577,0
157602470,0
64046125,0
184745392,0
113033451,0
31545499,0
31241722,0
141083448,0
78207941,0
163201990,0
39677944,0
36658349,0
147242159,0
92131366,0
122523568,0
99982301,0
178271237,0
90933206,0
41755703,0
89183769,0
66672091,0
144141120,0
73636202,0
69496910,0
159960793,0
39202871,0
143279602,0
132991300,0
146477522,0
98924940,0
126751322,0
153996078,0
59662303,0
175974916,0
75746669,0
117189541,0
66137948,0
109528744,0
93539285,0
92390818,0
97128811,0
123471702,0
71301034,0
194130211,0
121729134,0
104892971,0
111393320,0
98898579,0
44056130,0
88954449,0
151746410,0
76756981,0
56072314,0
177788327,0
119559884,0
119559223,0
108325561,0
85957406,0
42350712,0
85604390,0
94324748,0
64542566,0
77216687,0
114882817,0
110191922,0
112292302,0
86145293,0
119136903,0
62533292,0
118480939,0
191564755,0
59026740,0
192769123,0
59470843,0
45461058,0
176339716,0
77375953,0
32573783,0
140603272,0
43957523,0
89375309,0
100665909,0
130725397,0
76680304,0
111218134,0
144456799,0
100905987,0
107893756,0
84906826,0
55737339,0
119939716,0
45046969,0
67165206,0
65152971,0
92211971,0
37892730,0
73618269,0
205744958,0
43396850,0
149615572,0
139935889,0
118129048,0
84245375,0
33500450,0
97649699,0
192606186,0
205963836,0
82678289,0
71994857,0
86050052,0
124614118,0
112444087,0
106645843,0
120252740,0
33548880,0
61584310,0
143521585,0
83588227,0
110904745,0
176838250,0
100636399,0
116121255,0
150704535,0
84043541,0
76105478,0
67081808,0
194091699,0
36383885,0
113247828,0
150032435,0
42891566,0
191934243,0
143663036,0
113514811,0
124817501,0
41541987,0
112565207,0
86251954,0
68426482,0
149347889,0
114259196,0
56849890,0
41886791,0
81455129,0
56429959,0
91597421,0
77840505,0
112089334,0
125845509,0
156880045,0
177093576,0
42564803,0
169874859,0
124248706,0
87051136,0
201447091,0
43196428,0
81426863,0
100251652,0
103855232,0
72257083,0
153903333,0
117005196,0
122321005,0
156900722,0
34151291,0
32808552,0
72883724,0
42906854,0
61608106,0
121311245,0
128230164,0
60585131,0
138320738,0
32524218,0
63610855,0
81828625,0
120983575,0
92025821,0
67020883,0
58145010,0
82899141,0
60608315,0
82642522,0
58663786,0
112505368,0
178054057,0
41375249,0
34140524,0
76842372,0
159089583,0
179739479,0
103025021,0
137003521,0
162934603,0
38228662,0
159317097,0
132365380,0
177256297,0
72035204,0
40814962,0
185720755,0
83400833,0
174611864,0
136771753,0
149436005,0
135364170,0
133274864,0
176811148,0
96315387,0
131285230,0
106273877,0
203550945,0
94452322,0
75904424,0
65267755,0
128199726,0
130660188,0
35367513,0
160180470,0
77543322,0
192741370,0
33414654,0
76633916,0
74832891,0
113107463,0
99807540,0
44508010,0
95454561,0
88685670,0
79749277,0
115056532,0
132037965,0
79091172,0
73376888,0
56648699,0
112147032,0
76366638,0
41452301,0
115493666,0
87328856,0
31704340,0
154797253,0
72042300,0
111740246,0
36865729,0
65351804,0
91408112,0
36679469,0
66895568,0
82453923,0
166345696,0
120328667,0
108930054,0
37750351,0
66519882,0
129425027,0
113427208,0
138757794,0
206635295,0
39176529,0
34831189,0
34840930,0
42892099,0
108783441,0
121493833,0
207292680,0
92273340,0
107843480,0
152129321,0
79309073,0
84652614,0
89995692,0
83544416,0
121880445,0
62171926,0
59802876,0
139937409,0
149017899,0
81323261,0
74063457,0
208382817,0
34819957,0
44852410,0
124027410,0
41593516,0
178791504,0
62216359,0
106773082,0
95444207,0
76079926,0
138364174,0
90435216,0
116299875,0
192633742,0
87568283,0
37470745,0
105710155,0
79968076,0
132456851,0
135974289,0
144353938,0
43849451,0
115372182,0
167119799,0
111965362,0
121534841,0
111875726,0
178513289,0
131956383,0
68436006,0
162202180,0
84029734,0
121285298,0
39572981,0
141494270,0
96540099,0
86530435,0
31167681,0
106237991,0
93981828,0
37464853,0
115418105,0
196197202,0
87953592,0
64170827,0
142523107,0
115454455,0
106121609,0
36242009,0
134747981,0
80122012,0
59386093,0
96424052,0
147393688,0
130133546,0
185118206,0
129517861,0
37283302,0
107358300,0
106614546,0
135998618,0
132982871,0
179628821,0
135964824,0
57917446,0
112358064,0
117401520,0
39749449,0
85038792,0
38749895,0
35569731,0
45124169,0
38823453,0
141687744,0
34240671,0
58629341,0
135387679,0
73773360,0
121610156,0
126850107,0
107672805,0
192377033,0
80808246,0
174247370,0
159900953,0
103998085,0
31166940,0
31886306,0
108365759,0
162280209,0
144591164,0
192928744,0
117614743,0
195298337,0
75015153,0
43976512,0
43672716,0
199013247,0
76296662,0
98213352,0
81514929,0
148284074,0
195057490,0
151212000,0
65842748,0
69508901,0
72706673,0
75122604,0
107532094,0
102268851,0
77390353,0
39548889,0
91055964,0
150047348,0
117616628,0
117900794,0
92071023,0
56333641,0
206274364,0
42299854,0
116067890,0
77999051,0
45669179,0
85712324,0
198932474,0
122577664,0
145674245,0
36296785,0
107258844,0
211713029,0
110808319,0
121669571,0
36661092,0
125454959,0
77449017,0
58744203,0
40056641,0
124977912,0
206831799,0
128715561,0
153595490,0
88106167,0
131829904,0
61070459,0
43749866,0
207361747,0
106614882,0
60385686,0
88121948,0
32593710,0
66966975,0
117280775,0
95904111,0
96490306,0
177473645,0
102890577,0
144231772,0
118096834,0
58769450,0
116390458,0
64063890,0
40873528,0
140062269,0
72200332,0
35667500,0
125501978,0
96895019,0
125253432,0
153859265,0
81570880,0
32713418,0
81506402,0
175910132,0
36761101,0
73824593,0
35026854,0
70254441,0
173741711,0
206084798,0
34672683,0
92797999,0
62050797,0
154367224,0
90045899,0
136954222,0
89420275,0
65764275,0
134514930,0
64943627,0
82601178,0
77284323,0
150245046,0
84100450,0
38232649,0
169628672,0
90116388,0
123967106,0
86529596,0
194591072,0
99120694,0
178859199,0
91276185,0
44276597,0
33842590,0
60880923,0
194149170,0
85354215,0
141723097,0
131764400,0
92012743,0
173104204,0
127831905,0
114531429,0
61505491,0
38968398,0
36177432,0
73961810,0
42813567,0
36885488,0
160503660,0
110710886,0
100381891,0
72998280,0
113407814,0
116271589,0
63882733,0
88299700,0
129648840,0
109363182,0
130301487,0
159607925,0
42689851,0
135690479,0
124080814,0
34368038,0
156915497,0
36427903,0
105191024,0
124698740,0
137619039,0
210356994,0
106295235,0
108049103,0
43295568,0
73664232,0
59838239,0
150325305,0
80507874,0
37132060,0
209960088,0
36978331,0
76569034,0
175910586,0
66441724,0
71535457,0
75255301,0
118463539,0
63650433,0
144532726,0
55831387,0
44809506,0
44126717,0
35649734,0
79613195,0
126151102,0
111121471,0
193960424,0
106363789,0
151251874,0
164169429,0
126440321,0
67236020,0
34398584,0
211705390,0
116219517,0
81008007,0
78188251,0
62360919,0
98675753,0
116133888,0
94085558,0
140381867,0
120354298,0
74515130,0
70972544,0
44298083,0
41922065,0
36652624,0
83838727,0
195210764,0
87984613,0
87521639,0
107273323,0
117154642,0
45192427,0
194259729,0
140969000,0
164042535,0
31998908,0
157300747,0
99998003,0
90078785,0
88106305,0
106567014,0
36816381,0
64566322,0
133682705,0
51252354,0
66635376,0
157011439,0
89488632,0
140530089,0
125408128,0
68907734,0
75192392,0
95803974,0
36247585,0
174391042,0
56008724,0
40889843,0
81690450,0
115050571,0
120226882,0
100766204,0
182884093,0
119652125,0
147510662,0
84601677,0
71838710,0
115689539,0
87008222,0
88327917,0
116903214,0
121851656,0
40727192,0
31847657,0
76795551,0
162119522,0
129320340,0
138673942,0
56645155,0
68651726,0
31277934,0
161735861,0
150351223,0
56080683,0
151212297,0
125090860,0
135855074,0
43376677,0
58181942,0
139900418,0
66584084,0
34047394,0
36166447,0
74990361,0
37019823,0
83593290,0
149168548,0
75388698,0
87135017,0
166200307,0
161763722,0
111933720,0
97094751,0
39048865,0
129996467,0
80180371,0
70306276,0
31303496,0
116502251,0
60956218,0
117796630,0
206047363,0
74777878,0
185006995,0
164724337,0
113211913,0
139395893,0
57154901,0
149740906,0
111083167,0
127990875,0
81408170,0
95810626,0
192806134,0
63916152,0
165402784,0
62213152,0
99877170,0
146433592,0
84131726,0
151157955,0
98770303,0
141886399,0
143627229,0
119480552,0
126025659,0
184800434,0
97283990,0
179282053,0
185745548,0
116348197,0
66616022,0
117392776,0
59018894,0
146603685,0
129130380,0
84324075,0
63819607,0
75514575,0
65069672,0
72278184,0
101957475,0
208555200,0
77665912,0
96081132,0
166222810,0
212256548,0
157115721,0
185882725,0
32225781,0
61844137,0
96586950,0
104044146,0
145551516,0
106666875,0
173574539,0
156499443,0
104373218,0
113576358,0
68758525,0
41586597,0
212305856,0
44894050,0
90292629,0
126839655,0
74163259,0
84170840,0
42114572,0
153853501,0
76695503,0
60617888,0
154994773,0
177672192,0
131254516,0
76651396,0
156534757,0
65378038,0
192034499,0
33583681,0
78163972,0
110486806,0
165918579,0
147526651,0
111161937,0
131562576,0
145506057,0
109729531,0
120327601,0
129019130,0
61704068,0
67028857,0
32471771,0
118163355,0
88402778,0
194411475,0
99150145,0
147382189,0
77878444,0
177417596,0
31689082,0
85036325,0
40775582,0
127778057,0
165753855,0
126341654,0
31454580,0
144967601,0
107238957,0
113213985,0
69755977,0
108276943,0
59460055,0
90814100,0
82769553,0
61856079,0
38642109,0
89648036,0
86757712,0
148071789,0
40464265,0
80085593,0
78959699,0
181243814,0
80878912,0
179716878,0
152991293,0
157027961,0
83329140,0
93733055,0
113967214,0
42156379,0
199744476,0
94854883,0
184919521,0
44975345,0
83207971,0
143541403,0
73196116,0
105597109,0
155737895,0
112739958,0
37819606,0
120621153,0
192160455,0
84109441,0
58286155,0
63780830,0
74948139,0
195495305,0
103117410,0
76114499,0
73315884,0
79717773,0
128265201,0
76691693,0
32951542,0
89396242,0
61460101,0
81416509,0
35946582,0
50833104,0
84167701,0
193963375,0
164961563,0
38039975,0
126711281,0
161607487,0
103758431,0
140041602,0
61768309,0
56389789,0
106246785,0
90653452,0
116055050,0
176165222,0
121481348,0
76564178,0
60550232,0
165447424,0
172256829,0
86768273,0
132854142,0
196270790,0
35306568,0
107937912,0
106460462,0
141153976,0
71464800,0
66581863,0
56136338,0
153746959,0
72214791,0
45242881,0
93650496,0
145708709,0
162594111,0
158968887,0
152976143,0
33320300,0
90042780,0
104052940,0
116846315,0
110436432,0
37898642,0
34710168,0
173634320,0
41796346,0
140444085,0
147942457,0
180356882,0
200516525,0
128626408,0
73747294,0
32228752,0
36094261,0
130676078,0
123551014,0
207150479,0
139168685,0
57987037,0
116436500,0
63925094,0
75815075,0
34788582,0
126314700,0
78387094,0
71899290,0
35642164,0
79839366,0
159894666,0
126175361,0
101053459,0
43374910,0
45596005,0
36177847,0
33783353,0
56582819,0
157328095,0
129134150,0
60847129,0
42766380,0
107915587,0
32338956,0
40069590,0
76877854,0
115777506,0
140878061,0
36474774,0
178117380,0
84775007,0
63140322,0
78029301,0
57123466,0
115314731,0
138656226,0
115135795,0
32127124,0
85929850,0
179262195,0
122786958,0
45088382,0
42781777,0
114926559,0
83297251,0
122513797,0
84037768,0
167155112,0
63372860,0
129958765,0
76764541,0
195859543,0
43325315,0
200126202,0
175329444,0
134568413,0
124542860,0
82908073,0
126031561,0
68393685,0
40651659,0
31179445,0
84047065,0
125569743,0
65157511,0
86930618,0
84417076,0
40053127,0
80895128,0
155566993,0
74089987,0
173532890,0
159985358,0
45195665,0
106374261,0
72703662,0
62281992,0
132628809,0
105064564,0
147667174,0
40460821,0
62395572,0
156594330,0
121115097,0
61753741,0
36425722,0
125939567,0
141986339,0
194787605,0
37859035,0
116675581,0
116170356,0
33043951,0
75961984,0
194074783,0
104295515,0
60413291,0
35933939,0
125795184,0
87218228,0
111436134,0
31692743,0
175440250,0
71287147,0
33999398,0
101640542,0
177452238,0
207265825,0
111650956,0
31862096,0
113026868,0
38688733,0
62779864,0
169303350,0
90686278,0
93291923,0
139543849,0
39330149,0
44409462,0
94395592,0
185247972,0
90391434,0
140533523,0
173690379,0
75255853,0
73289868,0
76311111,0
121631672,0
56327019,0
178526061,0
78073102,0
134503215,0
38465068,0
153009009,0
57703838,0
63076160,0
161465621,0
75202094,0
148721070,0
147393915,0
179289356,0
109039498,0
143536064,0
67118197,0
45419448,0
72410565,0
206637910,0
196240559,0
75461062,0
116996393,0
98095815,0
190068365,0
155536377,0
64863762,0
34592038,0
118951690,0
77161368,0
134930026,0
97195786,0
63808721,0
37058719,0
155189165,0
198997238,0
76629337,0
32982257,0
40567472,0
112873247,0
74007941,0
96901987,0
114398515,0
35578920,0
32136826,0
106877788,0
115156620,0
93908221,0
58445046,0
80086413,0
140678281,0
35274719,0
77168365,0
155577494,0
133968450,0
42084538,0
176835990,0
88382496,0
76292379,0
152537617,0
99252147,0
118663053,0
86848927,0
99655854,0
36390300,0
102368011,0
90132870,0
170045238,0
77966658,0
42949599,0
133505299,0
76220321,0
87711629,0
209926413,0
39350441,0
83368293,0
136790604,0
58398856,0
212376148,0
43391244,0
204829562,0
60509619,0
38189252,0
144437879,0
124532664,0
94160991,0
56584122,0
120285794,0
60099349,0
126652103,0
112360057,0
31896906,0
87695483,0
95368419,0
140302594,0
73617696,0
82316548,0
115461896,0
130328797,0
82569408,0
81025338,0
40328687,0
34187513,0
72458531,0
79209400,0
86270095,0
60076935,0
96261174,0
126113262,0
60145638,0
39162149,0
212411797,0
128478542,0
42853864,0
77760591,0
31756077,0
98552442,0
115239021,0
132729834,0
135552137,0
91481838,0
99505095,0
66365028,0
70179906,0
115942852,0
75942728,0
150715224,0
63845545,0
77109799,0
134573200,0
108636236,0
85983807,0
173375262,0
41398226,0
39132333,0
146478933,0
37566017,0
82267792,0
41245257,0
199935097,0
90419473,0
106348087,0
74504016,0
31685114,0
59403206,0
59629655,0
100068324,0
44142647,0
133370924,0
76535803,0
83031769,0
106386381,0
214147021,0
163647109,0
91620565,0
144092937,0
75779929,0
42108857,0
64997298,0
141405295,0
67100096,0
42415071,0
36405835,0
78253815,0
113232886,0
96058807,0
196279741,0
104067389,0
61681841,0
139222603,0
144130984,0
144535875,0
93571420,0
84826418,0
59398242,0
153330156,0
198705522,0
79245542,0
36571960,0
56053640,0
74007852,0
38851236,0
43631609,0
78535700,0
39843892,0
153752249,0
156809556,0
116116962,0
81766160,0
59385214,0
73995061,0
61228017,0
96672302,0
88133466,0
129322591,0
34165277,0
79838251,0
128417814,0
146467475,0
98738336,0
56146908,0
94217652,0
174408521,0
39498761,0
84945288,0
96119969,0
121664054,0
111691007,0
154935022,0
72268956,0
71697634,0
71104550,0
40480353,0
62702852,0
34238035,0
73757164,0
61979232,0
93787565,0
44959653,0
44088769,0
37293310,0
178204252,0
101854298,0
55942864,0
102367893,0
78168196,0
162759427,0
35310407,0
104656437,0
79991872,0
66150660,0
38794160,0
91889640,0
141249622,0
178523791,0
184691178,0
78929103,0
103322708,0
129209968,0
63681167,0
91173561,0
124274693,0
36574013,0
105579195,0
120862376,0
196256686,0
173406085,0
177923956,0
127390290,0
208561200,0
107750261,0
61985549,0
184627785,0
136238449,0
44858025,0
59234811,0
146753821,0
72207093,0
58459337,0
35693990,0
120347785,0
40432969,0
64077323,0
103439801,0
63597196,0
86156170,0
106861109,0
71132471,0
84356438,0
37334545,0
104796921,0
123325454,0
59187200,0
77468392,0
146646657,0
31506168,0
84478830,0
123362603,0
116320937,0
82542355,0
93016453,0
76909219,0
38890991,0
132215450,0
38620663,0
162502176,0
161351124,0
67386443,0
39584351,0
76335203,0
101193676,0
90107890,0
212621457,0
127737354,0
37093786,0
138598311,0
136456656,0
110305245,0
139142896,0
37853183,0
95497503,0
110207033,0
73861663,0
35862651,0
31796207,0
42841044,0
131140187,0
138124037,0
107580830,0
32475818,0
150903190,0
41032606,0
137861594,0
44545208,0
34370801,0
111651203,0
150572490,0
173429743,0
62180345,0
76836411,0
75587492,0
213750016,0
131268057,0
86884181,0
62570066,0
116069124,0
68276632,0
99793781,0
41619887,0
88023292,0
41634080,0
145644231,0
151352070,0
35103649,0
45169974,0
151733116,0
101696809,0
76758145,0
35083337,0
63912688,0
142246857,0
94729747,0
115990710,0
118886787,0
120998902,0
81916859,0
61344607,0
142938213,0
193854326,0
145833017,0
212162846,0
36042544,0
78352678,0
75984783,0
40901785,0
60491636,0
110526709,0
85549071,0
134272296,0
82153423,0
102253198,0
35367237,0
71959119,0
96088910,0
162241569,0
86610714,0
56816995,0
125049664,0
165932002,0
185544741,0
95256557,0
33679139,0
43312771,0
65264518,0
188740173,0
40233277,0
96352695,0
35902090,0
123869536,0
100085132,0
142358591,0
108582980,0
167052557,0
159887876,0
83785807,0
83481655,0
177106515,0
80118153,0
44750328,0
144083511,0
150921272,0
123983747,0
34803623,0
84425071,0
194871586,0
36966112,0
81560270,0
103599550,0
106895425,0
69432550,0
180178449,0
32363334,0
59966909,0
98676937,0
60316184,0
175752001,0
40735097,0
93903385,0
180599655,0
59543907,0
73671969,0
129433318,0
32633988,0
164484782,0
62196117,0
42586921,0
115342286,0
167195686,0
35875640,0
116802919,0
135541339,0
74720121,0
196497662,0
108695829,0
67123576,0
162653941,0
37627642,0
173316064,0
34471165,0
118022930,0
194993534,0
109134138,0
39696430,0
96436231,0
144563885,0
84584978,0
40987226,0
142168877,0
81127715,0
32689998,0
94479878,0
33392003,0
113676436,0
119799518,0
154998869,0
78798074,0
174657521,0
153755447,0
167052577,0
92754829,0
126824525,0
79908000,0
156674599,0
58957811,0
124682070,0
66187760,0
59967560,0
162620898,0
162611571,0
74812215,0
73936919,0
85820554,0
45418797,0
76238293,0
63409091,0
46473009,0
44078169,0
151736096,0
151268188,0
35866194,0
32781331,0
178129421,0
78550041,0
35976142,0
142132438,0
79507639,0
110679175,0
82442514,0
31451165,0
129608345,0
195491831,0
145323281,0
75220382,0
33581953,0
99926982,0
33422293,0
161291867,0
33703656,0
94405866,0
133364499,0
167099161,0
41001349,0
133146016,0
113958489,0
114990228,0
113349663,0
115554335,0
134155706,0
150883816,0
83162225,0
76562461,0
142721595,0
140260856,0
36987273,0
184360941,0
146542632,0
85579054,0
79104732,0
125865288,0
146534637,0
56629640,0
71739185,0
64885535,0
35227147,0
85093223,0
61796171,0
103441626,0
111088645,0
43546316,0
110429869,0
95953696,0
150903970,0
144360482,0
45685069,0
78918927,0
102557813,0
85161620,0
96152667,0
43786483,0
115152020,0
88347853,0
50613140,0
41910833,0
56046357,0
89333106,0
76397668,0
204271110,0
35831897,0
60013543,0
110417088,0
43758285,0
114836568,0
34460052,0
61544901,0
66937889,0
39772485,0
76224960,0
113908282,0
60792955,0
38734854,0
37780296,0
67557957,0
75464043,0
33735446,0
122874640,0
40022906,0
35337638,0
99388101,0
42992907,0
74350998,0
74076465,0
142815988,0
58600462,0
103528143,0
89171146,0
60498328,0
107997426,0
118331375,0
78423651,0
36718445,0
181581532,0
71301804,0
39446383,0
33913493,0
137639232,0
83123556,0
100833643,0
37995127,0
74325712,0
133964344,0
63705949,0
35387686,0
98961369,0
69993736,0
124585743,0
75520526,0
34252761,0
139534551,0
157307142,0
209896982,0
204111440,0
88472299,0
31286096,0
206061970,0
103346760,0
76287888,0
35909157,0
83643507,0
160503532,0
69192235,0
126201012,0
94052337,0
121225044,0
78764863,0
71627392,0
162556804,0
37796521,0
125395594,0
38531609,0
101913447,0
116000895,0
63065886,0
106284536,0
73048033,0
165581048,0
34498030,0
132710668,0
33997493,0
91884715,0
129519223,0
107634530,0
69878804,0
141045459,0
118556698,0
60535793,0
36017416,0
103582298,0
37779457,0
60825130,0
185041934,0
58705346,0
104352808,0
74354235,0
91901947,0
79322061,0
74664763,0
78635028,0
113695217,0
113887270,0
34473534,0
193983331,0
37575343,0
101576350,0
95848634,0
84308254,0
194943081,0
87990603,0
213166111,0
64169307,0
63131666,0
103072326,0
77194698,0
118111026,0
131317652,0
133777582,0
75393811,0
69297445,0
138072883,0
163891737,0
178345733,0
102300236,0
78561815,0
121562210,0
157158348,0
92942529,0
61966431,0
83827723,0
161849499,0
193714671,0
38871143,0
94602814,0
39148716,0
110290007,0
180202067,0
72221779,0
77380917,0
92854660,0
175561212,0
119825801,0
74949757,0
160164856,0
86697587,0
32597697,0
55811875,0
118666892,0
43097900,0
34905004,0
60485260,0
196612554,0
148426492,0
105617470,0
63350762,0
113375472,0
93135904,0
88238143,0
75302981,0
145068962,0
176009509,0
171494530,0
131481280,0
141244707,0
91471554,0
97455169,0
109668093,0
81778388,0
122522029,0
89606110,0
42160653,0
100616936,0
134326657,0
32771777,0
77588978,0
140856812,0
163746200,0
81183607,0
91774057,0
142448019,0
82770965,0
33137802,0
67209264,0
57839605,0
212398591,0
87801887,0
83246295,0
123697281,0
194489494,0
134702176,0
152213647,0
88130702,0
160779891,0
37522788,0
56966026,0
66452196,0
31320689,0
78747857,0
42991575,0
63014495,0
128055323,0
121630981,0
119042135,0
104163430,0
64754812,0
37823801,0
77854184,0
147152997,0
177702610,0
80132020,0
136386987,0
115772670,0
194989814,0
76421917,0
75586347,0
34879313,0
96462681,0
128469600,0
136710039,0
112381030,0
38638655,0
147431409,0
95543614,0
39430602,0
42786050,0
121933781,0
124171832,0
159579174,0
121092426,0
154349982,0
185592875,0
203570832,0
81191848,0
88011024,0
120530984,0
106596682,0
37497640,0
212285130,0
82866739,0
102247720,0
37282285,0
96130253,0
175266594,0
113068438,0
174994016,0
41019006,0
36343883,0
32731430,0
142473305,0
59139540,0
213918727,0
75689830,0
133337348,0
100223830,0
63594432,0
136140858,0
96472334,0
155846964,0
179857756,0
179067014,0
145739779,0
157323832,0
63217591,0
85678116,0
55741198,0
41371282,0
131069165,0
35592471,0
32904948,0
38745799,0
86674975,0
122849482,0
34450488,0
148509456,0
98799695,0
43431157,0
61272954,0
42601577,0
66656191,0
40558234,0
146408415,0
142279555,0
164690336,0
56377561,0
122258392,0
107183114,0
98305771,0
131099356,0
175930710,0
92904650,0
101503562,0
194691199,0
81574413,0
69787007,0
80754299,0
143943392,0
74403346,0
101636279,0
60573653,0
124852795,0
119196722,0
128179059,0
41938182,0
81913543,0
56033506,0
115245140,0
32865233,0
31668267,0
43269019,0
159578493,0
101415515,0
43624957,0
124020708,0
112589506,0
83938223,0
86880411,0
86033698,0
88856878,0
56243512,0
140852341,0
72193809,0
165262645,0
79591699,0
128985603,0
75127242,0
40886053,0
145588389,0
84034876,0
66126706,0
135879640,0
114353362,0
131387292,0
154104673,0
66893081,0
124683107,0
39536029,0
112434060,0
63377015,0
56819245,0
108937535,0
149823485,0
124505562,0
109169234,0
55749874,0
103246534,0
32965182,0
132649604,0
63073939,0
41937659,0
159398047,0
56948241,0
148419149,0
71867559,0
149237191,0
166913179,0
164744116,0
31656275,0
118456857,0
134751791,0
117064937,0
63549605,0
81524592,0
90847627,0
44978020,0
121483371,0
192426154,0
99431952,0
102702571,0
85043806,0
137795863,0
67239820,0
122679301,0
190024100,0
111732913,0
66083359,0
116349914,0
214030343,0
33770769,0
41856501,0
165416167,0
130912219,0
130573563,0
150968833,0
82541990,0
41128509,0
37975812,0
185482957,0
164326691,0
76697250,0
90330657,0
80280715,0
44922119,0
95796000,0
83035904,0
36168165,0
121512941,0
104664530,0
72422468,0
173536097,0
60087535,0
73211385,0
32451252,0
31633358,0
94264276,0
146238677,0
44285006,0
78161494,0
43969465,0
119966768,0
102263729,0
152199425,0
118087843,0
91603323,0
76596096,0
72765900,0
195359381,0
155751633,0
73755279,0
133903390,0
196170860,0
67912680,0
85214955,0
146404783,0
172130676,0
94082093,0
84737306,0
44995134,0
56355561,0
192911719,0
70967875,0
87791612,0
111692063,0
105735194,0
117166249,0
85490050,0
95473263,0
167047405,0
34606843,0
45319972,0
65210590,0
151846734,0
91180321,0
86991721,0
145523723,0
45427719,0
144087459,0
60697941,0
121564717,0
140590155,0
122644747,0
101792583,0
141757630,0
34175847,0
196151308,0
33470605,0
69064730,0
58461804,0
212969439,0
43634777,0
116557126,0
94287352,0
75408536,0
65132294,0
109062228,0
55731546,0
34286554,0
121752288,0
126292060,0
74875094,0
130727183,0
177344758,0
68659829,0
108298873,0
82888314,0
74948563,0
59873750,0
135753141,0
78479700,0
128031597,0
145463736,0
31183284,0
33848857,0
121711754,0
177388076,0
62200973,0
82405661,0
140630887,0
84739270,0
45193099,0
34567088,0
104847542,0
194960856,0
43131990,0
204071932,0
146871605,0
77895923,0
76720364,0
96250505,0
95951841,0
139293417,0
66287463,0
100739487,0
84833781,0
164366534,0
94774742,0
60780135,0
107352319,0
196387813,0
141179508,0
65089302,0
110870961,0
86074361,0
135979451,0
126670875,0
116900707,0
125824882,0
164762000,0
119267014,0
133961808,0
88038056,0
112195916,0
63444414,0
64394285,0
112557114,0
85423105,0
132975163,0
44884525,0
86888573,0
185108633,0
77459361,0
82359521,0
73835973,0
39017529,0
105713787,0
77361375,0
146451881,0
72447615,0
60453243,0
142011052,0
40665477,0
174119302,0
107276649,0
93883448,0
117897863,0
138663174,0
41588847,0
208090450,0
119414515,0
75624088,0
175451501,0
151877241,0
211584053,0
193038366,0
176149144,0
192841102,0
80782220,0
113972820,0
43778607,0
95856846,0
177812923,0
130202831,0
45664333,0
65778102,0
175510798,0
78729312,0
151873659,0
155201966,0
150257629,0
85357946,0
139799501,0
111321222,0
61576454,0
144985099,0
33713575,0
141217122,0
131778069,0
110324343,0
111173810,0
96006873,0
147445049,0
177342261,0
112016496,0
131382841,0
39769287,0
183097345,0
199097977,0
88411651,0
113573308,0
39332626,0
100403180,0
115542087,0
31131104,0
101385739,0
37949796,0
107170620,0
167009871,0
119014026,0
128597036,0
159959371,0
109746724,0
38105953,0
161731528,0
128039404,0
115059966,0
76770581,0
100752949,0
55776226,0
86106792,0
166246852,0
32313808,0
117195699,0
165637759,0
37762126,0
105501127,0
198565058,0
39556726,0
116588245,0
145649452,0
113174191,0
108239823,0
32574316,0
108544873,0
111467746,0
178256374,0
96419551,0
76947878,0
146028178,0
164624102,0
119737034,0
142424154,0
92072583,0
93725228,0
60315839,0
106007408,0
139930974,0
105755437,0
75953851,0
142365055,0
57727269,0
37786089,0
140964736,0
152295880,0
76079531,0
57699920,0
78945279,0
161127321,0
191264295,0
67320366,0
44650685,0
111509672,0
113137012,0
116306399,0
64657428,0
120854490,0
31955916,0
96296270,0
43907178,0
156596541,0
42280815,0
32957000,0
103646924,0
67482405,0
99268649,0
137625306,0
57871138,0
165610154,0
106754971,0
156643836,0
87526377,0
32103062,0
180081254,0
36351532,0
67457326,0
151474887,0
194932373,0
103405928,0
115398089,0
94681050,0
85983146,0
112855196,0
154353120,0
71334699,0
31355578,0
94811250,0
59238799,0
108523811,0
120793516,0
77706673,0
123601457,0
31613412,0
131933170,0
139641903,0
46626362,0
82658520,0
97178040,0
81651090,0
160193153,0
61453242,0
31418803,0
67181501,0
74909470,0
94151960,0
121485750,0
31434150,0
78180029,0
60811934,0
105904655,0
86942323,0
185207121,0
200515568,0
80036699,0
151377603,0
43700696,0
132798162,0
42157268,0
126214711,0
103567237,0
115134640,0
179897482,0
65635457,0
79552724,0
112131063,0
61989546,0
79322189,0
73897904,0
139336123,0
194038147,0
123982454,0
99130603,0
115225736,0
156595909,0
129623534,0
36546398,0
76638516,0
154374439,0
213633693,0
94709366,0
86142086,0
181106232,0
34181147,0
76762764,0
103014036,0
106361677,0
57965343,0
138879308,0
137618328,0
177784567,0
59011048,0
83646586,0
59387978,0
112492419,0
77825158,0
113300552,0
92687084,0
66033794,0
145400462,0
132006126,0
88186663,0
173498998,0
57115560,0
96705484,0
95036277,0
40871416,0
113345853,0
35401958,0
31516739,0
40188439,0
136904588,0
34277307,0
85345767,0
122050745,0
101666647,0
116422199,0
60144986,0
69939966,0
73315914,0
57873013,0
131861674,0
148138073,0
91567595,0
115445118,0
130951006,0
133764988,0
85308400,0
43693008,0
162294786,0
60162534,0
45177130,0
100039268,0
159402607,0
44497627,0
166170836,0
119735731,0
123832347,0
137874435,0
44934929,0
85554499,0
77787466,0
145926393,0
68470135,0
118820651,0
122380183,0
161918251,0
60734073,0
125158871,0
135737211,0
104966214,0
132874079,0
38269917,0
104880704,0
192798199,0
72490449,0
59311853,0
34980072,0
110605794,0
175837038,0
63696928,0
37428207,0
85088091,0
130562746,0
104236515,0
166088859,0
77802093,0
114243573,0
138964296,0
62042437,0
112613923,0
74579815,0
71457280,0
155956112,0
115852565,0
116091814,0
71825199,0
181105067,0
156059624,0
96239016,0
102100999,0
36771632,0
66532495,0
89309173,0
77920646,0
80594816,0
55766198,0
79198119,0
117735369,0
80895009,0
93981137,0
144421831,0
33472065,0
151305051,0
83519041,0
59347532,0
121072973,0
150290910,0
81189361,0
89193698,0
35790564,0
116131164,0
165581878,0
154906351,0
174924988,0
144458122,0
162811914,0
61546263,0
102573457,0
130623335,0
144516649,0
62198032,0
148680950,0
89380767,0
163664993,0
56418727,0
92552038,0
101094704,0
127621880,0
114738089,0
166068567,0
33791120,0
165684215,0
107835811,0
173113353,0
142837365,0
93857501,0
58499180,0
141182302,0
107129394,0
45117764,0
89884679,0
86593975,0
75577336,0
121637840,0
90649317,0
88081749,0
110056521,0
78188616,0
36906263,0
88081167,0
44513142,0
75871026,0
174219202,0
102933924,0
99280700,0
81723247,0
70557616,0
88684121,0
140457853,0
133078537,0
91552001,0
63334210,0
38991197,0
66465066,0
79504639,0
178345171,0
178170814,0
150029691,0
139878783,0
162697535,0
179473138,0
40254309,0
68046157,0
31584612,0
169284025,0
37407274,0
113974152,0
127171570,0
62199818,0
95345363,0
56458936,0
34959503,0
98905191,0
128087972,0
105884196,0
74577723,0
127988565,0
38029197,0
157992843,0
162074566,0
44249930,0
67473947,0
104158170,0
92441834,0
118120975,0
135781042,0
185392946,0
174462755,0
127915945,0
37997535,0
175384102,0
60418127,0
90815057,0
78856186,0
120783241,0
35384449,0
137251100,0
94609120,0
123541707,0
81761314,0
77953789,0
125637774,0
85609285,0
44249258,0
92725803,0
128397927,0
88002654,0
129618146,0
41281518,0
151138383,0
101215429,0
199386051,0
79383292,0
156869031,0
147286938,0
141936606,0
37472759,0
131186446,0
82754956,0
58085595,0
87026619,0
78781858,0
172502750,0
132511262,0
194628902,0
118343465,0
36224303,0
87075000,0
38880806,0
115695431,0
156089954,0
127773704,0
108220173,0
93404377,0
91369689,0
38322265,0
133083818,0
96294770,0
37755908,0
62140975,0
213502556,0
106034539,0
38138661,0
61981167,0
78471291,0
74657647,0
122672057,0
34850583,0
139366285,0
75585567,0
89511914,0
67106018,0
129009369,0
157181670,0
86120728,0
154282089,0
34645097,0
119925731,0
78714547,0
94548018,0
72094836,0
62141104,0
185786497,0
123205114,0
61773550,0
61766710,0
79752771,0
83283562,0
37259625,0
37695683,0
32501242,0
37170423,0
88497348,0
111858119,0
153873280,0
106212103,0
76618628,0
65904532,0
56273377,0
71333169,0
124889362,0
83168157,0
136938273,0
95066251,0
61566801,0
45192645,0
80147081,0
58142562,0
38084220,0
124695088,0
115222539,0
74177135,0
165942888,0
65070392,0
113241610,0
159550197,0
145779909,0
75037942,0
112636554,0
139586308,0
41793711,0
139364192,0
134648535,0
86267884,0
96555021,0
78414028,0
74988693,0
102218151,0
179695944,0
141715250,0
60496472,0
114977901,0
212201209,0
195220891,0
44586957,0
87993229,0
160723516,0
164756226,0
107228307,0
43872091,0
111125814,0
79207909,0
178553380,0
126073931,0
146609745,0
76823936,0
126747759,0
104165246,0
121731957,0
87819879,0
127785518,0
125985835,0
31728531,0
64628372,0
39210717,0
90255006,0
141888353,0
39837763,0
35158929,0
150925723,0
149007328,0
135098737,0
157357171,0
166495092,0
73419337,0
123755808,0
104142378,0
31902690,0
42293735,0
149957742,0
178773235,0
119225462,0
84920495,0
76308239,0
73800383,0
137485049,0
65891297,0
45377966,0
80548231,0
152096297,0
39077240,0
148125153,0
119500074,0
122161897,0
80043539,0
128719864,0
50255445,0
79437664,0
140191828,0
73864693,0
122882032,0
121706158,0
58478257,0
149053775,0
96273501,0
41428447,0
77032313,0
143198010,0
81829977,0
59887755,0
126137699,0
212354573,0
89308255,0
57734631,0
128954928,0
75227932,0
66675200,0
45584863,0
131048695,0
198602523,0
154915757,0
95973771,0
60899873,0
160461438,0
140961035,0
184637665,0
87086222,0
133344869,0
104903108,0
130932540,0
43949203,0
44391568,0
66399808,0
129697310,0
88000147,0
81404429,0
109138352,0
143682943,0
131379041,0
36405243,0
36098831,0
33128396,0
119025662,0
109264160,0
33112525,0
84155966,0
74225625,0
145918991,0
160569777,0
78117456,0
131538050,0
67158544,0
149882101,0
87585357,0
63835616,0
67319497,0
78237786,0
40245219,0
184993987,0
94087976,0
73542520,0
32767958,0
116807627,0
37351886,0
103184523,0
109711135,0
35850995,0
103667354,0
83044649,0
38247236,0
68210831,0
34734753,0
39558137,0
147098606,0
96156240,0
73695597,0
94035726,0
112441107,0
74590543,0
36423837,0
59132039,0
59701338,0
118653854,0
40662348,0
71594378,0
125427245,0
69375800,0
41672374,0
118424366,0
60199595,0
179315471,0
194933587,0
141290344,0
62246353,0
64838299,0
79888902,0
75728894,0
160571988,0
111036869,0
64001356,0
77218296,0
92232964,0
88480412,0
44639966,0
88622258,0
63877532,0
33808145,0
62049228,0
41551007,0
121408530,0
114617413,0
118628361,0
165897725,0
161309612,0
145938326,0
37943578,0
105411126,0
124475036,0
76805875,0
44974053,0
124672152,0
36629421,0
208472956,0
174438100,0
145019436,0
38207847,0
87583235,0
59322325,0
77716671,0
157396206,0
161963345,0
99288221,0
66351812,0
35154241,0
108718470,0
195264514,0
156631025,0
100380549,0
59057780,0
38274052,0
126515419,0
110683508,0
126791758,0
77624726,0
97812626,0
63925084,0
110687307,0
82362126,0
89837907,0
68814032,0
39405257,0
119668746,0
112522422,0
59609007,0
74600413,0
155396752,0
210396325,0
79296163,0
157048411,0
139832288,0
73593792,0
185365637,0
45288478,0
105950263,0
60278048,0
96042996,0
44492465,0
133126316,0
150095788,0
129681074,0
140061026,0
123796658,0
151382370,0
158543517,0
64606718,0
178660021,0
37357778,0
64657655,0
110034710,0
102593393,0
99987887,0
65428856,0
40954005,0
80648417,0
107481186,0
59238956,0
189218326,0
95607016,0
214421554,0
65261892,0
175184726,0
60772002,0
40082973,0
103250847,0
101787017,0
35820468,0
66907738,0
37119723,0
177877519,0
180214424,0
66103296,0
69140814,0
126337282,0
81724263,0
74785310,0
64746847,0
62410277,0
65963503,0
196548293,0
98086429,0
119393631,0
152764450,0
36775896,0
180371420,0
212432691,0
93842874,0
73721683,0
128483200,0
73978115,0
108181366,0
84015788,0
90562070,0
163930180,0
71862328,0
116291397,0
89714468,0
140761768,0
136730251,0
61839775,0
199576831,0
61852556,0
118297789,0
44738100,0
137975085,0
195027289,0
59738526,0
175682934,0
64269740,0
59459611,0
128738547,0
113965279,0
36386461,0
112027126,0
159412181,0
98026905,0
148122380,0
145495605,0
34114053,0
141741306,0
181041408,0
67317553,0
113427475,0
144860614,0
40665378,0
157136398,0
66044216,0
77577007,0
40334263,0
33268179,0
106056687,0
76099783,0
109607395,0
90036286,0
128624829,0
123585370,0
71928119,0
77979410,0
128359485,0
173530156,0
82147857,0
78620648,0
153062620,0
129845077,0
156051610,0
203376826,0
75671038,0
154866409,0
185631603,0
156290455,0
136904578,0
83530608,0
159359526,0
78854252,0
140549926,0
65487373,0
165349636,0
117862687,0
59701811,0
83024436,0
62244231,0
182064689,0
63378713,0
33522627,0
58900064,0
84982358,0
71543885,0
76223410,0
83357535,0
55974042,0
73940689,0
175328200,0
131831957,0
76252930,0
124649728,0
42507411,0
134571799,0
130747169,0
127218460,0
33205586,0
109458700,0
87724963,0
163135667,0
115304673,0
152201714,0
69816576,0
107006093,0
81238788,0
42429777,0
97417812,0
114455443,0
111302283,0
185406882,0
159441957,0
82484549,0
121793701,0
35625909,0
41649467,0
176169989,0
176398470,0
166493493,0
156938295,0
141726136,0
132204495,0
81089687,0
78087087,0
82141037,0
89497406,0
162754808,0
130752370,0
93616781,0
79381338,0
63175596,0
92807779,0
206530687,0
77809051,0
77185381,0
97637095,0
63690138,0
86343120,0
205567088,0
65409887,0
32732388,0
62298455,0
95121846,0
167040654,0
73167494,0
82340906,0
98950710,0
69028666,0
41703572,0
87120114,0
75562383,0
198770178,0
70787479,0
40731396,0
178607337,0
149214274,0
89156786,0
147446796,0
92866464,0
38425965,0
163973428,0
185385129,0
36876931,0
38056457,0
86150208,0
77465855,0
136890307,0
151669397,0
91638725,0
136362826,0
36044291,0
84191901,0
44152882,0
42925606,0
106025104,0
57074059,0
60588161,0
43615196,0
127786545,0
177352357,0
69287960,0
36027918,0
135923273,0
158944362,0
85202766,0
45206255,0
111771178,0
100049848,0
100790177,0
65960710,0
31507155,0
92273794,0
131758103,0
113176658,0
32675529,0
111681088,0
92944454,0
59087004,0
109999475,0
62226071,0
43786196,0
137209490,0
36730061,0
33457044,0
163143720,0
73749692,0
37794399,0
108101501,0
159671653,0
92067914,0
130746942,0
72436640,0
128413679,0
65386595,0
162643193,0
135129125,0
86380792,0
138803500,0
58189186,0
67562783,0
96311361,0
177001483,0
176963633,0
61047315,0
118706134,0
108028900,0
77301161,0
90726152,0
84537347,0
56330118,0
174340707,0
107238601,0
100193411,0
84705210,0
61872246,0
75038278,0
116612761,0
142563336,0
93189921,0
195351436,0
73425279,0
72258524,0
102772270,0
37581384,0
56817538,0
75322858,0
111657124,0
129071715,0
211694424,0
107318338,0
89429967,0
122529678,0
148008899,0
91932079,0
107506028,0
116559811,0
116108266,0
88756179,0
37669894,0
161792098,0
31732893,0
73158937,0
117636565,0
166142688,0
127844074,0
31617863,0
64241869,0
106037184,0
34912129,0
184565301,0
55458938,0
77280810,0
155469758,0
214033382,0
43183864,0
39610999,0
113948047,0
161469322,0
58487929,0
203922397,0
150770346,0
83587053,0
179900452,0
34981296,0
142463643,0
67957715,0
198955046,0
120562044,0
87426289,0
120545492,0
62857331,0
132343666,0
37825015,0
130592424,0
191788519,0
85913071,0
152133308,0
86709874,0
155584413,0
132802248,0
142220554,0
56846752,0
103620513,0
148192987,0
128531571,0
81121300,0
144596770,0
132964998,0
114613002,0
174961851,0
143910773,0
42109963,0
65103732,0
133092375,0
196301405,0
72766542,0
155331840,0
75583465,0
40167161,0
127518585,0
37375948,0
145706962,0
118706894,0
180629648,0
208427428,0
135785158,0
39994127,0
40163311,0
97853526,0
40698955,0
35266182,0
56087967,0
125832304,0
112343022,0
158792735,0
134468345,0
157316035,0
74697332,0
39462471,0
63255787,0
139676447,0
94542905,0
115507829,0
40495088,0
75173807,0
91936224,0
109663010,0
117963762,0
206778542,0
45168967,0
142226338,0
157338182,0
115251466,0
39169778,0
106007181,0
118269660,0
109569377,0
174564658,0
181302726,0
41487141,0
181345303,0
92123865,0
91104266,0
129600726,0
133300890,0
196085063,0
134386023,0
43143784,0
91909369,0
92194512,0
34076983,0
160922812,0
57704075,0
149920296,0
65242183,0
157208446,0
45228096,0
44103938,0
44398822,0
65491311,0
113451547,0
34916985,0
125233979,0
73452963,0
89553238,0
153873162,0
80372108,0
34688948,0
36271371,0
99063816,0
31701567,0
90366543,0
56144352,0
85737481,0
194049112,0
90144585,0
35527845,0
41258759,0
32213079,0
57612732,0
67054854,0
43829840,0
91596730,0
75442724,0
33788505,0
147340421,0
81097830,0
176107800,0
118486930,0
79380963,0
155196518,0
92359877,0
80509947,0
62414995,0
60326182,0
41661922,0
64819744,0
114123963,0
88543104,0
103683086,0
42670290,0
76302574,0
62124533,0
66986053,0
103227476,0
177052973,0
136865110,0
78021287,0
56262294,0
119707168,0
59417804,0
42880157,0
120002467,0
43242835,0
65010997,0
141997649,0
132078806,0
174395296,0
124931643,0
123789473,0
139307768,0
123822467,0
57956411,0
166212831,0
119490688,0
130857393,0
112909617,0
63310366,0
73783841,0
89784137,0
159666629,0
87644486,0
146649490,0
36092110,0
75305734,0
60895569,0
78609653,0
178005301,0
67654225,0
36207248,0
39341469,0
77360517,0
38881349,0
118050417,0
66599293,0
38613320,0
207320670,0
175230649,0
34613949,0
36333431,0
193676357,0
153004666,0
80311805,0
79636122,0
162415462,0
42315566,0
159102058,0
78287253,0
96180983,0
135772041,0
135233210,0
133202283,0
96458230,0
116742655,0
211657246,0
35623669,0
162525054,0
128252548,0
84798912,0
194316055,0
119768932,0
120834149,0
78323948,0
116612327,0
158335121,0
35701806,0
72707206,0
110467048,0
78490685,0
43296733,0
158108909,0
56513771,0
132625829,0
69565908,0
39811598,0
88340303,0
142148565,0
43429203,0
34707138,0
75202459,0
116279751,0
60463735,0
62048971,0
180851132,0
43165507,0
32712708,0
136524677,0
101585332,0
39952092,0
136649291,0
137269764,0
84187016,0
126953895,0
163664144,0
177665717,0
42173829,0
81421711,0
33204678,0
39458000,0
38580918,0
90883858,0
62193205,0
79808139,0
76834832,0
34028573,0
181210771,0
140211942,0
87884298,0
146956523,0
108202911,0
143252560,0
162329103,0
35410475,0
124076531,0
62194400,0
130537272,0
93740349,0
83294636,0
200156581,0
32465474,0
143756995,0
64665817,0
99120260,0
160813161,0
60536424,0
97680946,0
37773821,0
128279294,0
97493611,0
75430150,0
80229502,0
160435738,0
180477558,0
136997895,0
191760627,0
37808384,0
185109580,0
33907226,0
196545806,0
154109775,0
43183391,0
82941728,0
41620410,0
69990104,0
199389505,0
38910069,0
95989444,0
135087959,0
103082630,0
89830140,0
117279542,0
127312024,0
160049323,0
106215933,0
137531397,0
111166931,0
124103435,0
136464206,0
72429742,0
180713668,0
38234445,0
124011678,0
119151628,0
112825616,0
106768631,0
88429988,0
62166103,0
124353896,0
63992592,0
100194951,0
74316356,0
184561945,0
79700758,0
44198637,0
62823458,0
94645332,0
56260833,0
33170717,0
153752664,0
78814882,0
194283446,0
175921956,0
38535883,0
127468763,0
85168696,0
75085267,0
153183730,0
148734680,0
33937042,0
45613465,0
195885125,0
173507179,0
206101379,0
38083717,0
144857535,0
124219156,0
88185568,0
58364332,0
83468686,0
94165768,0
39560150,0
160545438,0
152912287,0
109269144,0
38014886,0
44581686,0
138947517,0
43486683,0
128567694,0
124313441,0
38880579,0
143605309,0
62672217,0
59691340,0
72272045,0
93560899,0
80122052,0
112387426,0
155917147,0
79986641,0
185209095,0
43169603,0
122887372,0
93547496,0
59538963,0
165465633,0
83817182,0
108824124,0
71176973,0
43955914,0
87444992,0
32932385,0
38124942,0
102692366,0
33448793,0
149358884,0
99339237,0
90868916,0
89340667,0
66970360,0
112945670,0
183584904,0
32900842,0
37836434,0
94769117,0
115569909,0
112155293,0
77819690,0
42116170,0
126913252,0
121393242,0
31609227,0
58781293,0
106190568,0
183598317,0
181098287,0
37917483,0
64667002,0
35281114,0
184564995,0
116788489,0
34363814,0
76725191,0
62255354,0
127289975,0
102589781,0
41635481,0
154130008,0
137134362,0
71708510,0
134067501,0
139242490,0
198876819,0
148873042,0
88034405,0
116267335,0
164411076,0
91942452,0
171378020,0
63651775,0
112492853,0
177945373,0
165922517,0
36131006,0
139973117,0
84343962,0
121189356,0
120960608,0
31227954,0
36038468,0
191220513,0
35040168,0
43398883,0
66586363,0
89275379,0
66850316,0
32965735,0
122762205,0
56686874,0
71897257,0
161856053,0
101155925,0
87819672,0
116942278,0
115575959,0
38231721,0
87544260,0
122688381,0
78237411,0
82705845,0
112743422,0
73704993,0
204551022,0
106803036,0
94141893,0
203367489,0
196592312,0
157382941,0
120621972,0
74918688,0
102196990,0
44933439,0
152344409,0
156592119,0
92162988,0
74974204,0
42164275,0
103012496,0
157433463,0
74046817,0
132208038,0
89929566,0
105810697,0
81710801,0
45538781,0
56279615,0
118130055,0
41499695,0
81624985,0
64524228,0
32710556,0
37015757,0
75463964,0
61803277,0
85257069,0
77824329,0
63159943,0
146576583,0
44996427,0
75702413,0
57968235,0
88638059,0
37910949,0
36676321,0
155282245,0
66592492,0
78881117,0
44940930,0
147640359,0
76318405,0
131088973,0
132630151,0
77316913,0
135013246,0
118497303,0
199746420,0
136517759,0
96182306,0
75733384,0
117820159,0
32833245,0
59133441,0
36516039,0
65613112,0
116102236,0
88293877,0
107620279,0
38713654,0
33575153,0
160086156,0
41867733,0
34649243,0
146399897,0
82526939,0
80929997,0
35308216,0
90154465,0
152962128,0
33558819,0
139584314,0
84167504,0
142536658,0
117445894,0
77703920,0
74801585,0
73710490,0
194151963,0
161110187,0
107307866,0
37334811,0
45553201,0
123545477,0
167065467,0
204379469,0
97120579,0
36750422,0
124717068,0
76988186,0
137628524,0
41700177,0
78504157,0
121637919,0
125174258,0
108935601,0
34890377,0
206226338,0
111128449,0
157949673,0
156600419,0
116744471,0
151096852,0
63299775,0
42427695,0
38018913,0
104098103,0
185262885,0
31859313,0
40758863,0
37084607,0
111613540,0
78545146,0
41901062,0
78067852,0
123640975,0
113448004,0
92159870,0
81949034,0
76003387,0
76318010,0
111985417,0
161803122,0
140324495,0
112340289,0
89438001,0
110575554,0
182068873,0
100708891,0
66747603,0
42835438,0
94058860,0
39039923,0
76460458,0
136425429,0
205955753,0
174961031,0
95490111,0
74425632,0
133275693,0
89481920,0
62825689,0
36550118,0
157322272,0
122218647,0
77190572,0
148615505,0
75606550,0
120112010,0
178472745,0
86082878,0
77078809,0
106592744,0
37518948,0
117009144,0
39283347,0
60970539,0
45028039,0
149989305,0
60195963,0
150953239,0
34032304,0
58809708,0
85228575,0
154663904,0
126855140,0
173678022,0
79708486,0
195239406,0
130770590,0
108075652,0
80232660,0
103067351,0
45066728,0
179111595,0
67799614,0
58053360,0
61184828,0
112586960,0
78067950,0
80346536,0
103132678,0
154885408,0
66048835,0
127565831,0
155103605,0
129002095,0
104288744,0
73843237,0
115118927,0
114440826,0
89144015,0
85008295,0
36563660,0
124059012,0
93297401,0
106484307,0
87362956,0
139643966,0
93653634,0
158420019,0
66209098,0
78060726,0
180009186,0
79924778,0
38729830,0
67957636,0
125811903,0
118497875,0
166757861,0
115154803,0
125382546,0
65903703,0
62289918,0
161800418,0
76255378,0
176286332,0
194336693,0
42774957,0
83328814,0
84162786,0
67417394,0
107619094,0
121332327,0
77258771,0
126661074,0
114608462,0
56522664,0
131628732,0
139371555,0
34122591,0
97830520,0
93572861,0
144915065,0
66219431,0
136806721,0
74647807,0
179726629,0
140226194,0
134700409,0
118133578,0
161057473,0
60178790,0
93922383,0
35249038,0
66994037,0
127233561,0
88181274,0
109756189,0
151875564,0
93002842,0
33195164,0
43930786,0
148428930,0
43295736,0
108815981,0
192499811,0
156699145,0
97047149,0
120313902,0
38093369,0
165367381,0
65826759,0
102895265,0
194656251,0
107774876,0
37705543,0
122749701,0
155641765,0
58521821,0
145715924,0
31323966,0
34664008,0
85262408,0
44965969,0
37761474,0
68381822,0
137823103,0
175004902,0
67176023,0
79224796,0
74283293,0
74772410,0
71431964,0
76496709,0
86600292,0
31431653,0
62017941,0
158842527,0
72494299,0
128339716,0
43649946,0
41821000,0
92028239,0
84817062,0
207012876,0
195419586,0
119388775,0
44801196,0
73044351,0
96328938,0
152145073,0
120359993,0
86426478,0
88344962,0
155164974,0
194112159,0
95367106,0
44240830,0
166877747,0
150398261,0
89888282,0
86976018,0
80008018,0
115884917,0
32043776,0
79705298,0
56288675,0
155963751,0
140367260,0
115909443,0
34886932,0
80445469,0
77293394,0
36640485,0
95470954,0
212169764,0
44695858,0
117604952,0
86458584,0
67343846,0
132931628,0
31826940,0
82913995,0
126880446,0
88426317,0
71468255,0
39788987,0
193919268,0
86487690,0
84286511,0
68823813,0
43247790,0
158275163,0
43022427,0
58014662,0
100526974,0
56222638,0
31379314,0
63790196,0
92947800,0
34270536,0
64215073,0
34707049,0
119588743,0
61249474,0
60420644,0
207098900,0
37727306,0
123570437,0
178480394,0
93653496,0
106602466,0
73122410,0
97374682,0
101525670,0
41946838,0
77988658,0
37844339,0
144871757,0
125908546,0
127743523,0
31173425,0
109083329,0
55844800,0
43306800,0
192101829,0
57825096,0
195283849,0
39072187,0
65129807,0
93479771,0
62145130,0
86419698,0
162029827,0
161169987,0
36323690,0
135695009,0
77820529,0
75842582,0
87157115,0
44386979,0
121449351,0
37584275,0
64172821,0
139012607,0
41652408,0
127493003,0
60805983,0
149728135,0
155760427,0
80603303,0
144462721,0
37443189,0
41701894,0
41376069,0
38338649,0
75958362,0
86797497,0
40288685,0
59398104,0
194065989,0
140240613,0
123637057,0
146276300,0
199964252,0
87530404,0
112947407,0
135183487,0
130331738,0
157318176,0
96392814,0
41480785,0
44795245,0
97811126,0
57859817,0
140368770,0
40899732,0
62416278,0
41070387,0
85738291,0
123317371,0
61882994,0
73719936,0
155038140,0
105712188,0
134214697,0
58488738,0
78189287,0
37322662,0
144320905,0
164615199,0
35816570,0
173366735,0
60104985,0
98731289,0
38188710,0
99123240,0
75644015,0
41102000,0
143518693,0
91886975,0
208012658,0
156784941,0
32628125,0
196612594,0
117957485,0
34238489,0
38740549,0
60355761,0
63506929,0
82343769,0
32670703,0
165907495,0
154457028,0
149053400,0
65108519,0
103467672,0
147280306,0
85535707,0
32566796,0
100951466,0
82880537,0
36673765,0
138176415,0
67871583,0
65418799,0
95776221,0
43430506,0
97664266,0
115024357,0
193939589,0
62317612,0
88330937,0
165800262,0
93497783,0
95073169,0
157480324,0
136574795,0
132646199,0
130125562,0
175162618,0
153497248,0
80525896,0
81039599,0
37023820,0
79786821,0
191163398,0
136543884,0
146536858,0
141009011,0
102982344,0
82523405,0
76881328,0
185298080,0
41750541,0
131224888,0
175188397,0
121055208,0
165571534,0
142402382,0
138608259,0
211566366,0
75760743,0
129217736,0
140007947,0
85056587,0
95877759,0
42865037,0
98383839,0
77907737,0
101826239,0
75267677,0
87916118,0
58345550,0
90393625,0
136885135,0
37650135,0
160779141,0
84984016,0
149228733,0
131977129,0
92021379,0
115274324,0
119338272,0
192787155,0
115016372,0
40149603,0
45074940,0
38521049,0
161622785,0
42009756,0
82294460,0
59683128,0
173989359,0
43724067,0
206776766,0
92955705,0
143711911,0
57840858,0
93564314,0
138642981,0
43816674,0
55977368,0
43219059,0
110104547,0
129418612,0
67798084,0
84261225,0
82466547,0
94666404,0
107418583,0
84800501,0
177420448,0
39449502,0
59435677,0
77913570,0
86332875,0
115529000,0
182884616,0
96552603,0
83580420,0
75021963,0
82796448,0
119161409,0
82713780,0
82643597,0
60914529,0
204974882,0
91627977,0
90574446,0
90681729,0
31175478,0
34005952,0
178582949,0
77850937,0
90767338,0
62539362,0
41183977,0
64245264,0
138873031,0
136903917,0
198688458,0
129108075,0
118396366,0
84864890,0
180065038,0
117545676,0
140503727,0
36234962,0
155300514,0
93298427,0
178860512,0
213681047,0
125198379,0
59335471,0
67022768,0
58804950,0
134021795,0
177619883,0
173513792,0
127455439,0
90783968,0
83413397,0
73771346,0
76865566,0
38361477,0
164420738,0
85792820,0
61994757,0
95335040,0
79956015,0
62291605,0
118455525,0
111128420,0
75991514,0
151582456,0
78135942,0
71835177,0
85093618,0
105192080,0
95841350,0
135625803,0
126965887,0
66272500,0
209923156,0
40097264,0
92258773,0
99956245,0
34092034,0
87192557,0
100685431,0
97189301,0
112770880,0
76583670,0
152137187,0
36859304,0
123323016,0
149974727,0
82894325,0
146191668,0
37993588,0
115598659,0
113838573,0
83746417,0
136350528,0
73883199,0
64385383,0
64075359,0
133345461,0
156867698,0
41752268,0
39429437,0
125518865,0
193450688,0
66116333,0
177455643,0
128416186,0
96586505,0
107747537,0
98291401,0
66773136,0
161843627,0
176669953,0
94248969,0
183831683,0
65622241,0
112740619,0
90929693,0
174579996,0
92664779,0
94496854,0
65216186,0
40521667,0
112532588,0
77890001,0
32740659,0
72300361,0
126964347,0
157083359,0
115728050,0
84740868,0
77195882,0
125532969,0
41503416,0
206623422,0
89407523,0
178146594,0
101241386,0
43831794,0
131721950,0
98893476,0
120695224,0
79660371,0
44200246,0
35221926,0
66456341,0
75040913,0
118670603,0
35296649,0
34104312,0
124927468,0
81733778,0
191452301,0
83370178,0
116301247,0
120440213,0
130040209,0
102676703,0
73635067,0
42810833,0
164813401,0
43559728,0
40043672,0
180056254,0
86528895,0
67251249,0
33419352,0
136880240,0
121719008,0
126140571,0
42968361,0
72146444,0
36652427,0
90740176,0
34549115,0
67146227,0
59132947,0
206652557,0
41569927,0
109109355,0
128609206,0
63915431,0
115251871,0
64610459,0
33665717,0
98157579,0
163478931,0
75144198,0
78050678,0
73101674,0
84343804,0
34174623,0
44468758,0
178788523,0
146239151,0
32092087,0
122105492,0
112624770,0
60137910,0
155304284,0
161417339,0
61932273,0
110260082,0
78134945,0
116713135,0
126187896,0
67148576,0
35295672,0
69247268,0
44375718,0
152732976,0
38122307,0
80500462,0
115311582,0
114309531,0
127853135,0
97440631,0
36397021,0
78115028,0
107785358,0
116186483,0
195089141,0
85165844,0
106562139,0
139646157,0
177370231,0
120922462,0
76566250,0
39593006,0
31661783,0
113499779,0
97729771,0
58708228,0
110212047,0
152816946,0
165251039,0
79727129,0
33412621,0
175946827,0
56365184,0
213014188,0
35890592,0
78723489,0
74295847,0
136972195,0
192842602,0
206274304,0
58368003,0
109146041,0
130807630,0
106639526,0
38519045,0
107459552,0
156851265,0
138670991,0
122474171,0
83626442,0
32802265,0
192962469,0
136889961,0
80610183,0
161407084,0
43366363,0
72450685,0
38046025,0
35588849,0
131415598,0
41578099,0
136124702,0
39069187,0
121497248,0
63579717,0
161910632,0
149907426,0
40072590,0
44807000,0
150535242,0
82212335,0
67552134,0
149261974,0
117801960,0
102255665,0
76068398,0
166993497,0
31392708,0
194664393,0
121911307,0
66859771,0
154369731,0
133803815,0
56082509,0
87449344,0
60821340,0
122860349,0
176019280,0
137005248,0
162069167,0
45661391,0
86932898,0
74113447,0
87122197,0
100153410,0
131500556,0
120580816,0
161113858,0
38199862,0
203381237,0
43915212,0
127330273,0
66419745,0
148581633,0
44044217,0
37992966,0
59691823,0
63112470,0
113116158,0
134639593,0
67480569,0
160451470,0
106644866,0
108892362,0
71394499,0
43426054,0
117566116,0
152913461,0
145648742,0
101794923,0
90109903,0
145520693,0
73481249,0
137438099,0
44906821,0
145677462,0
84143748,0
112484898,0
173296611,0
42422079,0
148351937,0
62181717,0
78146483,0
34357931,0
90335473,0
103559588,0
114364031,0
111572779,0
104139279,0
32858867,0
192223956,0
40457149,0
39084751,0
112967196,0
174401474,0
174819965,0
98967863,0
94571527,0
147151418,0
151736481,0
98486118,0
38262120,0
65445092,0
135697486,0
162144571,0
83280493,0
157295052,0
138120365,0
88232349,0
127635480,0
104885698,0
78273070,0
79477438,0
40010303,0
85711702,0
34022631,0
129051285,0
81019297,0
78743534,0
117654557,0
140941236,0
62993926,0
163852170,0
120179883,0
84725136,0
86657782,0
113046370,0
68490269,0
88009622,0
107175051,0
145889945,0
40692105,0
73796593,0
185145979,0
99932459,0
89306972,0
118795316,0
95944162,0
140903288,0
102211617,0
78910429,0
40035549,0
205054461,0
95866883,0
33723434,0
138662463,0
175756344,0
86884537,0
90549802,0
61977229,0
63163654,0
88595689,0
89616492,0
195251368,0
76103317,0
125835472,0
80095729,0
101956784,0
152708992,0
95739022,0
39854689,0
87458898,0
148595332,0
32564417,0
167286062,0
126769413,0
164891588,0
135035463,0
44498002,0
137626431,0
41637416,0
128912676,0
80173907,0
67444940,0
134808087,0
51121937,0
85025745,0
121793543,0
67421875,0
142324471,0
130871418,0
41338159,0
83959995,0
203928911,0
41010281,0
127324371,0
37852837,0
184588001,0
161226145,0
156635407,0
112426430,0
142620638,0
131310763,0
130453213,0
146420456,0
40346363,0
145959052,0
72524579,0
39608117,0
61315472,0
163895162,0
93682325,0
162853425,0
107803419,0
75346673,0
36982782,0
208071007,0
96288305,0
66590528,0
78539559,0
34240453,0
163074090,0
71663485,0
130738435,0
95939296,0
60352307,0
31426205,0
138943411,0
140487590,0
86576427,0
194514651,0
78160616,0
45425291,0
73230157,0
151965101,0
108791899,0
129822180,0
164893917,0
76312128,0
67146839,0
214390741,0
61324236,0
129403788,0
88889527,0
71008982,0
120561688,0
105865157,0
76296050,0
75564190,0
131811201,0
192717693,0
80505269,0
149453948,0
175739516,0
130064133,0
179260784,0
143143046,0
104183386,0
38187624,0
192915529,0
67499519,0
60151757,0
66062653,0
165885062,0
64754851,0
65897317,0
44642898,0
114318147,0
66989152,0
43282402,0
87617078,0
64139817,0
194043536,0
77234028,0
208085268,0
120032125,0
96910248,0
106403751,0
139919762,0
166745533,0
102299861,0
102324792,0
99897886,0
82465490,0
56313093,0
150277142,0
57023951,0
148029527,0
192030127,0
73377944,0
57126052,0
161718816,0
63095909,0
142692163,0
97323163,0
61801609,0
44940249,0
38469747,0
94268284,0
45184196,0
124642099,0
112579251,0
122126731,0
107292707,0
35284361,0
117393743,0
57843079,0
164179456,0
44655274,0
41569296,0
63780968,0
147974139,0
166390534,0
116735588,0
159069745,0
159719747,0
133144723,0
95312823,0
80609393,0
151715094,0
34580017,0
142332278,0
111881263,0
103179746,0
74614674,0
58971618,0
34619269,0
58238800,0
82465481,0
74698004,0
111138960,0
69505516,0
59489990,0
75869111,0
180961691,0
41458016,0
115548196,0
69508201,0
117324863,0
89093463,0
38253997,0
143505814,0
61623107,0
44918546,0
66394153,0
120841284,0
90816913,0
144290802,0
84787591,0
162927447,0
116256468,0
57555044,0
56267159,0
194139745,0
40126448,0
147360841,0
64577968,0
109634675,0
39672427,0
99827072,0
39681389,0
134028181,0
67311927,0
82839173,0
110195999,0
207149906,0
145232086,0
113957571,0
136131581,0
198810416,0
79751379,0
124533543,0
41810795,0
79543703,0
113923472,0
65605572,0
64205104,0
138250101,0
135873738,0
136817449,0
133844883,0
124444351,0
122472671,0
165515919,0
134683503,0
132661330,0
174267711,0
93267111,0
129576427,0
94302274,0
151496946,0
56146859,0
121724249,0
109966027,0
155189382,0
37044280,0
118352081,0
163473049,0
70675439,0
87245123,0
41216605,0
75736661,0
89081856,0
65430356,0
42462228,0
81665470,0
116679934,0
145524187,0
61418540,0
95212953,0
66498070,0
113777846,0
63994645,0
75575885,0
34677223,0
161173905,0
117784569,0
68984677,0
71700901,0
166343870,0
133204187,0
66817164,0
130121081,0
115018751,0
96216306,0
78774792,0
173997926,0
32968380,0
121275073,0
65806418,0
141628358,0
116731206,0
77446797,0
58002048,0
138923465,0
151728270,0
112443021,0
76086183,0
178047671,0
120248388,0
136837524,0
199040378,0
131835826,0
103698009,0
114620226,0
148075361,0
35547179,0
86025397,0
41341969,0
122777671,0
62888776,0
148973288,0
148255195,0
78390479,0
66109484,0
180521813,0
92563625,0
44418542,0
151393611,0
84838331,0
178883636,0
73994567,0
154823792,0
130240957,0
60265336,0
61481212,0
175681887,0
77086971,0
154275674,0
81024025,0
92439979,0
145218940,0
130317072,0
34086053,0
34496461,0
61833231,0
136451958,0
107996350,0
62896651,0
86661178,0
111779073,0
124252328,0
82160855,0
120950265,0
145079640,0
143283807,0
87483424,0
45358513,0
146188520,0
140773838,0
96887982,0
78846198,0
121169883,0
142572504,0
130036173,0
60850416,0
77900552,0
95528326,0
95127304,0
132250853,0
124423655,0
115773578,0
148641857,0
173428400,0
136233465,0
142339937,0
106024097,0
83799308,0
154004585,0
55979352,0
86029237,0
193744872,0
38594755,0
74614921,0
85346714,0
77256758,0
63600334,0
123270766,0
125766049,0
84941419,0
131794157,0
119568165,0
34124999,0
34218326,0
40417059,0
73944055,0
37523567,0
74854437,0
71982668,0
144218587,0
75115636,0
31133788,0
112027925,0
64756944,0
155555455,0
162793586,0
155898424,0
107985750,0
131791334,0
32890509,0
85390851,0
110738047,0
116275882,0
157432684,0
76236625,0
145666536,0
135875771,0
192274281,0
130550527,0
198595318,0
156016790,0
121740948,0
121005051,0
118184555,0
148015769,0
78580390,0
35612259,0
143878983,0
77948025,0
38447895,0
82985490,0
152013639,0
35353913,0
131888569,0
110758408,0
39518639,0
77188144,0
131564382,0
67576729,0
151637193,0
157020183,0
74716114,0
43381503,0
72418007,0
139728104,0
31916991,0
175247141,0
159422218,0
66240473,0
45391527,0
74696563,0
140778635,0
123790658,0
60344609,0
36482413,0
195319281,0
72807126,0
67253065,0
38162634,0
140860335,0
103017727,0
133966822,0
135853712,0
210473890,0
39250047,0
76989597,0
151258496,0
114826323,0
158423019,0
82243000,0
92210797,0
61841068,0
43563834,0
89247478,0
148268223,0
163994549,0
85440061,0
83484330,0
94571784,0
97757435,0
94025669,0
62080544,0
67880999,0
116290973,0
58425069,0
67148408,0
110216715,0
81655157,0
59028388,0
34800938,0
164566147,0
77906602,0
61680065,0
97246446,0
164137431,0
87020490,0
149002956,0
185763688,0
127423383,0
121416238,0
76410488,0
167048629,0
33053801,0
120743595,0
163653169,0
40537893,0
93319420,0
105871326,0
213027699,0
132017654,0
84993274,0
66784476,0
77285093,0
164533893,0
108339970,0
34925503,0
93145912,0
63826566,0
32932089,0
46590654,0
41509042,0
36992681,0
132502784,0
129636365,0
90147635,0
34984809,0
185966953,0
100648331,0
39799212,0
116347575,0
62121700,0
101002423,0
180894795,0
134437690,0
56785521,0
92775802,0
156131436,0
87989725,0
56274335,0
40344369,0
90188327,0
63395343,0
77315867,0
82518490,0
73810756,0
36923515,0
195095645,0
126790642,0
86980074,0
37320638,0
33119651,0
59103003,0
156818202,0
142594563,0
78213093,0
120271019,0
213745654,0
128284131,0
73219290,0
166239558,0
100470086,0
118328079,0
42789949,0
33746085,0
139371150,0
118384691,0
180628957,0
59932681,0
84734088,0
32846609,0
44374750,0
96203762,0
37419897,0
102765884,0
40015524,0
126462429,0
185370730,0
90282404,0
31977669,0
39524383,0
141092616,0
134927509,0
115590063,0
102807810,0
155522708,0
136870232,0
213532559,0
144843935,0
128904356,0
112818037,0
124156070,0
146460961,0
198636534,0
96409435,0
40785876,0
39483138,0
194278492,0
93383128,0
44920046,0
196256538,0
129218160,0
86957897,0
73670844,0
193668530,0
134298055,0
173461779,0
99220811,0
85937143,0
115341428,0
135330850,0
95383490,0
130450232,0
37141910,0
109584794,0
69040806,0
122004032,0
45169668,0
161128831,0
198768441,0
33714927,0
102375917,0
47724307,0
118567239,0
137648697,0
123763822,0
55987396,0
93305908,0
147298939,0
96816428,0
112955412,0
84262360,0
120284570,0
108676958,0
42876288,0
71188649,0
39051629,0
97762271,0
133827502,0
38699837,0
97909723,0
89857557,0
106707024,0
75073315,0
144119042,0
31740433,0
103471216,0
100641837,0
108764087,0
112826238,0
90101307,0
160866891,0
175988773,0
85130382,0
108900307,0
82816809,0
74421053,0
92659499,0
87399542,0
177021351,0
117118568,0
213266386,0
104387914,0
138715552,0
78492017,0
36323631,0
160820327,0
179316813,0
102210354,0
83076399,0
148162599,0
157332783,0
99986604,0
164775274,0
130552965,0
44413380,0
65268051,0
200888007,0
150205696,0
64766685,0
89924315,0
128093025,0
64843974,0
76949004,0
61521263,0
83866125,0
176339864,0
44610604,0
32779150,0
40888954,0
88456093,0
82817332,0
42681857,0
45505037,0
101826051,0
59476449,0
113023038,0
34433039,0
60807464,0
164512121,0
109679364,0
176032624,0
65926077,0
40990167,0
92825407,0
160497896,0
116398591,0
109710296,0
110192969,0
101699483,0
147296807,0
116696761,0
61151350,0
56787623,0
66770027,0
126314967,0
123053990,0
73754765,0
109457782,0
122937213,0
85553285,0
101490337,0
80690531,0
31902334,0
130101717,0
55741514,0
82894690,0
102982680,0
134533051,0
40608825,0
99746506,0
57714330,0
130773472,0
145305121,0
130854965,0
126952839,0
195811883,0
63802681,0
192436251,0
41851714,0
67963647,0
61524678,0
59007238,0
112967758,0
154925360,0
150569203,0
57723706,0
118441165,0
38280033,0
64463974,0
133929524,0
107907415,0
108244788,0
180129634,0
77065800,0
69951543,0
145832366,0
71734823,0
59307817,0
74556464,0
163667569,0
72189614,0
206823212,0
42853529,0
97367517,0
38208972,0
80802354,0
81441726,0
113331404,0
114061804,0
34864291,0
67443874,0
116242029,0
94350991,0
73281745,0
204477257,0
147678811,0
118021884,0
63740512,0
58616599,0
136465045,0
68282228,0
95710795,0
78975026,0
106875578,0
41265608,0
151037279,0
131711656,0
115466634,0
42101119,0
137141508,0
81403274,0
144743314,0
151988926,0
177097574,0
36147014,0
133218143,0
81973323,0
131839596,0
79476313,0
178699785,0
176321092,0
139693797,0
32918331,0
66197106,0
146781229,0
155146607,0
185002445,0
98716297,0
83233208,0
143200290,0
31204099,0
126178756,0
41537368,0
66741829,0
81402574,0
212613462,0
107939057,0
182353246,0
138817594,0
80134320,0
153567806,0
77662181,0
71962613,0
36250250,0
59117580,0
46151013,0
122566827,0
77805665,0
163098646,0
174499312,0
152664382,0
62512941,0
130276192,0
75445962,0
33869919,0
81389792,0
155003932,0
112516875,0
81531905,0
173405128,0
137777002,0
113628588,0
37345431,0
74519453,0
133911256,0
117047034,0
87067381,0
31453188,0
115077564,0
38593541,0
45670185,0
62176387,0
44609509,0
61273210,0
117377784,0
121134027,0
194801324,0
83963183,0
63146037,0
56963440,0
144419285,0
44296179,0
131278509,0
81622774,0
56888086,0
59569391,0
88355562,0
115772986,0
151905508,0
110667805,0
103035216,0
111614586,0
39341085,0
59796757,0
66735079,0
116778018,0
116725896,0
38648544,0
72210330,0
86547618,0
65562797,0
61516387,0
80461013,0
58298561,0
68325171,0
146804137,0
109381815,0
135768932,0
37049382,0
132346835,0
165883700,0
125336751,0
141769652,0
62107429,0
156171595,0
132448620,0
63491177,0
121183858,0
204419786,0
72305651,0
153723005,0
101662196,0
32986392,0
173799507,0
61383365,0
60118990,0
87195765,0
122044439,0
133122477,0
166201590,0
82202663,0
110126112,0
71817096,0
155628155,0
65357025,0
94680270,0
107998354,0
84697442,0
86151807,0
134511959,0
41565407,0
132685125,0
60014490,0
86297137,0
144245846,0
147546351,0
118391876,0
84777564,0
139041525,0
36640919,0
75322967,0
163929341,0
63650719,0
80382560,0
65886490,0
32841052,0
97142845,0
63035428,0
128179108,0
34720718,0
134925742,0
73964416,0
152028365,0
61227948,0
115500082,0
102048423,0
78140502,0
89772235,0
116033406,0
91529705,0
178450410,0
192788635,0
87673503,0
74087203,0
42656294,0
120963500,0
149918283,0
136024831,0
111836070,0
181081597,0
103458869,0
118664040,0
38550253,0
72870508,0
156526378,0
43676920,0
71943456,0
203641499,0
150480712,0
35310042,0
101804180,0
146410152,0
93767697,0
111410394,0
59398893,0
163604670,0
35627014,0
192384959,0
60749786,0
78679352,0
108154510,0
99955939,0
39474522,0
111542045,0
81286793,0
139242618,0
135516063,0
135250107,0
66714747,0
62643684,0
206367207,0
145164371,0
85352231,0
63925716,0
66732039,0
78849366,0
63567834,0
128170077,0
154395609,0
41700364,0
184767401,0
192422532,0
88653693,0
126049336,0
57546092,0
39364170,0
179356371,0
104163035,0
140356956,0
38675913,0
99067359,0
178390748,0
31288129,0
120824575,0
79353812,0
159403387,0
115412252,0
144723654,0
64623220,0
37359229,0
61525566,0
117753806,0
157021575,0
74792979,0
99132271,0
113740963,0
84740227,0
59501991,0
44204825,0
152166677,0
59046884,0
77011932,0
165720565,0
133402152,0
164881787,0
132511983,0
99110746,0
138034194,0
44467446,0
139972584,0
62205799,0
39885640,0
196387804,0
209898265,0
136524727,0
144478897,0
114053672,0
37489725,0
135709142,0
157929618,0
65977902,0
96041131,0
63501826,0
111254198,0
106153438,0
40727280,0
157430927,0
185472890,0
143184538,0
56357901,0
34649943,0
32043963,0
124046458,0
56102821,0
146031653,0
83018909,0
120170635,0
130157312,0
72200796,0
99804845,0
84363484,0
65696757,0
35415025,0
33414644,0
97477602,0
77011903,0
96845109,0
84322012,0
83766364,0
41348187,0
34369459,0
44813129,0
111740996,0
80283953,0
85553887,0
40655341,0
58893283,0
132901250,0
56943938,0
75004988,0
155400818,0
89391071,0
88891866,0
128383014,0
156140535,0
60035058,0
58242156,0
40625880,0
79106331,0
67157093,0
145320123,0
174211089,0
91673584,0
166945057,0
61991184,0
73788786,0
161331621,0
72947590,0
174510632,0
146603566,0
89315825,0
203827215,0
42564320,0
82517878,0
135727697,0
131318619,0
158312559,0
148334241,0
112820070,0
72438940,0
55877359,0
96562562,0
194511937,0
107676052,0
72314149,0
44337937,0
111236541,0
42717743,0
58586734,0
103749617,0
145778468,0
145175001,0
38517713,0
59310106,0
87241866,0
143685667,0
92853002,0
127380410,0
90552762,0
41051487,0
162586838,0
207055493,0
79265943,0
77543025,0
66676493,0
66447005,0
93448850,0
61688079,0
152470987,0
111491285,0
58343142,0
114589788,0
119458839,0
71697219,0
32817178,0
88040830,0
60858914,0
90841054,0
107128901,0
43643176,0
98945923,0
123607596,0
74807063,0
67565675,0
157003119,0
106639408,0
114857097,0
174434004,0
67109867,0
33239458,0
92435557,0
109231570,0
61946939,0
70016080,0
83813491,0
79751231,0
147458531,0
119387275,0
146570178,0
35152523,0
161200158,0
79060309,0
96960346,0
89167031,0
126320385,0
92269235,0
163449155,0
119930162,0
60631646,0
143199293,0
161961628,0
77169560,0
115763403,0
78472663,0
80981566,0
55982461,0
93517759,0
128280301,0
41204032,0
74690424,0
59820237,0
66186615,0
179134058,0
109542187,0
118059793,0
148379829,0
104411019,0
91398963,0
175828185,0
94906284,0
43278070,0
145355595,0
59093597,0
115113243,0
136105752,0
93791226,0
174934028,0
86106555,0
76759201,0
129351548,0
114032373,0
32811147,0
93294075,0
136986644,0
174589648,0
55961814,0
41993896,0
90036414,0
130653023,0
42289649,0
178787378,0
75594706,0
84535245,0
84792299,0
159996017,0
33409956,0
36924927,0
32915814,0
111669333,0
104853266,0
77199820,0
142515646,0
127744441,0
88398751,0
66064854,0
195022265,0
74252026,0
87307183,0
140547647,0
157161151,0
63288179,0
145620968,0
90549476,0
119924941,0
59197277,0
87790162,0
77454781,0
35167219,0
81509698,0
75090429,0
90066675,0
59246625,0
206618398,0
112410797,0
38251934,0
174244074,0
43129098,0
125464246,0
142016096,0
143244082,0
118418050,0
107250129,0
177376716,0
198772270,0
152597436,0
91538361,0
130488062,0
134060050,0
76964746,0
78003067,0
33332904,0
179374126,0
185813145,0
35807194,0
63055611,0
103940239,0
43704634,0
162350293,0
153781641,0
40603061,0
166085188,0
116491207,0
37025291,0
74685588,0
146425430,0
88885520,0
151419450,0
99260408,0
66572467,0
133881834,0
149960071,0
163142664,0
83244854,0
162426605,0
139949726,0
112654655,0
42808642,0
116900885,0
112214106,0
39276518,0
131507573,0
136124751,0
85025291,0
86747191,0
96145038,0
40416319,0
146581883,0
64291858,0
31894755,0
89197311,0
65647172,0
176244149,0
93607237,0
42966388,0
43225553,0
32072674,0
75158500,0
87570770,0
65005055,0
74657163,0
92385884,0
37595981,0
38849006,0
212251011,0
44063957,0
81480218,0
60843172,0
128656994,0
69890993,0
31188752,0
87675842,0
161452149,0
174502430,0
66016571,0
114234838,0
95142701,0
64391581,0
143641333,0
43030629,0
124574956,0
82002586,0
194514592,0
113839669,0
129279727,0
45150432,0
195290797,0
60508730,0
191737671,0
55984247,0
62413900,0
36724929,0
124465146,0
97358812,0
42650689,0
128075773,0
152463368,0
115654057,0
207270611,0
78843435,0
144511457,0
39834348,0
31923011,0
100268549,0
131399145,0
76978395,0
122903341,0
77565311,0
93549974,0
195790160,0
44056870,0
67141400,0
43279293,0
62615822,0
76346869,0
104146859,0
160680790,0
74588204,0
100383747,0
60515945,0
66050493,0
94391269,0
74252065,0
85250456,0
70242864,0
100513651,0
159781630,0
79633546,0
55962031,0
99344339,0
146586986,0
39823915,0
179525713,0
140505592,0
122969872,0
71756496,0
75793441,0
64989580,0
148978983,0
129781705,0
73407839,0
206279170,0
118331523,0
163655479,0
144104316,0
83050876,0
194807956,0
133874639,0
196135408,0
31593465,0
33467357,0
127688224,0
134582566,0
155632507,0
67001775,0
68497642,0
193701929,0
143889554,0
43390109,0
141645837,0
35345642,0
84312824,0
39607751,0
101650017,0
91219454,0
178977467,0
88615863,0
83763067,0
41725640,0
114934080,0
37841003,0
66455591,0
58942740,0
79283964,0
57898625,0
35922491,0
31583526,0
55795669,0
178812881,0
39637340,0
91998077,0
33320142,0
31682163,0
146503982,0
128439291,0
164708200,0
46312953,0
109295930,0
151389101,0
96357037,0
42604864,0
74028104,0
138544976,0
105757095,0
34434964,0
69322948,0
98781239,0
174000304,0
63042356,0
37018994,0
75326796,0
86706222,0
160204819,0
148973328,0
167043280,0
106842396,0
158047402,0
60910226,0
130707641,0
208165794,0
100976634,0
140042273,0
64379658,0
44685268,0
33495979,0
106250901,0
118150080,0
41552340,0
33458228,0
32959083,0
42373214,0
74727948,0
42569462,0
76766988,0
83625801,0
77740664,0
151428016,0
57038410,0
31254701,0
115510889,0
99314099,0
110122825,0
66268177,0
44242962,0
34423416,0
211641770,0
184928493,0
141421028,0
43080816,0
56117586,0
63928005,0
32685339,0
111090580,0
146098519,0
78575347,0
127212232,0
129089776,0
156021616,0
55724696,0
60057541,0
124670257,0
178102349,0
99504276,0
85041694,0
95300782,0
81681271,0
85956863,0
80775232,0
198878467,0
40105298,0
128677928,0
33567662,0
77877714,0
119294333,0
163164387,0
80001524,0
38448714,0
85353001,0
100197458,0
64922506,0
142971730,0
149034924,0
175515348,0
152362115,0
92082571,0
42459643,0
76520031,0
66016660,0
176155707,0
106990203,0
143319979,0
44273952,0
142218156,0
75469728,0
34882451,0
142403162,0
130373249,0
60699431,0
92663180,0
34674213,0
34802596,0
103891128,0
137409221,0
77630312,0
87678823,0
144465119,0
35699289,0
76755846,0
41096255,0
157059721,0
147351051,0
75736158,0
81513320,0
76327209,0
136031118,0
42839830,0
37051100,0
83574311,0
152946662,0
91943005,0
81995253,0
168415994,0
55836085,0
77467316,0
35904518,0
164196007,0
81224319,0
130224534,0
38712559,0
96961008,0
142383028,0
149700165,0
109432141,0
35340016,0
148058534,0
205751748,0
37040322,0
75970413,0
88235231,0
109265630,0
159135062,0
92366273,0
199055844,0
95803313,0
33687430,0
60851067,0
41533400,0
196419278,0
142767646,0
96742238,0
99641997,0
65147869,0
37682665,0
38095511,0
180802722,0
45102219,0
56121711,0
33434235,0
161851246,0
75720800,0
140678083,0
101170226,0
174497486,0
112594638,0
120013994,0
34257686,0
43804465,0
115046820,0
174366299,0
87144176,0
60049044,0
115667865,0
106362565,0
125019660,0
210426624,0
82283880,0
45274542,0
66749686,0
165567428,0
42282177,0
192749996,0
198692455,0
157116975,0
213750095,0
152679551,0
93293877,0
57569621,0
80499406,0
63496832,0
74756165,0
82281334,0
164668051,0
175083602,0
150026197,0
142091203,0
60163837,0
61918357,0
115663888,0
135842885,0
142751164,0
107323628,0
78366950,0
66595286,0
100624950,0
39895184,0
68040442,0
141150660,0
39112041,0
35655567,0
86688280,0
112566312,0
145321594,0
44074912,0
125309708,0
151065753,0
76576110,0
213225950,0
165352636,0
113422027,0
151502769,0
41331695,0
34200778,0
173365264,0
81548042,0
34714639,0
34241352,0
125731417,0
59227764,0
39611226,0
134561722,0
38535034,0
95248266,0
116617054,0
76712084,0
123115350,0
185140126,0
132097163,0
82201143,0
143195829,0
59640975,0
107806419,0
97224783,0
36425939,0
56266439,0
147845054,0
121002662,0
125398150,0
89324540,0
154935210,0
102864876,0
132191981,0
110209352,0
208351323,0
112747696,0
174598452,0
144521712,0
121958603,0
75499534,0
75368841,0
82205367,0
41683063,0
44231848,0
164791490,0
72725997,0
32397443,0
93999801,0
154963753,0
141127190,0
121375802,0
62625760,0
90844814,0
81286290,0
135679593,0
43028911,0
98667669,0
132603819,0
35004637,0
108368493,0
143250349,0
36240558,0
136526977,0
157400519,0
85328070,0
138320926,0
89111623,0
118148037,0
177220016,0
43143971,0
194648691,0
164639913,0
149228644,0
161464654,0
42507155,0
93532445,0
159662701,0
79203537,0
206784958,0
128266099,0
98987366,0
81432706,0
115353637,0
155147999,0
41283344,0
156995697,0
114549451,0
104273437,0
61401703,0
35310565,0
155267381,0
103766544,0
71181779,0
45126923,0
39372875,0
147654946,0
103906722,0
191950923,0
112592161,0
76886638,0
61682897,0
175431407,0
184624311,0
195096277,0
84290499,0
194674460,0
82664146,0
88538455,0
42377991,0
70440000,0
84912748,0
80984744,0
154360996,0
177640747,0
179012622,0
77797967,0
42269781,0
194573040,0
32470606,0
31164631,0
34626296,0
156527631,0
126640299,0
164470017,0
52902434,0
120833882,0
44064993,0
141379605,0
100222438,0
80140044,0
65999013,0
80786848,0
31309694,0
44775970,0
126005861,0
88179014,0
64012963,0
66953996,0
148021286,0
127022943,0
45572378,0
32756805,0
119768468,0
86439506,0
212986987,0
154178409,0
129952607,0
125911221,0
37057209,0
91770573,0
140730205,0
209937388,0
87760967,0
161493098,0
37002206,0
43463450,0
70578855,0
121227127,0
73808851,0
70956407,0
151591803,0
94862947,0
77377374,0
181329038,0
95701636,0
34549214,0
63927788,0
145245993,0
65628943,0
140765992,0
99457948,0
163919895,0
70690727,0
104933151,0
41616245,0
99094471,0
211667757,0
89511026,0
144874451,0
161979334,0
126639726,0
106012481,0
63284359,0
119798008,0
159322723,0
35166439,0
144264253,0
78994222,0
69386025,0
189541062,0
67367730,0
196568171,0
94395216,0
63163141,0
61678476,0
106468999,0
154676123,0
40206323,0
41746149,0
102875703,0
36200656,0
193536317,0
76993871,0
76834674,0
43916455,0
192869458,0
139929099,0
34594239,0
80823011,0
136457436,0
36397988,0
208028360,0
151696361,0
32364873,0
32611041,0
43055352,0
83884286,0
121847491,0
75967244,0
180452321,0
133999056,0
163027989,0
121011723,0
33090082,0
97969168,0
38838159,0
64994742,0
161310668,0
171600224,0
141406746,0
83359144,0
86899183,0
38307283,0
125661224,0
132257150,0
119286881,0
157045844,0
192061897,0
119827242,0
87038196,0
125302434,0
79756639,0
135577551,0
57672956,0
140640342,0
75057060,0
116243342,0
91941534,0
97794061,0
130540184,0
133662650,0
36530458,0
156606657,0
117238810,0
198693600,0
155573744,0
136718112,0
72199572,0
149226128,0
36796217,0
162765517,0
110905801,0
118574276,0
41266072,0
60177960,0
56516466,0
74505073,0
72224000,0
60328965,0
42946648,0
105816757,0
45144708,0
133781490,0
82664166,0
59491924,0
116350210,0
108255931,0
43149202,0
134197129,0
78299669,0
74709383,0
45616406,0
104822433,0
192075912,0
73794116,0
78054360,0
91737747,0
113922268,0
76782168,0
101109577,0
67054449,0
33600084,0
115929005,0
84979733,0
52911040,0
74610727,0
83387785,0
31966862,0
181055502,0
77760838,0
196219162,0
61041057,0
84109609,0
174343026,0
156106722,0
78401681,0
44380317,0
112695476,0
107451656,0
114959741,0
161413253,0
64109991,0
94789181,0
210359403,0
41124897,0
162473120,0
35815386,0
39419716,0
32236983,0
32417429,0
135837921,0
88533659,0
39432615,0
180948180,0
176531029,0
108709005,0
37863279,0
93968346,0
135414870,0
86032819,0
44696894,0
150173057,0
198862478,0
112184990,0
144055008,0
55736116,0
112768333,0
75532498,0
34772326,0
95855079,0
133901860,0
65422629,0
89973999,0
162760237,0
163465716,0
139034597,0
91662185,0
106870080,0
33876670,0
78224837,0
97354825,0
76308920,0
69090173,0
58605713,0
36561913,0
33447145,0
165764653,0
191247655,0
92816899,0
42114177,0
34878069,0
44996348,0
105062423,0
44284296,0
35474697,0
177633888,0
125190059,0
32111748,0
77447103,0
96617970,0
75701318,0
111854062,0
71162445,0
36195306,0
141268266,0
58624830,0
136452393,0
110564549,0
122801674,0
33881456,0
41118985,0
131862977,0
81115585,0
122897044,0
212506259,0
31297643,0
75990626,0
157111073,0
107054967,0
89556574,0
37726950,0
112224311,0
65589010,0
100621713,0
42701961,0
192520685,0
162451733,0
34098756,0
156180369,0
140061874,0
109626759,0
86466115,0
163813491,0
150468267,0
44945668,0
67140384,0
83805368,0
107397986,0
91882652,0
62918680,0
122425988,0
192694864,0
111539104,0
65128574,0
144031785,0
111619205,0
195891106,0
112333992,0
138883572,0
164778077,0
145936154,0
153818148,0
38480929,0
75460371,0
83763166,0
139469067,0
84154426,0
37435827,0
143166921,0
37898316,0
31388158,0
72507494,0
41445491,0
123987171,0
135092963,0
77436325,0
93949624,0
159741233,0
110873113,0
95576243,0
33841998,0
129141947,0
105490882,0
83502737,0
84016637,0
64820938,0
95408282,0
32515257,0
60771341,0
176231042,0
107756568,0
110023567,0
90956015,0
31584296,0
61805892,0
71942894,0
82788779,0
100545174,0
204068537,0
64864216,0
103615588,0
39146871,0
40212847,0
192812313,0
120678929,0
142044540,0
154891744,0
137997321,0
75792602,0
42785310,0
77622742,0
155406997,0
131582631,0
42883828,0
36154920,0
57801004,0
103103435,0
152422330,0
40610158,0
140168081,0
64511082,0
60175039,0
143256843,0
60811451,0
142630113,0
165864375,0
96364262,0
159658911,0
134118833,0
154587020,0
130363113,0
100219763,0
117794784,0
67565862,0
150005303,0
89070447,0
180813223,0
78733773,0
147564264,0
86524819,0
123336745,0
39962337,0
35530559,0
127086257,0
44277229,0
37610489,0
174075570,0
109820401,0
34089903,0
118059112,0
107800656,0
101914601,0
212838726,0
83572317,0
121917861,0
60127201,0
102361734,0
64658287,0
158542975,0
115908831,0
79745457,0
180784364,0
59015173,0
173670906,0
82021378,0
111463789,0
125456657,0
73206331,0
55723433,0
151879610,0
89889190,0
38164588,0
193901650,0
35026034,0
127152038,0
33159939,0
41841766,0
88973527,0
44099734,0
61001687,0
178506381,0
161713210,0
73796346,0
79987095,0
103242458,0
59555080,0
32368693,0
131094787,0
35030821,0
74554174,0
80894486,0
164779518,0
34951766,0
65595307,0
35764715,0
160638903,0
154767525,0
33637460,0
40522999,0
109523849,0
123551182,0
71749025,0
38232925,0
155526172,0
69774502,0
117983363,0
44724322,0
96749038,0
43297207,0
34783222,0
134267420,0
159508074,0
90547551,0
57589716,0
78427105,0
207026003,0
90185949,0
137978302,0
78945684,0
87708747,0
158532838,0
79966911,0
143817634,0
99221798,0
206436196,0
150383319,0
41721969,0
116145919,0
64302823,0
81173441,0
63925489,0
171641587,0
77746043,0
115384775,0
75351638,0
44876521,0
147703100,0
80507351,0
127228300,0
152194599,0
76036440,0
91191602,0
142126003,0
107098650,0
133801150,0
34556261,0
96278159,0
67041796,0
59723199,0
72165483,0
173748452,0
130745876,0
61236811,0
130695699,0
56859128,0
153168057,0
103389219,0
185596349,0
91900792,0
84909826,0
133020899,0
80409889,0
142456310,0
118119820,0
74992216,0
85286125,0
89137974,0
32332847,0
63076653,0
75199192,0
82532140,0
95868709,0
74726300,0
122599485,0
73623579,0
113023581,0
79401166,0
116985625,0
76204302,0
35622030,0
166448754,0
124610506,0
155288196,0
93049368,0
163982518,0
118293081,0
78152237,0
122067533,0
171316068,0
92044297,0
35182448,0
176201680,0
63296894,0
32941396,0
157118870,0
130412757,0
127189009,0
84117455,0
145566449,0
156071221,0
164637001,0
94457316,0
177141256,0
184926844,0
40365786,0
90046175,0
118633869,0
138958374,0
105166606,0
194949891,0
179384756,0
59480258,0
32464685,0
155999548,0
37483862,0
35046474,0
67438525,0
67446115,0
44570376,0
67030565,0
196215342,0
116798872,0
212330974,0
69625501,0
110678839,0
166211321,0
67757244,0
117159557,0
185372664,0
173689224,0
107292855,0
74957189,0
45213351,0
150994455,0
203640255,0
83230651,0
82260213,0
131622149,0
43151689,0
86768500,0
68938300,0
81675389,0
151774163,0
146231867,0
199038365,0
61168138,0
102450610,0
208116269,0
166489052,0
80962448,0
62434626,0
143624565,0
179376169,0
82961606,0
91185720,0
74436962,0
44723937,0
90154248,0
72876696,0
45607681,0
89421578,0
77156078,0
34049417,0
58975339,0
41578474,0
119514089,0
77923509,0
110422378,0
138533635,0
75256544,0
86306425,0
40076390,0
112875616,0
126708853,0
56295939,0
163077791,0
32609965,0
110191587,0
64071805,0
155512345,0
131159274,0
85287556,0
92633157,0
34579287,0
65072929,0
96523587,0
77358819,0
82175512,0
110999019,0
132684168,0
116810548,0
32869329,0
80391364,0
75451370,0
140312118,0
135086331,0
138670714,0
72606980,0
103386386,0
138718562,0
34072700,0
72352986,0
115830072,0
94637634,0
103594882,0
103409679,0
79266979,0
42340743,0
36823595,0
70072742,0
34038245,0
137492155,0
194409767,0
37804012,0
100298770,0
164565308,0
128034222,0
77608530,0
129802470,0
175366583,0
100654223,0
39845796,0
115307703,0
123739563,0
80982711,0
79126396,0
40620096,0
67067724,0
35302719,0
79178873,0
36597976,0
130206177,0
181064513,0
40737861,0
146680905,0
76172226,0
59568730,0
147356982,0
81967816,0
76716693,0
59427535,0
76095283,0
144736593,0
105712682,0
163799713,0
34257025,0
136541120,0
84898042,0
89082389,0
180314719,0
77512331,0
77482288,0
80289361,0
104267495,0
127153370,0
142006946,0
45670008,0
132668524,0
67257033,0
85997851,0
89430539,0
134284080,0
93289574,0
181371773,0
57752752,0
35548137,0
161148116,0
32704713,0
134021272,0
196084826,0
84263644,0
109507919,0
43563558,0
145250523,0
72245437,0
89495580,0
159432167,0
120029648,0
169764290,0
104295949,0
63926416,0
33716634,0
140802736,0
185049672,0
41058070,0
75477988,0
33755570,0
129246150,0
42996934,0
137141913,0
134325651,0
114374374,0
116809689,0
92606489,0
124496848,0
92111617,0
81440009,0
137251574,0
37366670,0
112038466,0
89951704,0
87496047,0
60138561,0
173511325,0
103492968,0
80779930,0
57092594,0
40805418,0
142477361,0
144557578,0
59494027,0
39731477,0
56755557,0
180191566,0
55739994,0
81403225,0
135008578,0
178579090,0
75367676,0
72278894,0
35686568,0
191923071,0
89032686,0
41330965,0
125975156,0
110136307,0
142099533,0
127070534,0
60485359,0
121059334,0
109082836,0
103841079,0
119570227,0
59545339,0
140973342,0
35626353,0
37039276,0
35876676,0
127516335,0
42385917,0
74090006,0
39958557,0
42465860,0
67462656,0
139906349,0
161178129,0
83056877,0
120456656,0
148095239,0
32861591,0
118066662,0
141960707,0
131987393,0
155439083,0
179305671,0
146499215,0
60252259,0
82517197,0
114926095,0
69992354,0
116805613,0
32868154,0
35933229,0
142377205,0
119773719,0
82238440,0
74644905,0
91700341,0
156986439,0
99841382,0
78016303,0
152891116,0
105535986,0
133088466,0
164083899,0
77556803,0
136455067,0
35015069,0
153677724,0
205995834,0
92206967,0
113142885,0
115676096,0
59359474,0
207123742,0
119733254,0
112858818,0
121835736,0
92776522,0
181251502,0
98753259,0
131883309,0
33903476,0
57998436,0
164057744,0
102452376,0
70351232,0
121345562,0
72243206,0
129261962,0
90315645,0
76795127,0
79999136,0
97062724,0
87507861,0
212529985,0
84904201,0
161412256,0
108487797,0
67225233,0
102120856,0
210361080,0
116942041,0
158987758,0
90586773,0
73445571,0
136296354,0
35470305,0
62392275,0
137428269,0
90470332,0
123199340,0
93234729,0
136402008,0
131985479,0
150206831,0
110589302,0
36897144,0
91329490,0
39819652,0
40344221,0
195322409,0
32148137,0
43770632,0
137986938,0
36388593,0
74832960,0
213600966,0
97754682,0
155174143,0
127344900,0
74397879,0
118994346,0
148229988,0
37272652,0
163905032,0
185135034,0
124716328,0
131397468,0
110806305,0
142107942,0
139483772,0
134381315,0
41411047,0
129320705,0
164499350,0
36159085,0
102046341,0
117278979,0
150887231,0
65120648,0
32379579,0
83977988,0
121999936,0
168466417,0
194725338,0
131453981,0
79067297,0
121287124,0
163857115,0
43373686,0
76084614,0
85715314,0
122996105,0
178842184,0
80967847,0
142104024,0
153047362,0
36551786,0
90658170,0
115068050,0
179734959,0
63662829,0
151236931,0
64873198,0
76014165,0
38542624,0
124441904,0
196470422,0
165516097,0
86488075,0
88917379,0
42751576,0
134299713,0
108119138,0
34529959,0
77559942,0
126976092,0
79961888,0
88960272,0
115012464,0
42122832,0
156864688,0
95045100,0
66184631,0
123862528,0
113384384,0
31832527,0
76572093,0
135341499,0
177566143,0
131872482,0
70915586,0
100799770,0
101728066,0
65808195,0
180042604,0
45296897,0
61837130,0
180349904,0
121150312,0
105817467,0
166610715,0
59300089,0
39243721,0
56520808,0
82614048,0
91413274,0
107507578,0
57030465,0
106097912,0
91645071,0
125215345,0
127512170,0
97274219,0
106690404,0
92774578,0
31909204,0
209925041,0
132600197,0
71439001,0
37349892,0
83993216,0
103676543,0
89545520,0
127588264,0
106815393,0
117778707,0
39391716,0
72115355,0
33529368,0
124641556,0
150209574,0
132338327,0
192008433,0
118210788,0
39733865,0
57034482,0
43959763,0
104245259,0
127409733,0
80374536,0
140694289,0
133571396,0
111572019,0
36165204,0
83473601,0
41800600,0
73344220,0
41030090,0
36280540,0
158594375,0
77994510,0
33344076,0
210379764,0
124628913,0
119095411,0
112944032,0
156274574,0
82880873,0
178779571,0
101699118,0
76419993,0
119316026,0
130933803,0
141698916,0
91823948,0
66245941,0
94503190,0
112969940,0
58268883,0
65481866,0
41704756,0
96103645,0
108065664,0
92223272,0
72463861,0
58698971,0
105956086,0
96418949,0
100646328,0
55875553,0
156189686,0
143673636,0
194190445,0
115442878,0
139830363,0
93617610,0
42520765,0
72767173,0
107068005,0
37922438,0
91898601,0
32766369,0
57678493,0
130581024,0
119761609,0
113064944,0
153010578,0
111949561,0
111567508,0
73890561,0
62565131,0
40217170,0
77478370,0
77775208,0
90954179,0
69751713,0
191736674,0
96697499,0
78426069,0
41253143,0
173713079,0
60129303,0
39874843,0
94825877,0
58549841,0
34182450,0
38174991,0
116448876,0
66250738,0
41112827,0
139502150,0
34061152,0
130044236,0
198615057,0
33664463,0
42986018,0
122434870,0
77399640,0
110777062,0
41038844,0
175781245,0
199099171,0
130027389,0
63740453,0
143554540,0
43732960,0
65349396,0
144586407,0
133127945,0
61379308,0
59416530,0
87570987,0
124472598,0
91374920,0
132032438,0
121533706,0
89309439,0
77121307,0
69851485,0
142947836,0
144495241,0
157665527,0
152823924,0
158150125,0
90324390,0
87704187,0
115363486,0
37224617,0
36451334,0
81789304,0
135477591,0
61159246,0
43986076,0
126130366,0
64691113,0
95948455,0
133257809,0
64036976,0
103928879,0
80710162,0
39239635,0
212245602,0
121509151,0
88943129,0
41819668,0
35496055,0
32104533,0
154853717,0
111662326,0
114306669,0
85499900,0
81793795,0
194352731,0
126878403,0
123108944,0
83967161,0
150145698,0
74784530,0
112478196,0
88072876,0
133212024,0
157285163,0
177456087,0
78678020,0
37763882,0
74380321,0
40715220,0
140721036,0
83476503,0
144764741,0
62125717,0
110358314,0
186009668,0
67408877,0
71544616,0
87844889,0
159948840,0
116148001,0
143529589,0
165426165,0
82543914,0
133002680,0
31926722,0
104067705,0
40929736,0
43531324,0
78821494,0
135831022,0
82270674,0
111647324,0
31952886,0
107450146,0
103721420,0
59140793,0
81345537,0
102484531,0
116125607,0
173562459,0
98597368,0
116665031,0
38171477,0
132896779,0
34802458,0
107720337,0
160918835,0
37728075,0
156890803,0
135441173,0
88870321,0
99441969,0
191714901,0
124568323,0
88021347,0
159496240,0
138754438,0
199081110,0
80435204,0
84149995,0
148852326,0
156272087,0
79545884,0
140261655,0
150107296,0
150934803,0
74375258,0
128460885,0
92603617,0
130147561,0
64689949,0
94563819,0
196513375,0
83549726,0
127422139,0
67444437,0
66102950,0
81465147,0
199569971,0
84674387,0
127701577,0
79817505,0
90252815,0
41021957,0
139605928,0
81114332,0
83488899,0
81993980,0
184673146,0
113381996,0
61193069,0
167065615,0
37556640,0
38261528,0
112133165,0
75260018,0
93826165,0
95369070,0
200150561,0
143309093,0
80046342,0
115002071,0
187732299,0
65920195,0
120660108,0
160869290,0
127236344,0
39243711,0
154306358,0
104697692,0
122042080,0
71744426,0
89517935,0
66421314,0
104241568,0
38036461,0
157051214,0
92320497,0
142467896,0
147987246,0
66522971,0
59734411,0
127188526,0
123986165,0
136018929,0
104449876,0
160538786,0
145865518,0
83251940,0
152613603,0
123621404,0
95002227,0
79783524,0
113519035,0
97493670,0
129583928,0
154190953,0
67244479,0
73960833,0
37367203,0
84553326,0
80757496,0
84716451,0
202777681,0
196535621,0
56534349,0
31221924,0
112363828,0
61254616,0
33346050,0
91251392,0
94021267,0
177529142,0
125065495,0
177875900,0
106378613,0
118251806,0
122475780,0
203920374,0
33117371,0
41217583,0
39723068,0
40339178,0
72203037,0
41675276,0
113965121,0
44464416,0
157350381,0
104895617,0
145763328,0
128485984,0
62830713,0
75552257,0
63503731,0
91636257,0
145958361,0
112097141,0
192966565,0
38138177,0
65584658,0
62884808,0
39838937,0
193599877,0
79411904,0
96709116,0
103743192,0
73192040,0
138519009,0
36598943,0
87446433,0
166332885,0
34003247,0
33226243,0
87545001,0
152126113,0
62600001,0
131262787,0
139197801,0
152688730,0
82998380,0
59780739,0
85423894,0
100007044,0
133433320,0
61533541,0
44853564,0
121613976,0
64676753,0
207088093,0
210334600,0
35371974,0
82537687,0
34371561,0
88731643,0
204707603,0
44766820,0
198779386,0
34026253,0
103810187,0
123156447,0
64059666,0
75260847,0
40172411,0
181116279,0
109582307,0
141704098,0
76330337,0
146408849,0
133538540,0
159652298,0
87578774,0
44791238,0
108974882,0
77437460,0
210342832,0
91167747,0
32456819,0
82418097,0
118117935,0
127778560,0
185796238,0
35434350,0
117975092,0
121137511,0
60350659,0
57030129,0
126042822,0
63638244,0
83693782,0
56896574,0
77984542,0
58160465,0
145570989,0
77797336,0
139698683,0
96236213,0
82208772,0
43909507,0
98579198,0
55903001,0
106174776,0
210464988,0
81574117,0
174171354,0
79982318,0
90159192,0
164888627,0
89334301,0
81512985,0
141317861,0
44809023,0
92756161,0
127901614,0
83506872,0
175360316,0
132587831,0
198705552,0
74477497,0
156264705,0
89384024,0
69562049,0
35498413,0
58252144,0
120019354,0
42603374,0
65371287,0
113413490,0
34849378,0
102506580,0
66740754,0
169206648,0
66201005,0
59677887,0
96327863,0
139234831,0
108200296,0
119680570,0
60193110,0
89371341,0
176161264,0
159647966,0
132940373,0
155299063,0
98737684,0
152447586,0
148012956,0
77186891,0
134128940,0
162794267,0
103162978,0
123557261,0
104792884,0
81752629,0
33907591,0
136879134,0
39362413,0
94768110,0
38733522,0
37833009,0
36807508,0
111640682,0
77383779,0
45499096,0
162482397,0
81442911,0
149125240,0
61638257,0
129820749,0
121510582,0
138360631,0
85902205,0
144073632,0
79501224,0
73380461,0
141821408,0
212731059,0
60274090,0
204912635,0
206483826,0
134625588,0
66277040,0
67643941,0
157249257,0
39380079,0
37781786,0
83674862,0
77228077,0
101813191,0
111934006,0
76672576,0
35819580,0
112107188,0
115903976,0
42357542,0
207230531,0
33675044,0
109463121,0
127286659,0
106631956,0
42368003,0
122513255,0
107760930,0
89533065,0
119209188,0
133719914,0
144569629,0
207325447,0
92401645,0
75302497,0
159716668,0
156728872,0
136515499,0
60933558,0
135383830,0
115196947,0
38861076,0
41311097,0
198902618,0
82233121,0
37436054,0
122015185,0
61585218,0
105798419,0
144645289,0
124471098,0
43680661,0
31624248,0
123752472,0
117879535,0
33281947,0
148732026,0
103568846,0
178276656,0
80992867,0
178814431,0
85934163,0
61079766,0
62241458,0
40666829,0
146014568,0
44546462,0
56271818,0
66674331,0
134693659,0
115388427,0
112711909,0
85329719,0
130571668,0
56084720,0
83764656,0
64558861,0
72132765,0
193054039,0
66567128,0
149682814,0
102574078,0
80075260,0
56254043,0
77575289,0
45275253,0
139288749,0
79532787,0
67037898,0
86614297,0
77556794,0
129347590,0
78409360,0
142135913,0
114212918,0
114214230,0
34605658,0
78694512,0
136650959,0
78422012,0
38758502,0
152473908,0
44249999,0
109674370,0
94493962,0
90164690,0
181095464,0
147582681,0
93816601,0
176195610,0
133692476,0
114843181,0
32364202,0
60903297,0
212337942,0
154271607,0
32344088,0
209822427,0
176191100,0
122393181,0
157146268,0
162907244,0
139889522,0
136162542,0
165732932,0
56973764,0
162641249,0
34702381,0
31231636,0
140506569,0
127580280,0
212253804,0
67534763,0
162890634,0
180142791,0
45041837,0
73695252,0
43821411,0
100259340,0
149385275,0
127532807,0
74153646,0
130105753,0
36693741,0
142174601,0
34505502,0
131479484,0
66784239,0
195581131,0
194305080,0
208176315,0
39883913,0
159529037,0
133819547,0
176984873,0
178610436,0
84462052,0
33100504,0
122459446,0
175094153,0
152938619,0
147027318,0
108300314,0
95354246,0
122367767,0
59166721,0
181200901,0
126937759,0
150455703,0
138758248,0
124201835,0
65404952,0
88853592,0
78949691,0
106973375,0
91309810,0
63926199,0
104163322,0
77976656,0
153163507,0
41495027,0
95385473,0
83542027,0
63381437,0
122115806,0
43119998,0
143114583,0
192906538,0
106555664,0
89096483,0
130038581,0
38184387,0
40782215,0
126781533,0
119203078,0
65967608,0
112918253,0
56224937,0
96594352,0
86880964,0
159203182,0
82703980,0
110217544,0
140787211,0
194074477,0
83713413,0
77982440,0
178058103,0
106979011,0
113174833,0
59240496,0
71742067,0
110985044,0
92720730,0
115504572,0
178658392,0
40823766,0
105142939,0
149511784,0
103111518,0
160949490,0
113648544,0
173513684,0
88162937,0
80432461,0
71310973,0
132320591,0
116329859,0
77593884,0
195029332,0
135182431,0
89492185,0
114322352,0
81035691,0
103381738,0
105174818,0
131749151,0
106941566,0
130771202,0
45541584,0
84179397,0
114511463,0
135614631,0
35429287,0
127442431,0
174941065,0
179964200,0
57754519,0
96629764,0
203825152,0
59833521,0
84906234,0
111079200,0
124205339,0
141701650,0
60466725,0
206268481,0
108317102,0
125130338,0
36412309,0
161164332,0
31971905,0
135078524,0
174625001,0
143308856,0
95653176,0
61752251,0
33982926,0
144915479,0
31450553,0
153959037,0
34806238,0
65454488,0
140864796,0
73785786,0
164159016,0
126228026,0
107009784,0
36550602,0
95097044,0
63255550,0
45069393,0
102354144,0
71593352,0
63318755,0
103887535,0
91669113,0
86184229,0
45107776,0
110768278,0
59111382,0
75749926,0
173576691,0
185902790,0
43309011,0
43711513,0
64747370,0
123068410,0
102698643,0
66426180,0
93177061,0
112198295,0
39726947,0
35599409,0
99747315,0
33879808,0
194200285,0
81736038,0
79884332,0
84769530,0
159822737,0
63144142,0
119089854,0
139028369,0
87217201,0
33810356,0
143073890,0
175038014,0
77399531,0
156398418,0
140142539,0
34154509,0
88719651,0
68044528,0
138027808,0
87180092,0
77527856,0
65870018,0
32510460,0
112030422,0
40170289,0
75976413,0
185757964,0
139287535,0
114933399,0
65114046,0
81679347,0
89090936,0
125474373,0
69352379,0
195029499,0
80116436,0
59935741,0
38921064,0
75824648,0
92191916,0
39559390,0
89918275,0
104272381,0
145781024,0
133200210,0
107230222,0
56348900,0
132315420,0
87782197,0
153893592,0
58286352,0
113488331,0
80430279,0
117741864,0
102271723,0
83274581,0
39549501,0
145512403,0
114241845,0
57616423,0
74175911,0
158003147,0
122565810,0
124571037,0
91646700,0
94407721,0
147979833,0
98229183,0
156071497,0
146717442,0
162463606,0
116363337,0
62310654,0
44768163,0
40708785,0
152682266,0
160193133,0
132223573,0
148433312,0
114751048,0
82325895,0
106376008,0
212817704,0
141717639,0
116549122,0
135404300,0
99964654,0
57742547,0
160838240,0
39508256,0
41579155,0
58455191,0
78914496,0
56795716,0
115623373,0
87530098,0
59541203,0
104932943,0
34007955,0
101639861,0
75475551,0
175285396,0
139866624,0
42487939,0
76565293,0
82195557,0
213476510,0
117727641,0
207386293,0
33771243,0
149881065,0
66871891,0
164886663,0
88120833,0
88750356,0
32127055,0
76544143,0
34407487,0
174180306,0
37509187,0
66113639,0
142902682,0
65007622,0
82856268,0
97578993,0
45360053,0
198681263,0
34297559,0
59827126,0
131416901,0
81300828,0
113935809,0
41606751,0
41909106,0
56805013,0
194804739,0
195533510,0
40478724,0
59218822,0
177259850,0
61927397,0
83466308,0
81560260,0
66307804,0
93957263,0
45499185,0
108193229,0
85868382,0
42875261,0
34752410,0
132090610,0
42905709,0
45205870,0
125043061,0
115722622,0
95721553,0
58552881,0
34099989,0
131766581,0
118742592,0
83988874,0
194524156,0
131287757,0
195464295,0
60013582,0
33653567,0
32762905,0
33272512,0
34571253,0
34616890,0
142563543,0
43970649,0
62974542,0
134362820,0
33728330,0
121209065,0
102744438,0
93690092,0
34031672,0
131622248,0
32575422,0
160642348,0
117100310,0
31865126,0
82857294,0
34623226,0
100185338,0
88086812,0
76083252,0
72123004,0
65310510,0
198754801,0
156255368,0
179934335,0
56236929,0
164491197,0
74886128,0
115523265,0
42641332,0
111878391,0
56165078,0
67773884,0
45606132,0
203970788,0
91798563,0
56297972,0
39269619,0
157203630,0
179019600,0
195365619,0
78310841,0
149292047,0
97159327,0
42759550,0
64044802,0
72476731,0
63921521,0
56868021,0
116416998,0
57814447,0
104287985,0
167007187,0
84302816,0
74629469,0
73641186,0
175387527,0
122279473,0
66825997,0
109779245,0
150142747,0
163695559,0
173399423,0
120508462,0
43446514,0
32460865,0
198648614,0
206808516,0
42349281,0
114357754,0
35588177,0
110983692,0
208285493,0
102850723,0
43200465,0
85797765,0
31271834,0
41107665,0
74110150,0
58752523,0
63704962,0
177407094,0
154505556,0
138590198,0
38338797,0
134007958,0
71619467,0
145152705,0
35067507,0
118175495,0
203708148,0
69138781,0
57826113,0
119710297,0
115889132,0
74282651,0
174612249,0
182510588,0
89369663,0
87042687,0
107236094,0
38167737,0
35137038,0
108160679,0
44371839,0
206424569,0
65025979,0
123521642,0
124117677,0
144630741,0
40037168,0
127325456,0
85863635,0
66652154,0
177426676,0
107706657,0
111929565,0
135334413,0
141645077,0
194112297,0
65102735,0
140629061,0
129023058,0
45373061,0
89091972,0
45580273,0
65635210,0
82948351,0
192672648,0
175384654,0
140181455,0
75163286,0
118679486,0
159467855,0
154574249,0
74088921,0
120302246,0
92990762,0
66702272,0
38433930,0
31839110,0
43264686,0
89442669,0
80720130,0
84250250,0
96977746,0
98551465,0
111388336,0
196256676,0
177674126,0
133014977,0
62110449,0
62032143,0
164766471,0
38091869,0
149516639,0
123627365,0
97822219,0
55719801,0
144134024,0
37466215,0
155422038,0
177593788,0
73825560,0
45374383,0
131717835,0
85824363,0
56134907,0
185453763,0
160663864,0
213502457,0
125785956,0
56328193,0
141106306,0
60645197,0
150396189,0
80726585,0
78483026,0
91468227,0
163462795,0
160700095,0
91398410,0
208024570,0
131924406,0
127430795,0
151348754,0
81806013,0
82404378,0
185380698,0
179099011,0
135751730,0
121747985,0
191733466,0
33739384,0
88834958,0
80113337,0
113240229,0
45600141,0
60131593,0
61774783,0
103342940,0
145835573,0
82579741,0
87392505,0
112742840,0
73811881,0
114623079,0
105219004,0
211563702,0
167073875,0
107564999,0
78762958,0
43748860,0
100546427,0
180631997,0
66586561,0
73629106,0
171860377,0
181245413,0
59277527,0
167052883,0
66363557,0
73775087,0
78443834,0
140250354,0
41923743,0
43083441,0
166289637,0
206985715,0
89868888,0
76077310,0
81594636,0
83494229,0
175782844,0
96379856,0
139795020,0
126845863,0
38834507,0
78434951,0
66938314,0
150970955,0
110427668,0
185652290,0
131537349,0
137180167,0
56593222,0
71151055,0
44048491,0
96542763,0
97779366,0
104088964,0
147416240,0
41233779,0
145309415,0
43864146,0
126975905,0
112865746,0
84021937,0
132949098,0
144621217,0
112315249,0
84169724,0
41228952,0
126921948,0
32272958,0
43979828,0
107591430,0
59683947,0
55444015,0
110541711,0
107970156,0
94187313,0
123820267,0
62920368,0
61888876,0
44185106,0
68246460,0
82049339,0
192034459,0
77114004,0
79618327,0
83797907,0
64480022,0
38721086,0
90613618,0
42160732,0
53295589,0
106725935,0
55763316,0
140000949,0
144881814,0
155983026,0
86821174,0
130272757,0
158500437,0
92087703,0
117144002,0
128972121,0
35244054,0
137948960,0
78991795,0
44123974,0
180450091,0
116974087,0
35864418,0
81362296,0
100302451,0
94670667,0
110521074,0
64852274,0
77909050,0
94076093,0
79842396,0
71796606,0
179943573,0
127628029,0
64061344,0
76795669,0
121579689,0
177498457,0
61951212,0
87316352,0
64184408,0
153611351,0
121188448,0
62365519,0
93111605,0
99496973,0
101728875,0
161199536,0
137773607,0
59740007,0
96174173,0
203924658,0
45098804,0
132482344,0
88849121,0
179392493,0
195029460,0
138457205,0
39450844,0
138523904,0
90180096,0
35686933,0
176818037,0
205570631,0
163531832,0
123277201,0
137205690,0
185836417,0
125044946,0
35727951,0
40484468,0
137171827,0
90862520,0
100470629,0
163712880,0
86197178,0
134229373,0
40570926,0
124290721,0
119891947,0
75379036,0
105837680,0
194779265,0
67022590,0
132250892,0
154697530,0
37712343,0
114112741,0
81572568,0
43614722,0
155582498,0
138793729,0
132751242,0
85450503,0
83692697,0
106982801,0
205378964,0
39620533,0
90130659,0
98859525,0
83974543,0
125016719,0
153470728,0
129023206,0
109749172,0
176195067,0
58711722,0
126062996,0
64525136,0
155099253,0
62604995,0
175952236,0
36294604,0
110054399,0
194092015,0
126440577,0
145168072,0
63999254,0
127549990,0
143047913,0
40528655,0
70185660,0
162344934,0
131914487,0
93403341,0
39363192,0
80511743,0
127572068,0
131410357,0
155497037,0
126291892,0
82803751,0
33772003,0
106424912,0
113499503,0
192138959,0
128863585,0
141767026,0
113943359,0
119788444,0
66628487,0
144782595,0
85242679,0
35387874,0
155455220,0
60103859,0
65048136,0
83919224,0
151159780,0
60616210,0
138867139,0
193906013,0
107972821,0
78334301,0
76450174,0
119156010,0
89668258,0
118180133,0
60260224,0
62255532,0
92390799,0
84261354,0
78272468,0
157521619,0
112444235,0
213756925,0
94532522,0
36211591,0
103198242,0
147874288,0
126849751,0
44162475,0
136433877,0
66470968,0
64301599,0
120951163,0
156943487,0
36750580,0
193460538,0
140984100,0
114248300,0
147949583,0
82371107,0
109051569,0
126259164,0
42268458,0
43285126,0
119589473,0
108718104,0
212336215,0
108526960,0
92575518,0
93249454,0
63075222,0
37445084,0
125707966,0
93766917,0
89739596,0
161317310,0
108526387,0
99794689,0
111642468,0
74463413,0
138970010,0
76332657,0
61095113,0
70728015,0
43955717,0
78255710,0
84798300,0
125408799,0
196403388,0
129493305,0
208267994,0
118291156,0
85245324,0
107645801,0
118691250,0
84774751,0
44939578,0
125520799,0
124591014,0
34639047,0
35937019,0
38212900,0
213402369,0
195747651,0
59912626,0
97129245,0
74507500,0
111138230,0
105545560,0
97307470,0
65511258,0
135914696,0
63510886,0
83492531,0
62548185,0
66185825,0
120793101,0
179950244,0
97956426,0
78298050,0
148019993,0
89255176,0
87208191,0
39007413,0
43214046,0
87666101,0
156797249,0
136306865,0
109738098,0
165683475,0
106934124,0
82105694,0
42780888,0
83519248,0
115483442,0
145274407,0
60809694,0
192087627,0
131538297,0
43101680,0
76086144,0
143832063,0
79610165,0
72136259,0
180767981,0
78187145,0
129105992,0
89310466,0
161853033,0
61155584,0
79822253,0
106248325,0
78336374,0
92010750,0
183689541,0
126916332,0
165389489,0
59985227,0
136083506,0
34789786,0
56318432,0
118245342,0
88597021,0
127734798,0
112869033,0
115251575,0
196507028,0
84166793,0
39832186,0
159322782,0
125603724,0
34184651,0
129142549,0
37827275,0
132029823,0
102484610,0
164963971,0
79654005,0
92432261,0
150029938,0
63767802,0
88618666,0
108128928,0
123796856,0
75572391,0
55890930,0
87154243,0
88720984,0
39628695,0
148370907,0
175025292,0
34836469,0
58240952,0
94112344,0
124105459,0
57948022,0
64530535,0
121463316,0
155464507,0
78094282,0
82351368,0
43196112,0
62065720,0
157235824,0
112084774,0
156001394,0
91831083,0
96214905,0
96750341,0
60765439,0
81001730,0
93765319,0
196686260,0
140117825,0
112965617,0
156441213,0
106868392,0
75709529,0
66706536,0
120557612,0
138106676,0
74842554,0
73254544,0
203717712,0
35017556,0
88429524,0
87577600,0
41822086,0
37014602,0
80327942,0
68470244,0
36393863,0
33857365,0
128224015,0
41710994,0
180259617,0
150723810,0
123315644,0
176440692,0
71850603,0
64080649,0
31667191,0
73351039,0
70258241,0
65979679,0
32360649,0
139364350,0
106693424,0
88201102,0
115728672,0
80184605,0
33171516,0
112961699,0
32005383,0
86627759,0
179135538,0
153062285,0
129328680,0
92321267,0
124222206,0
59411230,0
102764078,0
59885682,0
175923673,0
165395520,0
42665789,0
60468976,0
89330728,0
84211848,0
185309430,0
136420425,0
144700490,0
203893924,0
137218886,0
64027126,0
35356291,0
74579302,0
123917650,0
40526138,0
105176042,0
98162642,0
76747812,0
110154694,0
205089370,0
150506215,0
149242136,0
78682373,0
114734240,0
129332253,0
64507094,0
66663958,0
63254227,0
42876742,0
143751991,0
142892023,0
126773084,0
122291850,0
103294036,0
200707779,0
78874090,0
132757450,0
116436559,0
105055761,0
42435393,0
70240959,0
72303292,0
86387000,0
112777394,0
104003128,0
105835124,0
76222976,0
86165102,0
76295034,0
156172957,0
97998106,0
63479471,0
38241048,0
163927495,0
87313795,0
178226696,0
111655526,0
140728063,0
116595489,0
82041867,0
78211158,0
178544300,0
84575099,0
120528398,0
91645880,0
61587083,0
146712557,0
37440761,0
71961972,0
177289804,0
94815741,0
78769728,0
77129282,0
77571055,0
184643458,0
117278555,0
82004136,0
93557692,0
41307426,0
196682688,0
82492622,0
106089710,0
85928063,0
150848602,0
94352698,0
140932522,0
35584111,0
184246937,0
115913569,0
90936009,0
125507791,0
32213355,0
38824648,0
94641799,0
90538155,0
87205595,0
78510099,0
136413003,0
101082150,0
180098259,0
36908247,0
75968567,0
43604536,0
99663019,0
34956957,0
96245975,0
104300657,0
74494808,0
64045799,0
43529409,0
135687508,0
167048540,0
131926814,0
138894113,0
64182700,0
73926881,0
178160727,0
213000775,0
97181406,0
110271550,0
56207054,0
85702839,0
121870921,0
97222384,0
185699249,0
78340312,0
113210314,0
107222198,0
154379433,0
165498469,0
146263450,0
120274858,0
36857912,0
114244658,0
83367602,0
132783308,0
40411542,0
118057464,0
87588506,0
100024089,0
155925408,0
127796029,0
33801750,0
40258425,0
98278985,0
144932830,0
42680465,0
131309450,0
45059474,0
100477942,0
73242987,0
44942628,0
83574725,0
85410669,0
185446114,0
189441260,0
62973871,0
56877555,0
77389109,0
127645676,0
161661088,0
90695576,0
80607567,0
44814560,0
177479853,0
164792368,0
185252521,0
33579289,0
79089504,0
72276022,0
139396969,0
124717226,0
159230787,0
59980549,0
67342454,0
110181964,0
208244702,0
120155969,0
174552331,0
145373350,0
154496476,0
70934052,0
136237847,0
77770846,0
165542419,0
59045137,0
139935879,0
38391066,0
75308320,0
119157885,0
93141323,0
121800926,0
98489928,0
157604089,0
59908570,0
64383053,0
121509624,0
84117573,0
175590633,0
141684220,0
176065480,0
34824685,0
141547112,0
144944407,0
148365952,0
198921153,0
73866223,0
85960159,0
36680930,0
66982559,0
67486116,0
140404705,0
112715047,0
127125251,0
89093660,0
102235294,0
34237759,0
41264029,0
98836163,0
130885344,0
35923043,0
112039739,0
162977052,0
81622005,0
109279784,0
145663161,0
85664367,0
95976051,0
74171302,0
33179886,0
93840969,0
121517273,0
163288655,0
113266393,0
84793997,0
137664074,0
100442274,0
144249143,0
79431821,0
143562534,0
120619376,0
113991829,0
75213394,0
56645363,0
36750333,0
98293473,0
79958019,0
33459945,0
66316390,0
74045109,0
174124809,0
176275376,0
146553360,0
173539167,0
141434450,0
106903706,0
31669846,0
112849244,0
92403521,0
174103817,0
131761261,0
97112585,0
68286748,0
36889623,0
40008497,0
86084951,0
75178821,0
83307407,0
34049250,0
150242055,0
103452592,0
83925156,0
112704615,0
36071058,0
95114730,0
38770335,0
110508608,0
85537967,0
171599977,0
150117817,0
83938539,0
82954431,0
90454649,0
116362024,0
113792601,0
81970224,0
196269822,0
56640635,0
76366776,0
80286756,0
91187131,0
98232371,0
77602618,0
194411248,0
107952302,0
78583538,0
66654612,0
98386800,0
64666271,0
87146565,0
98485072,0
44130951,0
179125077,0
134139619,0
131642905,0
78334439,0
105846987,0
116811032,0
34456144,0
68818295,0
78158070,0
77003997,0
138572443,0
77387451,0
163459942,0
194795452,0
96661840,0
42965391,0
41371943,0
123706549,0
36508094,0
160757911,0
123799787,0
43672321,0
98721005,0
87787615,0
37393338,0
96117640,0
44245607,0
64604093,0
184238420,0
81283270,0
159511163,0
78957695,0
109885550,0
75265456,0
33885019,0
103799775,0
90928419,0
32101237,0
33175839,0
158038125,0
60249762,0
143113359,0
97563715,0
39324997,0
77458838,0
43715540,0
147295110,0
167145805,0
126913519,0
83576275,0
115169993,0
41397555,0
127692162,0
115985883,0
162921970,0
60728517,0
38733966,0
82507466,0
138606325,0
94979379,0
66977920,0
37383271,0
77189792,0
74541965,0
45215206,0
108052242,0
148010538,0
31701498,0
87952053,0
81514110,0
36516769,0
88736884,0
86320489,0
132871088,0
37972161,0
110267652,0
34631161,0
177374485,0
86798592,0
123838871,0
103944522,0
161431166,0
102434157,0
60823521,0
135607989,0
124688249,0
111065363,0
41792763,0
42963229,0
32929612,0
92452730,0
100611902,0
109322282,0
67525348,0
44373112,0
106036099,0
120681219,0
106526855,0
92140792,0
45547595,0
126737948,0
109078384,0
75433536,0
59865913,0
85547156,0
113059358,0
102224112,0
88944886,0
80496228,0
96347355,0
126205572,0
103650645,0
65191522,0
151671588,0
128488076,0
157899457,0
97815962,0
62173673,0
72393865,0
62982586,0
115803355,0
68508844,0
84164898,0
76796745,0
78093404,0
34224554,0
75755236,0
159924887,0
80512108,0
32270411,0
146014854,0
123599513,0
84205739,0
144889769,0
121149206,0
179867922,0
34635336,0
63190489,0
35547021,0
72596676,0
176530200,0
151126678,0
121228617,0
152417780,0
41711260,0
78148131,0
111484396,0
32408300,0
36458459,0
80017602,0
126831878,0
123675075,0
40630983,0
43239430,0
62227473,0
151445121,0
142339513,0
87378224,0
97841130,0
62452460,0
66802251,0
40720638,0
163080989,0
81571640,0
194956000,0
127230195,0
81048531,0
108993762,0
161865330,0
212836821,0
39869375,0
113388924,0
130215385,0
34372114,0
80684106,0
64648457,0
166677029,0
62120210,0
32622056,0
164589884,0
152257675,0
112932978,0
149442252,0
87555305,0
150556925,0
177189993,0
104917695,0
93789588,0
64927283,0
133924856,0
133067474,0
129341599,0
41125637,0
40559408,0
86596137,0
41475189,0
92068151,0
69888733,0
94173940,0
34434016,0
70442211,0
56115888,0
63518565,0
81296002,0
193037547,0
32902175,0
89974858,0
135148114,0
63528474,0
166669281,0
114658412,0
39913265,0
138638381,0
119347757,0
164875865,0
33825101,0
44678724,0
109719277,0
123586850,0
65806211,0
58697204,0
114833903,0
92940624,0
36931766,0
111363523,0
161778260,0
88738285,0
41101210,0
91944081,0
120724280,0
36171718,0
35678475,0
133536931,0
161475234,0
75550727,0
126300271,0
120587576,0
109133753,0
114303965,0
153948703,0
131504395,0
79205590,0
138687858,0
127230629,0
41953648,0
34961852,0
31280401,0
113971872,0
111253191,0
33851404,0
76445220,0
140466844,0
36689132,0
112444887,0
73793889,0
126009858,0
34406914,0
94211484,0
124123964,0
87919029,0
180465724,0
194125207,0
180003017,0
68870190,0
100823753,0
112990064,0
87525794,0
184975195,0
76092677,0
198745741,0
60843567,0
89892002,0
44595218,0
144876494,0
108628854,0
124047919,0
92219581,0
62402806,0
136225194,0
67115986,0
80777048,0
192483980,0
97200059,0
140850268,0
81074330,0
80406770,0
38989875,0
61946169,0
84358599,0
45188598,0
114479811,0
34932175,0
214196636,0
81174665,0
42683663,0
86970738,0
32146785,0
33104314,0
148677358,0
140944375,0
45128699,0
136175066,0
55905281,0
61160756,0
36393389,0
180470600,0
44345990,0
208300475,0
123608731,0
161684035,0
149463936,0
155143172,0
112940400,0
195464374,0
59869535,0
125019759,0
114047108,0
126641276,0
149006026,0
122933019,0
74597975,0
113475520,0
59332392,0
80227183,0
154128962,0
43119366,0
141123222,0
59410500,0
99173950,0
58108018,0
64102135,0
192237151,0
160127243,0
75751979,0
38080973,0
126257447,0
99157379,0
32272306,0
161586474,0
31547137,0
32432924,0
96494383,0
157188737,0
45124179,0
35287954,0
58744667,0
128667614,0
38096962,0
96449950,0
129384384,0
132320532,0
35529068,0
139539753,0
43475047,0
31612454,0
177444994,0
190901656,0
83443973,0
111969349,0
71719989,0
163844245,0
204405228,0
80803479,0
194600616,0
94374155,0
102496651,0
31476589,0
174723233,0
37696917,0
42296192,0
60336279,0
108076462,0
68174304,0
155060347,0
144226472,0
39918831,0
45029066,0
139829495,0
120991085,0
80650678,0
109193010,0
100031185,0
85939670,0
142905455,0
77387698,0
135345862,0
77200323,0
137283532,0
31971353,0
178092706,0
42965598,0
74185939,0
41393311,0
38491400,0
96552130,0
41856807,0
79161670,0
141239664,0
156022248,0
107047092,0
196633073,0
72627815,0
103361239,0
125606704,0
89325063,0
105077977,0
102138395,0
118468513,0
194081958,0
78579620,0
112913081,0
35819393,0
91581155,0
193846084,0
142018020,0
71301942,0
153312608,0
147444111,0
96129849,0
40706150,0
68677861,0
160960406,0
105784384,0
116469267,0
31193401,0
64400809,0
76042500,0
85450759,0
68619956,0
67027643,0
58436192,0
100183700,0
131593024,0
38019564,0
77115760,0
75036857,0
164355510,0
73503268,0
131405896,0
36546773,0
90191022,0
194195794,0
34033932,0
43894417,0
90863527,0
102814097,0
108994720,0
63419010,0
62393914,0
60230802,0
135329370,0
60683511,0
71642966,0
126362301,0
164125400,0
75635794,0
123567536,0
102262692,0
181214521,0
60396059,0
106821522,0
87666880,0
38215960,0
118764394,0
66433977,0
81293495,0
37540938,0
39233249,0
113823858,0
80651793,0
147185409,0
60811007,0
39534914,0
81532961,0
144120019,0
178638515,0
64010565,0
142424648,0
59899036,0
162870520,0
74661970,0
150083816,0
33070293,0
33289458,0
96245669,0
93376170,0
34232686,0
32395992,0
83397270,0
43334524,0
110013668,0
133604232,0
41710737,0
145001572,0
37348520,0
88713917,0
75879287,0
194123331,0
63071827,0
112053192,0
66754344,0
148860271,0
155511170,0
65745315,0
59606481,0
121100559,0
72056513,0
173499521,0
92567721,0
138373866,0
61094412,0
128188168,0
67893533,0
81258596,0
166051177,0
137892536,0
175270157,0
114692363,0
37484316,0
144983698,0
132403950,0
151246149,0
38425620,0
132325279,0
80110948,0
127090501,0
203687106,0
137001991,0
131245416,0
81130074,0
195486117,0
177276243,0
43034764,0
63072627,0
135886400,0
44933084,0
163997846,0
36634227,0
75326875,0
126884167,0
190780023,0
66141886,0
64467389,0
96263148,0
132311659,0
138489400,0
66396699,0
106074274,0
83709900,0
159594048,0
126893444,0
41126229,0
145538834,0
58102481,0
64940035,0
56641395,0
173636965,0
155632715,0
67019422,0
88322459,0
155268299,0
165651271,0
118556106,0
76827341,0
41227768,0
175194280,0
193386704,0
45298170,0
124373902,0
63183275,0
95557935,0
79216071,0
114247106,0
112035959,0
33593106,0
149463482,0
81787784,0
140293109,0
66517760,0
62464491,0
79656917,0
122810734,0
141103878,0
64553541,0
62693377,0
93559962,0
174441249,0
156199368,0
75606747,0
107730177,0
118994642,0
79547226,0
129471128,0
86952538,0
39389732,0
160451647,0
133681768,0
65731340,0
111086938,0
84855287,0
64640166,0
112981507,0
97428432,0
143614557,0
41738579,0
79540663,0
180630773,0
63938753,0
39974950,0
117424803,0
85122960,0
127285563,0
176424309,0
185239740,0
61627657,0
32523123,0
112041605,0
44881268,0
139282511,0
45278115,0
57208355,0
72411611,0
34836913,0
66899842,0
119812911,0
76576396,0
140997404,0
64136323,0
96417952,0
60336664,0
111060221,0
127898920,0
124835099,0
35161139,0
72393826,0
37711287,0
105837956,0
40486028,0
120569199,0
95544976,0
59648555,0
133779289,0
90678531,0
109432062,0
62230651,0
61774862,0
73819313,0
136719918,0
41346361,0
102139036,0
169158977,0
82198626,0
95327953,0
110162728,0
41759651,0
127988773,0
100454127,0
173551869,0
85300061,0
32718896,0
88849387,0
78416742,0
115140088,0
118782850,0
185363436,0
59402881,0
117509454,0
39603310,0
174395631,0
129498566,0
81367546,0
162227298,0
160022112,0
132578593,0
71467050,0
145755570,0
91394610,0
32505565,0
51176092,0
112003064,0
194410764,0
83229240,0
114279557,0
131977613,0
210389475,0
119516320,0
106520509,0
139216286,0
63777672,0
69226828,0
118034863,0
144902086,0
78376741,0
138187745,0
119847346,0
162828909,0
135951974,0
35454849,0
74820278,0
105960616,0
77616307,0
114386425,0
95891814,0
98278106,0
42334230,0
45549628,0
83758616,0
87639107,0
40903019,0
71095549,0
177264972,0
143541176,0
32111402,0
92106455,0
140303088,0
72178392,0
97355634,0
79316218,0
32567516,0
114953118,0
111585323,0
76028258,0
165698240,0
56671547,0
32321950,0
122842199,0
97597360,0
32724828,0
38270302,0
32636228,0
56174454,0
94487201,0
72157390,0
185294852,0
81657071,0
143382907,0
71947503,0
108398921,0
57151979,0
73931234,0
149826269,0
89335199,0
62762168,0
103298576,0
71802429,0
31246045,0
83624103,0
42629795,0
114435911,0
196156875,0
159491976,0
161703646,0
89286857,0
41664784,0
128960139,0
63278339,0
83118908,0
79177086,0
146726986,0
86355131,0
78139821,0
74278279,0
86530030,0
75154877,0
159529945,0
118754505,0
41219428,0
59487335,0
93696182,0
132984756,0
36237637,0
144708899,0
63306832,0
60776108,0
81570475,0
111157189,0
74517567,0
103463932,0
85330262,0
130053701,0
164024010,0
81562313,0
40255819,0
33952162,0
40042557,0
63652555,0
196320394,0
61182133,0
175611942,0
102878447,0
74011385,0
42823436,0
116721919,0
69161748,0
75043124,0
62697670,0
37409366,0
88863234,0
64118321,0
67312983,0
73185832,0
65089658,0
43762411,0
60453401,0
91907701,0
128127095,0
98450607,0
60347343,0
128350750,0
116462190,0
106300851,0
94800403,0
75552208,0
110559713,0
59021282,0
148012857,0
62211346,0
89501413,0
53850232,0
42785863,0
192551123,0
135747476,0
155035554,0
86871519,0
148000066,0
58229069,0
142360150,0
42909183,0
85936374,0
42663183,0
200338271,0
33876995,0
106681285,0
121899128,0
156526486,0
185791767,0
41309794,0
88999464,0
174214070,0
211643487,0
190791432,0
163066441,0
105643851,0
105496369,0
121591335,0
36399518,0
150166592,0
87785138,0
67677359,0
103774982,0
32277142,0
85896530,0
155101621,0
84727752,0
45213144,0
114886893,0
144842000,0
42057170,0
72915839,0
192055511,0
138505961,0
91353641,0
123954769,0
174153451,0
206754086,0
105569523,0
115184817,0
104999761,0
77851895,0
153011930,0
41816539,0
175090669,0
85281140,0
154080019,0
86308428,0
85784599,0
144358064,0
127633102,0
83599774,0
149364983,0
42095671,0
195709999,0
77369449,0
34392791,0
61931651,0
34467681,0
66916285,0
112870385,0
86456383,0
154484584,0
118923966,0
196411264,0
35972164,0
153659011,0
77654207,0
107174370,0
126801943,0
37305104,0
143638639,0
33784320,0
66485022,0
63128686,0
44875287,0
96559719,0
55734280,0
83466476,0
98719771,0
155416018,0
71942854,0
72279013,0
106271202,0
113149428,0
125012100,0
66546431,0
124100553,0
129525667,0
98136744,0
85949865,0
76416193,0
65746717,0
141654720,0
173814549,0
129053525,0
67564343,0
62330314,0
128054208,0
34443254,0
154746720,0
98857778,0
73564430,0
144874511,0
105526156,0
71139153,0
128245570,0
55725930,0
174485080,0
141566772,0
162601158,0
87349721,0
203722656,0
78731701,0
106091497,0
139526774,0
106127254,0
97334335,0
72327798,0
136815811,0
116059284,0
115504967,0
109071081,0
67443173,0
106648804,0
109730834,0
86761749,0
36424715,0
87324632,0
192521376,0
153412231,0
71744949,0
198753814,0
129453797,0
83440213,0
95239255,0
94373770,0
135078070,0
214144100,0
105121818,0
86553925,0
35087808,0
166443800,0
97099271,0
33920807,0
127311076,0
31611615,0
62365775,0
33104196,0
35708814,0
95411480,0
74343645,0
90856302,0
127082171,0
155544589,0
62516346,0
78115581,0
71737448,0
91296141,0
42546900,0
119845678,0
106340813,0
46660284,0
179195062,0
192032219,0
35336197,0
153206065,0
213806855,0
142858664,0
114277336,0
111768779,0
103930142,0
144889828,0
141891206,0
66642156,0
164269299,0
66694495,0
62697453,0
96416867,0
84181311,0
148166448,0
110849327,0
109608668,0
81650962,0
81933815,0
112993617,0
101129741,0
134548131,0
68556376,0
165962015,0
72014685,0
63072133,0
105498245,0
185485385,0
175252570,0
141476830,0
77053454,0
125240236,0
122832477,0
61177909,0
41539361,0
102524582,0
140285826,0
89769629,0
160935416,0
69275594,0
78935469,0
203579429,0
60668904,0
137010341,0
192470193,0
82293503,0
157073341,0
62782766,0
36843670,0
78234371,0
98674578,0
60188827,0
84180532,0
66587962,0
166428838,0
170674998,0
75510904,0
70591735,0
64381859,0
133370174,0
97638240,0
149132070,0
141668350,0
40708143,0
122890481,0
83792084,0
91780531,0
33495644,0
88499944,0
103528104,0
32082060,0
135040447,0
120996435,0
137145347,0
40324137,0
42816636,0
142098921,0
32014581,0
34999554,0
86403314,0
203689514,0
34927329,0
99492354,0
141791759,0
160748821,0
69224064,0
117991239,0
131870912,0
119987633,0
33732850,0
76141640,0
144592931,0
99086131,0
80072250,0
178046743,0
115935894,0
75066979,0
35041846,0
146120874,0
40412322,0
139324280,0
87362097,0
108175789,0
64241365,0
122103962,0
115026311,0
36989118,0
41697127,0
62731168,0
33681587,0
77322558,0
77856849,0
206315244,0
72583836,0
61429180,0
66260558,0
134346791,0
65841287,0
69885752,0
123206367,0
88647297,0
92164834,0
67030190,0
44378787,0
112417775,0
91810347,0
81129876,0
41568102,0
76766209,0
116838824,0
65793252,0
128182849,0
124754691,0
99928038,0
36152699,0
72823203,0
194664284,0
34187868,0
64970522,0
32126562,0
104918534,0
78377846,0
58693661,0
162521669,0
61635138,0
198755828,0
210999111,0
190680172,0
145860435,0
179735541,0
35527993,0
37197110,0
100664952,0
148726834,0
160121766,0
117063920,0
101348333,0
101995127,0
118299210,0
66913630,0
35679323,0
59170422,0
99107577,0
67254575,0
33448813,0
112580673,0
74275071,0
176227746,0
83113055,0
31449399,0
107480219,0
125446392,0
90573558,0
40998694,0
195065168,0
61016630,0
195835747,0
194129243,0
108782257,0
100216763,0
61069748,0
84365962,0
176320392,0
128982474,0
159334270,0
140183734,0
32018421,0
102361615,0
40001598,0
135018270,0
123736059,0
111879546,0
163767696,0
103127280,0
113962842,0
32319305,0
75579349,0
141132223,0
88835955,0
132075529,0
79840531,0
61691277,0
96677641,0
40260527,0
143672847,0
39775821,0
160606196,0
41892545,0
37496031,0
39608107,0
108073935,0
97046202,0
89094696,0
118526083,0
79833020,0
137697838,0
86037586,0
126066095,0
57123663,0
56216292,0
111445994,0
206142071,0
66994630,0
81332983,0
173435605,0
128074362,0
100073190,0
75244572,0
166279797,0
103280160,0
71848925,0
184589580,0
177269788,0
58038744,0
73873240,0
43701545,0
102335866,0
160838378,0
42039395,0
77040771,0
57821089,0
74842810,0
157144619,0
141778139,0
113214321,0
59532291,0
112174400,0
98282567,0
143570854,0
77793101,0
72102229,0
99988538,0
118162595,0
148135773,0
166942501,0
40931354,0
74122665,0
44977043,0
56185360,0
75569144,0
166265890,0
107068696,0
124689532,0
177523694,0
81517308,0
135858874,0
74484652,0
145166789,0
36620410,0
140041731,0
162149367,0
61901549,0
126821613,0
61445859,0
107435431,0
82835038,0
96770426,0
43688843,0
125707394,0
92423358,0
95448738,0
93199859,0
90241791,0
111910793,0
150657793,0
62982951,0
43230380,0
77545631,0
101768956,0
91840183,0
76307687,0
62292365,0
65534224,0
32424081,0
84887876,0
79511370,0
178814421,0
78090897,0
176938663,0
32960247,0
92393592,0
79869419,0
90368655,0
123584541,0
42321488,0
39449552,0
95512475,0
37127086,0
116190066,0
89742192,0
82170498,0
130057639,0
101601251,0
65361417,0
156180961,0
72413082,0
57030090,0
75510065,0
34408296,0
148412211,0
37896599,0
102492634,0
60025386,0
180126289,0
111757735,0
127551638,0
137038647,0
88738838,0
163682808,0
177018271,0
151066226,0
68778067,0
61293176,0
102108421,0
96667357,0
76268356,0
156866010,0
135550528,0
176544274,0
132064534,0
165622175,0
94608745,0
159654687,0
38838949,0
108795196,0
60865102,0
32738211,0
155891190,0
129447944,0
128118124,0
76422085,0
75082908,0
44997611,0
71787487,0
57922391,0
80777591,0
110140413,0
149342332,0
109216085,0
152269992,0
143034905,0
35261188,0
36477054,0
79628562,0
75565236,0
75439092,0
90272229,0
63150517,0
31481929,0
103562144,0
41183611,0
38879799,0
184582129,0
78546675,0
161127853,0
108190081,0
81634914,0
63560757,0
127450050,0
185254653,0
68677565,0
75277991,0
85796669,0
97635990,0
75931694,0
194896773,0
40710640,0
65199911,0
165971776,0
127926397,0
140869484,0
68001882,0
115878621,0
34031928,0
61711638,0
41968492,0
175959776,0
35962670,0
140177576,0
116818108,0
83852644,0
55827784,0
173768576,0
76381107,0
100216151,0
62782914,0
106999540,0
174244873,0
93403153,0
34865861,0
94153993,0
59832080,0
131357328,0
117076514,0
164135704,0
56473918,0
128032396,0
104048499,0
146614245,0
114183980,0
39493777,0
42856549,0
32940824,0
94392828,0
62045378,0
86474307,0
118321456,0
33944888,0
81312563,0
105597326,0
59567762,0
183093299,0
128445143,0
89784197,0
90700728,0
63895288,0
35321728,0
84477844,0
82415461,0
55778061,0
33356660,0
144736494,0
34279399,0
154870396,0
75861472,0
84336837,0
35892596,0
32187665,0
65625449,0
125240019,0
36482719,0
119364328,0
40217624,0
173315907,0
139513421,0
133457451,0
61939586,0
121528337,0
178092588,0
144210306,0
121078787,0
114176064,0
31325328,0
33369027,0
122267304,0
112226768,0
92106919,0
76059890,0
75847161,0
205878533,0
39764086,0
81152952,0
131482751,0
62124296,0
99176260,0
62249788,0
34584557,0
110604956,0
128656343,0
95763923,0
213502921,0
34004224,0
133956695,0
64310985,0
205694288,0
166298608,0
41548629,0
82362136,0
133956231,0
97400126,0
106323650,0
89184904,0
176799581,0
143813212,0
177377140,0
107415741,0
154268943,0
33000654,0
99499016,0
72523680,0
123635478,0
73446419,0
125040061,0
119018309,0
114880172,0
100730713,0
66827586,0
84535275,0
75258192,0
103415018,0
37211727,0
80843806,0
37845020,0
69194969,0
31974856,0
154740325,0
37868194,0
211666533,0
76767758,0
61359905,0
118439901,0
73315992,0
207307149,0
38800605,0
79674060,0
62304179,0
121397940,0
90578187,0
74420243,0
154732103,0
33138522,0
152227662,0
180861772,0
116249530,0
154372366,0
64655820,0
106259902,0
145612323,0
177099646,0
68685401,0
118623486,0
45142073,0
145282865,0
151340147,0
87927931,0
78319191,0
121700246,0
66819434,0
196610215,0
37224676,0
80364084,0
82400874,0
138765690,0
91282333,0
205872385,0
32715955,0
35380955,0
41234983,0
80194643,0
71363735,0
124535862,0
62887117,0
128205085,0
62145821,0
119369490,0
64641370,0
34491023,0
98846536,0
103811352,0
72116865,0
179308375,0
81132749,0
111380371,0
93556853,0
31806806,0
56326999,0
110172627,0
85972565,0
70779573,0
121710293,0
117058078,0
78135399,0
137217524,0
39130477,0
99997628,0
148126318,0
141026441,0
165589013,0
42597057,0
85100389,0
111248691,0
43259722,0
39352119,0
61912741,0
42856973,0
34618469,0
99884039,0
113725181,0
72794976,0
43747764,0
74855009,0
137036683,0
114533719,0
122298393,0
112849530,0
112641134,0
199039737,0
153048329,0
123745781,0
36505380,0
59584945,0
36068847,0
77750011,0
40912641,0
88718112,0
119141166,0
109687507,0
103697348,0
139771511,0
81952291,0
105625089,0
116939119,0
80749897,0
83842991,0
132711112,0
144890124,0
124357528,0
207062185,0
39004472,0
62473216,0
57021276,0
43970403,0
64321260,0
92560842,0
77914409,0
78122835,0
74557490,0
158337223,0
61631102,0
93361918,0
149103784,0
76034901,0
185203785,0
42429590,0
83339197,0
95961621,0
91875240,0
90476589,0
196384606,0
112003251,0
113698405,0
115672484,0
111351265,0
32773041,0
72390964,0
31556987,0
146742915,0
95441908,0
33002509,0
145255319,0
159887659,0
56068593,0
106523904,0
137165363,0
99679679,0
110310752,0
75775123,0
180315153,0
139297839,0
87064440,0
111487466,0
213189551,0
66818161,0
126147776,0
91215329,0
36725659,0
192419058,0
95789673,0
37378050,0
151780628,0
121523215,0
37887144,0
74188633,0
76463863,0
36629667,0
67080781,0
195636440,0
163894225,0
164715316,0
141659793,0
99994835,0
95741875,0
206960814,0
119627619,0
42108985,0
64444531,0
106044616,0
150295785,0
94541267,0
41146887,0
125814479,0
118109250,0
127841350,0
107703193,0
37568385,0
73737661,0
127705328,0
83502519,0
105510542,0
64842168,0
98639482,0
115580519,0
108587243,0
167176381,0
32149292,0
94189514,0
116018226,0
81593629,0
85391226,0
151698908,0
75751317,0
115602351,0
127191417,0
67946918,0
44041444,0
95654736,0
162620700,0
204264073,0
85088200,0
180854290,0
85133067,0
113829730,0
150298835,0
176592220,0
178816227,0
130488082,0
178059070,0
45048637,0
101749858,0
89065492,0
126835036,0
154323018,0
102919623,0
119972848,0
154755603,0
81128613,0
89115265,0
152202238,0
116100519,0
71878534,0
44618332,0
166069742,0
135273557,0
175044844,0
38627048,0
149751881,0
42761643,0
94157418,0
194154766,0
67155889,0
137973614,0
82182973,0
178185895,0
120232054,0
140722260,0
213405291,0
44799212,0
127501925,0
132436076,0
35572554,0
84415102,0
38509718,0
134531876,0
162675328,0
37572896,0
75158411,0
44591280,0
73761862,0
114115801,0
151506105,0
191504738,0
136393649,0
86537304,0
75835288,0
165659384,0
193697073,0
73911682,0
39656784,0
194691939,0
175967010,0
41495274,0
121652674,0
92768183,0
80016585,0
38037724,0
151239645,0
86302516,0
94540497,0
56812100,0
135918546,0
70448172,0
45090840,0
75216434,0
152374926,0
41477193,0
152930170,0
56416921,0
119170864,0
66586038,0
67494604,0
109739302,0
176655938,0
125714411,0
84602783,0
135665785,0
193819308,0
90736949,0
85964117,0
128918134,0
41120910,0
76213254,0
36236847,0
153101773,0
42149401,0
36263426,0
71022997,0
129128643,0
110065068,0
41071118,0
98768053,0
149733070,0
177040202,0
126986643,0
109910204,0
85972003,0
123719833,0
36232455,0
158169479,0
107852175,0
64179335,0
77298437,0
56912385,0
140694565,0
88671004,0
35182103,0
126855604,0
112630751,0
129273874,0
127292166,0
123356563,0
148677980,0
134465700,0
31746405,0
83396806,0
136585543,0
191954950,0
73196610,0
87609074,0
91882238,0
79554036,0
117968904,0
194150305,0
176304018,0
122242897,0
83501503,0
173738661,0
37355676,0
32317134,0
103276370,0
93152248,0
56534636,0
73565269,0
179374728,0
64456217,0
141773461,0
31928805,0
67563148,0
79093560,0
140451586,0
39898895,0
130446432,0
32591322,0
87833085,0
145517407,0
102971488,0
36969695,0
149377754,0
92910897,0
194928346,0
59743086,0
67735679,0
87104688,0
160964906,0
58726280,0
125118021,0
164989810,0
97007740,0
31961730,0
104270742,0
79845732,0
40689539,0
76246584,0
91823020,0
152264870,0
119643647,0
110698490,0
109022779,0
166586603,0
74152175,0
162347717,0
35649172,0
36163852,0
32609492,0
117892967,0
141745895,0
91447511,0
106298788,0
84749396,0
101735754,0
58317293,0
66784348,0
132111770,0
164820467,0
155483032,0
58330242,0
81133331,0
152184581,0
38277506,0
67476661,0
104000197,0
84655052,0
119354221,0
76517041,0
147719661,0
62541059,0
82455384,0
176097556,0
58361124,0
32924924,0
160356929,0
136928512,0
96800143,0
73895486,0
78051063,0
194576080,0
42158847,0
95160683,0
56133555,0
185498285,0
133321488,0
157386287,0
125150334,0
101224696,0
140638111,0
85503986,0
34426871,0
34175077,0
40367227,0
95714427,0
35928886,0
156990012,0
75919436,0
72702300,0
73551935,0
35150174,0
198628816,0
141710631,0
132655595,0
161750004,0
96409089,0
160431296,0
155533160,0
58426037,0
74209488,0
98936182,0
81490078,0
43101019,0
126281183,0
104599696,0
41253054,0
198739829,0
90695378,0
80713024,0
127398274,0
196521310,0
103770965,0
127037491,0
60137979,0
31329512,0
156788870,0
120686855,0
125931829,0
176448756,0
105055021,0
85912805,0
64011936,0
179198891,0
44807710,0
83435278,0
104067320,0
42103389,0
60948964,0
151394529,0
35277167,0
116423709,0
134433762,0
87532861,0
81544597,0
103238609,0
105710875,0
33610299,0
37476016,0
133655080,0
107575964,0
161801888,0
120073745,0
194338607,0
104666928,0
57529324,0
95683032,0
38641626,0
75612018,0
135780924,0
120806326,0
68449370,0
75364330,0
203860328,0
190912947,0
102477524,0
76166966,0
75057849,0
154277381,0
120764094,0
111921521,0
161319620,0
176118499,0
162046388,0
59797033,0
212484358,0
58780642,0
78119203,0
125890179,0
33171605,0
43237111,0
117980372,0
86546661,0
145099893,0
34639225,0
58444493,0
111835350,0
108503460,0
83247193,0
175224214,0
93047058,0
36191289,0
59463056,0
94233404,0
110053570,0
140879650,0
73756641,0
71722486,0
203712560,0
118196645,0
143288416,0
63710381,0
116767171,0
94884828,0
133563174,0
74072379,0
111738746,0
132757351,0
179026094,0
88943445,0
113442644,0
102307027,0
77276240,0
110755921,0
99407298,0
32407411,0
74065322,0
122331427,0
62606682,0
191862087,0
64641449,0
66709645,0
168392987,0
32863259,0
39783174,0
83406468,0
143924265,0
114615084,0
143211749,0
31363464,0
58020208,0
149209862,0
92753595,0
147221660,0
34309560,0
33843991,0
83496904,0
147660078,0
178950355,0
118398281,0
153913262,0
65202230,0
41776715,0
150950713,0
61410911,0
73454552,0
35155435,0
38164243,0
63555615,0
103653517,0
44163807,0
143629203,0
116267907,0
152266094,0
88654472,0
43383280,0
132809216,0
78244932,0
136484883,0
73171482,0
139692613,0
60339358,0
129334286,0
33996842,0
118875901,0
196160793,0
94416880,0
59629734,0
105536529,0
140057798,0
106862777,0
117149441,0
137806009,0
143459653,0
64676279,0
83161061,0
120896298,0
59125673,0
41046789,0
84828432,0
71748532,0
122253635,0
86793736,0
83659535,0
124799923,0
74378505,0
92361940,0
132832982,0
208469729,0
91669409,0
60746825,0
124813928,0
64410787,0
174541682,0
75566904,0
107087063,0
145861362,0
138637454,0
156741940,0
85794044,0
75195955,0
173582702,0
94630952,0
91435500,0
62292799,0
183828555,0
144432392,0
66809703,0
41128391,0
97575015,0
156967026,0
178650339,0
72234422,0
74522956,0
39745038,0
69909508,0
82333317,0
106093056,0
199017619,0
144513174,0
104974198,0
120100482,0
79998879,0
159359230,0
97704238,0
39113038,0
58843778,0
83324620,0
194376931,0
44112002,0
35208760,0
58522117,0
103178631,0
60639009,0
36444820,0
129214400,0
130056277,0
213822874,0
63931322,0
35672938,0
162000632,0
154116536,0
129891297,0
65983192,0
113145135,0
94320020,0
36966862,0
80459780,0
145369284,0
81952636,0
95337132,0
194312956,0
160278051,0
178873787,0
87473900,0
128347938,0
41513552,0
86661711,0
108963956,0
76779148,0
109490460,0
178851679,0
208342598,0
99250706,0
93053059,0
95068472,0
198916929,0
66451328,0
149560618,0
77220951,0
67461294,0
72075285,0
114347253,0
95427311,0
125560801,0
101273758,0
34705193,0
104003602,0
120257280,0
144518247,0
38871736,0
145628874,0
75222593,0
147328607,0
42463462,0
75692524,0
208535638,0
169907824,0
73765020,0
31448816,0
67041076,0
38384256,0
94446558,0
207190746,0
143837689,0
103888552,0
150157818,0
71058972,0
112136659,0
182301470,0
44748404,0
92444618,0
135462442,0
34685760,0
182118764,0
72190019,0
92119552,0
146665725,0
33142815,0
88031454,0
90305440,0
65413193,0
56142516,0
88444891,0
76275196,0
142395908,0
127150340,0
125051628,0
192702513,0
159821651,0
44865674,0
42176809,0
125362599,0
185241142,0
96056429,0
34567660,0
112568286,0
128424170,0
159922163,0
134070186,0
84301533,0
76452286,0
121283739,0
58996322,0
164022263,0
66069966,0
122218045,0
63155462,0
165957702,0
105088755,0
122088033,0
42019527,0
112615423,0
86329490,0
152928996,0
77812249,0
76070816,0
191779162,0
105175657,0
106850173,0
117038033,0
96993933,0
115411798,0
36416918,0
132529679,0
109514818,0
128073967,0
67075906,0
109026914,0
76235046,0
89416998,0
66446491,0
40587329,0
56091737,0
76189952,0
71940515,0
60604732,0
102949173,0
115377087,0
147526582,0
40650672,0
79456939,0
118790470,0
157191224,0
152447251,0
178287956,0
102387079,0
118325967,0
195138035,0
154788409,0
94653780,0
34337008,0
81356601,0
139310077,0
175858346,0
115831819,0
60232362,0
134671837,0
71493086,0
124716723,0
112416877,0
76931110,0
38645179,0
185252413,0
83244005,0
92016287,0
112486220,0
133358578,0
123528758,0
167169956,0
141648482,0
74836316,0
91691419,0
78438051,0
117948563,0
100857932,0
41930563,0
136376762,0
146421650,0
117207859,0
165492755,0
62866914,0
194645483,0
39495238,0
74702228,0
78986465,0
212446439,0
33430346,0
182060119,0
70843459,0
194162869,0
113526753,0
36077503,0
89464106,0
72148685,0
77362550,0
83913016,0
77915001,0
90530072,0
128912133,0
41477607,0
112379056,0
214077361,0
44388094,0
104833053,0
36267808,0
198763861,0
83172194,0
106471141,0
71950266,0
39337107,0
130780035,0
77262926,0
107948936,0
113715332,0
88638730,0
104967477,0
192182809,0
135239576,0
179933861,0
121685313,0
59142718,0
71732306,0
63842890,0
150145609,0
180514519,0
75183025,0
38474415,0
180132773,0
96341127,0
42465742,0
70668136,0
122088417,0
86384394,0
145042856,0
73968650,0
69269307,0
79836080,0
213068254,0
73675374,0
91200120,0
175830208,0
79109874,0
45457071,0
62373622,0
151694121,0
181092701,0
58852275,0
176434011,0
79501431,0
115875452,0
42656818,0
116072844,0
82624105,0
86145797,0
79908918,0
196264285,0
36552645,0
105686981,0
110748588,0
86516035,0
127494592,0
180954793,0
192436261,0
80622895,0
101268705,0
200325549,0
39299701,0
166527593,0
108149023,0
145518147,0
92817639,0
99279239,0
161377347,0
160803627,0
77998370,0
120356124,0
76433929,0
40093346,0
104958160,0
36298680,0
34689678,0
79797914,0
134425738,0
213934923,0
90491907,0
32442103,0
161598959,0
132102216,0
58515663,0
124029986,0
112588618,0
63159736,0
67390667,0
205678042,0
86414990,0
34784762,0
134508880,0
37717939,0
178209710,0
158320830,0
199028179,0
159899710,0
128654714,0
65630315,0
143678946,0
77620768,0
107194978,0
45443668,0
85182543,0
105376177,0
40473405,0
35183238,0
78932271,0
180015966,0
69987034,0
75458121,0
97631450,0
136550220,0
67508046,0
62424450,0
57125223,0
152829105,0
75941238,0
83020360,0
159687256,0
72236850,0
64852037,0
102607862,0
37736376,0
39915742,0
74111808,0
210417811,0
41571704,0
60867954,0
176903952,0
119570524,0
160122911,0
65211074,0
151473071,0
34677776,0
185256815,0
111504363,0
76456866,0
62101546,0
132524033,0
95656601,0
56523503,0
185340094,0
118728321,0
83931748,0
104803415,0
87067055,0
104259905,0
64037627,0
75713941,0
82326092,0
109923953,0
124625498,0
64966258,0
119635081,0
94035746,0
98240829,0
136316685,0
132346262,0
137276198,0
90545765,0
120560415,0
35580104,0
127501540,0
111352489,0
78548570,0
146963570,0
37796837,0
166223550,0
161411486,0
150407549,0
158214337,0
59323618,0
34911735,0
125148390,0
67113252,0
86425205,0
42138801,0
62035035,0
79383963,0
61421156,0
102777116,0
142279377,0
144188297,0
31923495,0
58837550,0
37888003,0
154257800,0
135908370,0
113958904,0
37136610,0
127658477,0
94981708,0
108975632,0
83592846,0
42360246,0
43582389,0
66849606,0
81908647,0
84293430,0
121106757,0
74263169,0
124057137,0
66937771,0
80685379,0
71826689,0
194953829,0
96749601,0
143195632,0
124184346,0
131795025,0
143575069,0
59166040,0
83685601,0
33717058,0
103431293,0
138135713,0
69727661,0
118604457,0
42777365,0
111713825,0
162404062,0
155081379,0
89236365,0
115297074,0
96692387,0
93742056,0
60865388,0
41253883,0
43770168,0
124982254,0
55263431,0
110840553,0
59339419,0
104281698,0
171108214,0
77148764,0
33665579,0
113237791,0
125943317,0
157611363,0
87664196,0
155795612,0
161029740,0
65917155,0
123499248,0
133308193,0
99667174,0
61313676,0
108102034,0
146576119,0
38204205,0
35032144,0
84552853,0
147750632,0
155950624,0
141074703,0
75421663,0
192927599,0
90120257,0
110002140,0
40209541,0
90495598,0
132841391,0
173612646,0
159873328,0
136438772,0
45614511,0
40532790,0
35247706,0
72363684,0
176121588,0
60635644,0
76372046,0
154426333,0
151396720,0
64516500,0
68110418,0
164965570,0
83198605,0
87534855,0
104025927,0
65158705,0
67452707,0
88175895,0
115722464,0
120487558,0
31531405,0
100128035,0
141666090,0
42799463,0
203926711,0
101928261,0
31761604,0
69685251,0
140162712,0
83946523,0
135575152,0
42932456,0
44601228,0
83720786,0
117287980,0
87961774,0
117286362,0
83626274,0
75285857,0
195137127,0
101816527,0
162562884,0
35273495,0
91808749,0
89850037,0
62618309,0
177687825,0
39420189,0
146452779,0
135586404,0
111323492,0
129903239,0
139898375,0
173306570,0
112216267,0
78912542,0
104843643,0
44975148,0
75359662,0
41298632,0
90489567,0
193819930,0
77405729,0
124615362,0
35808536,0
72057736,0
123159881,0
40792637,0
61102742,0
81531826,0
106260099,0
59654921,0
45599025,0
36730466,0
120354348,0
193733018,0
154243972,0
204134574,0
58069320,0
88676916,0
72764341,0
113197000,0
101120562,0
151280959,0
99164880,0
95920524,0
192271547,0
120812258,0
57726114,0
58430083,0
97618175,0
162962277,0
122997842,0
155332777,0
96156763,0
137121927,0
131885440,0
127780899,0
102939007,0
34071279,0
36867288,0
112119022,0
88220012,0
141376703,0
93284827,0
65374791,0
162543757,0
164257742,0
127724889,0
62960626,0
60645276,0
93502225,0
72436966,0
64194100,0
33530928,0
58731412,0
89369890,0
62430974,0
89804755,0
92951106,0
161676949,0
38816189,0
83695638,0
43639909,0
41534357,0
89877129,0
60482309,0
122379067,0
66933724,0
89349786,0
73878629,0
149529855,0
95324598,0
151433030,0
63679538,0
67879943,0
62001755,0
79357690,0
146508345,0
67510267,0
78345118,0
99078432,0
74144546,0
56916323,0
146768734,0
91414260,0
97226934,0
157288775,0
74200339,0
89956421,0
138613934,0
96996331,0
82328905,0
66609567,0
161318643,0
41070822,0
96291473,0
38194947,0
86159367,0
143473362,0
73315479,0
66233091,0
105178864,0
90357897,0
59335797,0
34789865,0
174953757,0
61659092,0
98770343,0
38762499,0
115730271,0
177112506,0
76209751,0
73105464,0
114073924,0
128950191,0
74867109,0
159869242,0
55890565,0
80628876,0
159150765,0
57771623,0
86693007,0
102271457,0
127087175,0
109009909,0
155057169,0
39490056,0
115779243,0
40008349,0
176983254,0
60738791,0
204072425,0
79587988,0
166358546,0
75664021,0
138539626,0
77330069,0
35870725,0
45296542,0
106915155,0
140882532,0
43673742,0
151215287,0
93894314,0
96362998,0
88608312,0
131121602,0
138790235,0
151663229,0
56157133,0
81308210,0
59184644,0
57698973,0
149626399,0
144606965,0
43055984,0
136074762,0
136473346,0
143661201,0
36712947,0
115403024,0
44307104,0
97489821,0
84204150,0
166567476,0
40707906,0
59388145,0
162505709,0
208380853,0
174553081,0
144898316,0
64555061,0
210582258,0
36348640,0
144869517,0
154449833,0
59604023,0
124682673,0
75122623,0
79666915,0
120464907,0
108335598,0
42234813,0
79733653,0
158974405,0
106300249,0
36860972,0
34648078,0
155375769,0
34905073,0
92762508,0
103550656,0
85839829,0
116806462,0
181318922,0
143625364,0
213973938,0
77934168,0
73839762,0
78435771,0
128959754,0
64031537,0
31834145,0
119878682,0
98474482,0
72286553,0
62298909,0
90976396,0
86046834,0
200428498,0
81707554,0
80948424,0
32483990,0
85257355,0
82026490,0
77668981,0
141676670,0
162790181,0
85514695,0
108229135,0
171706934,0
147339760,0
156006792,0
167207461,0
59729476,0
42524525,0
34319914,0
110270593,0
64953280,0
60222443,0
160482154,0
131771624,0
63935230,0
208529144,0
120703209,0
136684970,0
194856910,0
147205889,0
76501743,0
115619553,0
43022358,0
36205817,0
72143562,0
133450266,0
32136451,0
35582404,0
109837485,0
92015023,0
182748998,0
125362284,0
127278941,0
66682750,0
166463806,0
74607203,0
59017325,0
131094076,0
32510450,0
206487360,0
66293552,0
212440320,0
159642123,0
165457313,0
82538861,0
60631923,0
107686454,0
151602412,0
100677535,0
114069512,0
76145440,0
140754050,0
36301414,0
65199891,0
154331792,0
36425199,0
43084487,0
115787731,0
92604485,0
43172781,0
95050272,0
34350924,0
34357783,0
112332511,0
88650594,0
139205894,0
104307536,0
45381114,0
95423856,0
174161475,0
85022843,0
123195836,0
125011834,0
106003509,0
114227219,0
107749551,0
79293429,0
117215922,0
31584938,0
163811201,0
43542812,0
62560088,0
154972665,0
115991272,0
78552311,0
133288326,0
159775135,0
153030988,0
92908094,0
165335818,0
75295786,0
184672692,0
57578899,0
207361639,0
162018990,0
39047355,0
165499683,0
84897815,0
134723731,0
94813806,0
78724980,0
33699027,0
63276029,0
110169647,0
31191131,0
80684599,0
41274106,0
193646659,0
82484292,0
127709927,0
77941659,0
105165866,0
102319393,0
82404940,0
126114673,0
143202491,0
32820958,0
76713209,0
59618689,0
63160298,0
44470150,0
129251539,0
41210763,0
144881192,0
35963489,0
37969900,0
199389742,0
98894572,0
127316248,0
118517032,0
44524670,0
213827118,0
80801021,0
80635192,0
44734734,0
157248596,0
102548121,0
147599104,0
73887028,0
139594411,0
71398684,0
92884950,0
43681579,0
136630193,0
134006103,0
62791915,0
146040742,0
75792355,0
122755040,0
194663041,0
123711316,0
66587222,0
40225411,0
85362811,0
75751515,0
91260097,0
44174092,0
37747489,0
129633700,0
174447368,0
94268343,0
80560311,0
36859086,0
143808880,0
90704596,0
165682212,0
185846109,0
213533645,0
126959363,0
193820552,0
129444372,0
117779753,0
191557491,0
70267696,0
113990022,0
64077510,0
37522136,0
80717613,0
210553261,0
166342380,0
56949633,0
61074446,0
64265872,0
94937610,0
137623234,0
56521223,0
116214365,0
208361538,0
87982678,0
125943258,0
67973684,0
78461728,0
60592119,0
59280577,0
103017056,0
134433101,0
79739713,0
88485890,0
41354217,0
154794055,0
59523981,0
204205537,0
45567857,0
108435133,0
61138480,0
137412725,0
35669424,0
166085336,0
36270059,0
82125463,0
86555385,0
139231801,0
67375882,0
116003481,0
86637293,0
150689997,0
83552420,0
99281391,0
132151870,0
142549528,0
95484564,0
80728766,0
124708235,0
34402966,0
159851842,0
128275791,0
41351681,0
134980844,0
121125095,0
198974410,0
159303941,0
196268322,0
130393788,0
86187338,0
79994684,0
117192877,0
113420921,0
39457072,0
106593485,0
136356796,0
107120798,0
114023372,0
160572126,0
104938263,0
118593877,0
37975349,0
39326172,0
64511141,0
31188742,0
79098485,0
62097776,0
36070574,0
196400476,0
37723644,0
121088666,0
166178219,0
86281780,0
135863986,0
200528497,0
214443326,0
84739960,0
93712447,0
96561121,0
119575616,0
118764710,0
64126187,0
74243183,0
126046504,0
74704971,0
150270677,0
149108097,0
205742806,0
120866630,0
203576300,0
93399640,0
92323981,0
123698249,0
112341483,0
103038680,0
81851108,0
86500895,0
60447914,0
34922443,0
178567483,0
142266132,0
89512713,0
118647054,0
38583138,0
83841827,0
35908653,0
39401921,0
78694986,0
152016689,0
35404623,0
67237491,0
177608967,0
62647424,0
134343090,0
76648553,0
61945133,0
141137800,0
92453520,0
96313275,0
87466409,0
36778491,0
63476283,0
111678403,0
71542642,0
62672651,0
38406394,0
56331657,0
153808397,0
77802280,0
174280088,0
32255400,0
125145567,0
106952018,0
135862980,0
137289039,0
103040486,0
137986751,0
100468813,0
110446627,0
119935620,0
111569670,0
179643882,0
205152614,0
164505222,0
57870052,0
66256511,0
132266575,0
144393920,0
40413743,0
56010698,0
64804604,0
129505968,0
140917934,0
108002933,0
41196797,0
142093947,0
40905575,0
45176330,0
109882708,0
61936418,0
92245321,0
211555687,0
43642357,0
115152474,0
35698796,0
64941170,0
127404640,0
158817606,0
104561718,0
57205068,0
87406806,0
94502608,0
95537209,0
178817786,0
99596488,0
94072836,0
108007769,0
58423323,0
50178166,0
32294760,0
151436978,0
43553777,0
63112125,0
144468436,0
64944654,0
167057008,0
102668037,0
63261748,0
108256858,0
131090631,0
65648307,0
178519251,0
42936710,0
188405801,0
163001094,0
100863370,0
44431984,0
89367591,0
127399409,0
75039206,0
75251067,0
83414937,0
37660755,0
79383914,0
37924974,0
86133312,0
180006531,0
103555838,0
163555470,0
91556906,0
151584331,0
76516616,0
36505537,0
108174260,0
63516107,0
83078728,0
59815450,0
152188775,0
109594199,0
144900280,0
135598543,0
35661361,0
176312042,0
144831440,0
42303051,0
80144594,0
148559840,0
75202538,0
56303292,0
156113127,0
178567473,0
128358913,0
93754442,0
196167484,0
41484615,0
175026003,0
155916091,0
63895041,0
101945473,0
73943857,0
32774097,0
135022020,0
134436713,0
61591199,0
184336356,0
142087088,0
144803045,0
120786252,0
87686136,0
144983757,0
120038136,0
103249416,0
35326199,0
31161315,0
60334808,0
94425417,0
35559664,0
35274521,0
156640480,0
33016011,0
75022871,0
43933155,0
41566059,0
82121337,0
151584055,0
122081065,0
99371175,0
81980409,0
84351009,0
157594239,0
134227843,0
41764201,0
42441009,0
208113624,0
44870945,0
98404792,0
156996417,0
32583791,0
194363725,0
62377431,0
64194277,0
85011108,0
85319405,0
109593400,0
39480552,0
191781413,0
63445944,0
136209067,0
79123455,0
60631617,0
117348501,0
166076848,0
95960180,0
122031430,0
124929334,0
209796934,0
110077524,0
165338128,0
174122194,0
121876251,0
140305792,0
129942392,0
39557416,0
143103400,0
159943392,0
80504104,0
68887886,0
43899351,0
147670362,0
133273433,0
121552054,0
38761245,0
185422624,0
87124329,0
95857931,0
122015096,0
160702671,0
195228322,0
36249372,0
84451650,0
115567994,0
80721295,0
32253623,0
36129673,0
57836012,0
105859768,0
62790070,0
119447736,0
164223425,0
64110346,0
60648227,0
109197984,0
81631469,0
115010944,0
162610604,0
64102155,0
208338325,0
67254842,0
108503292,0
112822507,0
145244996,0
106833148,0
205768823,0
144693166,0
34220043,0
76672388,0
60618599,0
60566221,0
145240100,0
38354302,0
42712956,0
116299727,0
179733844,0
148331882,0
74208925,0
33788278,0
154268370,0
194353441,0
82415402,0
81843340,0
78159274,0
59793293,0
163935539,0
180412961,0
116757390,0
174038628,0
180883603,0
57697709,0
31523697,0
155390692,0
33536701,0
83560020,0
71691663,0
39866197,0
104238311,0
100225073,0
119977882,0
82731555,0
43724186,0
35275410,0
124532546,0
57691432,0
86393524,0
41643792,0
110996769,0
91689415,0
34255998,0
155580899,0
85351007,0
193907404,0
85886887,0
121232071,0
174970250,0
103920914,0
112085771,0
160344138,0
74141259,0
117294622,0
70114925,0
123933273,0
62466041,0
44420605,0
72449283,0
112552396,0
62944114,0
153587841,0
65251292,0
126241922,0
87607248,0
121342956,0
176319730,0
60602097,0
80391186,0
72270722,0
208161195,0
95944350,0
198747103,0
109745836,0
164125953,0
177112230,0
90087914,0
62046523,0
138656680,0
84776557,0
126232052,0
65834240,0
159830978,0
194203098,0
162007344,0
42311381,0
69137982,0
64275465,0
140943822,0
116494533,0
60986064,0
135834832,0
111635648,0
77089951,0
56382713,0
134075891,0
40787515,0
175698310,0
159689763,0
61042686,0
89798024,0
32285917,0
85130086,0
90663342,0
95468398,0
43630947,0
117961206,0
122363898,0
154597492,0
88836498,0
84373502,0
40417582,0
94523492,0
107864324,0
116683378,0
77791966,0
36710381,0
32813970,0
178341094,0
195521292,0
146144887,0
120510386,0
112433586,0
58582085,0
208242600,0
103256769,0
135716544,0
115307141,0
45102249,0
129541054,0
123619025,0
94836437,0
65769634,0
115798736,0
100335405,0
41922075,0
149151523,0
208589773,0
67088647,0
91656115,0
161903358,0
86157364,0
79613254,0
45683490,0
66085984,0
158847718,0
116273701,0
63994576,0
99295110,0
198735743,0
117693098,0
152989842,0
141931533,0
154773783,0
62362104,0
208210000,0
164512990,0
125060856,0
152347390,0
96955402,0
78436383,0
72479287,0
44902755,0
70281563,0
161283477,0
57642627,0
62200232,0
78023882,0
38265169,0
67252611,0
57228143,0
96529064,0
143763726,0
36876585,0
172465749,0
63926505,0
31409061,0
42149540,0
90987390,0
113317281,0
148907389,0
110328715,0
117905541,0
42787195,0
40232636,0
66275185,0
150692790,0
59518513,0
162147729,0
72373435,0
80577188,0
176333804,0
155984635,0
73437112,0
139941663,0
144984616,0
61627045,0
108233142,0
184647939,0
142589737,0
63526776,0
93787278,0
122582589,0
103644111,0
116235663,0
173126321,0
158883742,0
114110757,0
59700301,0
106012125,0
144503956,0
108337996,0
117383567,0
124408850,0
66631181,0
83812010,0
102767552,0
164133414,0
67499213,0
145328256,0
87706161,0
35250884,0
31330223,0
133886157,0
199935670,0
31515140,0
32639426,0
75489319,0
101097576,0
131733340,0
113323577,0
120667678,0
86568364,0
130708322,0
195492443,0
72007401,0
94971434,0
87564306,0
149838507,0
56441417,0
87763662,0
58201839,0
59649305,0
59974795,0
94526364,0
150300710,0
92539494,0
31718128,0
149205846,0
159886899,0
121491770,0
149924669,0
112326441,0
106170602,0
83936960,0
107495833,0
37723851,0
195094451,0
62406004,0
111331279,0
163437558,0
56220200,0
173515263,0
100550425,0
111505853,0
160497541,0
32434760,0
130007541,0
72194075,0
31607934,0
73038163,0
113216877,0
96610804,0
39715054,0
129429153,0
42535747,0
84911366,0
94007548,0
180137352,0
192011473,0
39908695,0
77904559,0
120847492,0
196184480,0
148309498,0
60394381,0
138250644,0
95864731,0
159575128,0
115730024,0
59796964,0
180153213,0
104444842,0
94732560,0
111560373,0
65126906,0
122713420,0
33641832,0
59329175,0
71088926,0
113899094,0
134483505,0
138209912,0
152862277,0
117280756,0
103709576,0
62271195,0
133769617,0
64586377,0
154427981,0
107144860,0
63871630,0
157234078,0
96406800,0
99118355,0
85572975,0
85968006,0
45417701,0
102055204,0
62921158,0
83112631,0
36249214,0
32490227,0
40917961,0
177813209,0
165326936,0
137987402,0
173659842,0
126312667,0
111833553,0
109887149,0
62241251,0
106504609,0
129775191,0
59810880,0
146239388,0
68591758,0
174431270,0
63455202,0
31611872,0
102958865,0
94084788,0
129653726,0
75824037,0
106421892,0
146976095,0
79544236,0
74617408,0
67955495,0
145276529,0
87638831,0
98924407,0
157218997,0
106529145,0
194394045,0
41642045,0
63321597,0
77641337,0
45076677,0
178047730,0
87922089,0
78768968,0
61189861,0
56215374,0
37185494,0
37322316,0
105506358,0
87639670,0
164029448,0
132381260,0
120345051,0
33548278,0
143842880,0
132044272,0
155006478,0
155079790,0
39163580,0
83684929,0
78086712,0
95352992,0
116350151,0
63026190,0
100175172,0
62602705,0
85764119,0
157030310,0
151247047,0
34818042,0
199379863,0
103480345,0
77551730,0
198598891,0
40176349,0
62369131,0
120031029,0
84575938,0
212626915,0
86845038,0
143130917,0
59727976,0
144726486,0
122159360,0
100537288,0
151736738,0
175603858,0
117534237,0
136391004,0
100230788,0
116213773,0
138945741,0
91703302,0
160480437,0
61567236,0
43505791,0
135356037,0
63250309,0
66096604,0
44966660,0
97849459,0
82346364,0
84325052,0
200699538,0
161456699,0
128459346,0
180047894,0
88959374,0
65383121,0
132716323,0
110814349,0
84645015,0
74079485,0
167087180,0
72485465,0
100679351,0
156741752,0
118883194,0
44324771,0
59458417,0
64131378,0
175449932,0
198717395,0
149506622,0
72450191,0
141657928,0
73824573,0
180177364,0
118004119,0
45065238,0
151318730,0
159880286,0
185058564,0
101607222,0
111796769,0
200723373,0
80069160,0
80934794,0
71834723,0
59805926,0
111723034,0
78364956,0
39992903,0
132523214,0
66387442,0
42488866,0
114749360,0
32651191,0
133349034,0
165894339,0
109305918,0
138661861,0
131215344,0
147520897,0
120211485,0
59758710,0
41266950,0
97012635,0
142540902,0
41390192,0
180982654,0
110207556,0
194598277,0
60807641,0
60318948,0
132440477,0
82185391,0
63917099,0
60359907,0
74125063,0
32164649,0
145730255,0
41110813,0
82041611,0
93616584,0
148323760,0
116088458,0
81821548,0
213999253,0
73916124,0
109757413,0
115511955,0
94182655,0
63269417,0
86541420,0
59520793,0
43187861,0
31653522,0
53277370,0
83651807,0
38146211,0
135668292,0
62315845,0
83833279,0
83868563,0
115097885,0
167107412,0
78694818,0
151064420,0
144525788,0
76974072,0
60908074,0
58933917,0
31304552,0
71816237,0
88813215,0
56424817,0
165948790,0
31495460,0
134457578,0
112318358,0
35607117,0
86635507,0
93808113,0
138858750,0
33794071,0
97469411,0
64548093,0
150228820,0
80428710,0
67364138,0
99144588,0
103262503,0
67195052,0
77514867,0
78411659,0
113352643,0
51728079,0
102699047,0
71868319,0
162336850,0
38364596,0
113552809,0
86033046,0
68536143,0
80477969,0
39995439,0
36783712,0
86470092,0
111083019,0
104524638,0
44851837,0
94492728,0
74622619,0
44329123,0
75894091,0
73283571,0
141247510,0
160363788,0
134711454,0
94477292,0
56090138,0
131862010,0
130630708,0
62522041,0
39131721,0
104008556,0
117242462,0
32681490,0
40901578,0
39575952,0
63017367,0
124550775,0
64510016,0
34616298,0
184928522,0
63117928,0
81789906,0
112851583,0
124725082,0
110179112,0
31453731,0
108827874,0
57608261,0
42091704,0
39658392,0
35129034,0
104545334,0
39702421,0
83303015,0
59955036,0
93306096,0
104141283,0
35376228,0
42741736,0
74917217,0
173296908,0
152475478,0
135084880,0
41474903,0
94439837,0
141192043,0
87646806,0
103748255,0
208251472,0
162717501,0
131580253,0
87511740,0
92080232,0
122243173,0
159587524,0
112532884,0
117929435,0
162665676,0
106678817,0
112751506,0
125715961,0
63833208,0
163203007,0
58981577,0
78836338,0
100051487,0
40215008,0
149837125,0
43054355,0
81094415,0
44626613,0
71248123,0
113723237,0
73317532,0
83431429,0
103040832,0
140530069,0
41296253,0
163710156,0
102723100,0
126440261,0
73992623,0
84139869,0
39275837,0
60515077,0
71340670,0
161589169,0
146661886,0
75049450,0
154552309,0
63381802,0
125162335,0
41856393,0
148627477,0
72270219,0
212694107,0
126710156,0
114373466,0
114461237,0
66257686,0
196269645,0
194345664,0
32160188,0
100758920,0
123160720,0
87751423,0
32241099,0
143765335,0
131381271,0
80097180,0
65822150,0
91391077,0
41920042,0
38167066,0
100552685,0
162862417,0
116611439,0
31312132,0
180187954,0
175298838,0
179873716,0
115207330,0
58781461,0
158669444,0
115025295,0
81207057,0
110865020,0
104203343,0
34403410,0
165885881,0
78649309,0
156710268,0
89163310,0
125542641,0
136458225,0
105510996,0
127572710,0
91494964,0
57083859,0
31657815,0
174366348,0
82173488,0
112601448,0
120084108,0
31429353,0
88766463,0
63934717,0
33254776,0
135013740,0
32161214,0
66544378,0
39826225,0
58553858,0
37335492,0
62468745,0
175276484,0
64825952,0
56357062,0
32893795,0
75980420,0
67084137,0
126794630,0
177474514,0
38492841,0
212227807,0
62355629,0
84011643,0
75055816,0
130145607,0
146498801,0
32477436,0
75970748,0
59703568,0
173326191,0
66809466,0
141720590,0
99674626,0
116826478,0
132322180,0
44526130,0
72915198,0
83058841,0
82487559,0
194250975,0
81481738,0
61041847,0
173696775,0
116741234,0
41961425,0
113934220,0
179467443,0
36642784,0
141827231,0
69969664,0
83738442,0
40704383,0
166027895,0
60298636,0
64122042,0
92152763,0
73474064,0
60565194,0
60336516,0
78648855,0
116985181,0
76384561,0
94824919,0
179819008,0
125330948,0
35052307,0
98707957,0
33719299,0
97008628,0
142031986,0
213947023,0
96021402,0
41156134,0
101068164,0
57749199,0
135367772,0
143681493,0
101998128,0
63510620,0
116112343,0
87113531,0
135128770,0
33293090,0
213871679,0
39659695,0
81175494,0
112163386,0
75618305,0
70233814,0
65998964,0
60383761,0
66501633,0
115282931,0
72339780,0
121562081,0
202619758,0
157602135,0
129054137,0
151211556,0
39624510,0
57886712,0
94267780,0
69360285,0
83925017,0
67212027,0
76190238,0
62512862,0
135443433,0
94304100,0
73487467,0
144900191,0
39527324,0
161728626,0
175930868,0
116821582,0
86818331,0
138606374,0
75706460,0
145571778,0
180893808,0
110259914,0
69903824,0
159461529,0
121253528,0
98951045,0
61645955,0
86933687,0
185663176,0
154961927,0
78736675,0
34343492,0
113725112,0
83779382,0
37047724,0
70047861,0
144691271,0
136013708,0
39989370,0
139850132,0
38662431,0
59246339,0
56279862,0
36885754,0
89860420,0
143897420,0
164334458,0
145190348,0
34317249,0
80698644,0
82851303,0
136712693,0
162781377,0
58197486,0
142307427,0
43530386,0
98572694,0
103106356,0
61702568,0
111754340,0
157524520,0
68446123,0
39379833,0
123932839,0
38012892,0
34736026,0
81579388,0
148499458,0
180319299,0
33136824,0
35463899,0
42355272,0
119619309,0
74658742,0
102738101,0
74924689,0
146721469,0
123022398,0
141555639,0
127398570,0
177077479,0
126413712,0
89278202,0
70168961,0
147585454,0
36500307,0
106165844,0
110434507,0
43689208,0
89219715,0
130596598,0
60794949,0
94755625,0
150445892,0
91674956,0
143338435,0
199179688,0
56976606,0
134169622,0
100616245,0
97877519,0
66670502,0
181266001,0
135015309,0
165950359,0
73502716,0
205937129,0
44086469,0
67125096,0
37180954,0
185807549,0
74007842,0
65902676,0
43549346,0
56830398,0
148219112,0
139354105,0
140659459,0
142607147,0
85206072,0
90789919,0
192131547,0
94115186,0
57964406,0
65399129,0
90995059,0
118796618,0
130752035,0
91510223,0
78657343,0
175156410,0
36228330,0
178573800,0
181310671,0
135352376,0
108793380,0
87316411,0
36234844,0
109219283,0
60482566,0
160851159,0
156702007,0
184518756,0
109607020,0
56533313,0
93813334,0
193642356,0
155933402,0
129094593,0
37144565,0
95706551,0
139001820,0
203572313,0
125038748,0
151306877,0
60342358,0
130145725,0
37455783,0
199752105,0
82407516,0
36155078,0
64088238,0
99674576,0
132131894,0
120433867,0
82882195,0
34695472,0
156975751,0
84154614,0
114053533,0
119089627,0
107847921,0
75759144,0
89561035,0
35463455,0
92105261,0
154456445,0
135409195,0
110961288,0
114247274,0
94003107,0
36153795,0
44061469,0
138553286,0
194355849,0
42303150,0
160955165,0
125266075,0
74800391,0
114684162,0
195694197,0
135096477,0
38217637,0
124450668,0
56051262,0
148821030,0
66054125,0
42356041,0
83617105,0
40871347,0
148563729,0
31758199,0
107137714,0
139649759,0
181002246,0
59425137,0
87180042,0
118378473,0
33307046,0
206701806,0
196610245,0
71827182,0
112225969,0
57605231,0
33547479,0
67256737,0
105728197,0
58895465,0
33394678,0
44466854,0
115492650,0
33370586,0
145559491,0
65860730,0
122048761,0
40750030,0
103750555,0
55790823,0
56762337,0
104523128,0
73254663,0
57720478,0
185555370,0
146140939,0
87210066,0
86322818,0
116488937,0
102315524,0
98550043,0
78437912,0
75993902,0
94410791,0
88126370,0
93886093,0
69007042,0
80699187,0
66076322,0
83994312,0
111290913,0
82774044,0
84928421,0
157119462,0
154188476,0
68715464,0
173375608,0
111665257,0
154131291,0
65262317,0
203793520,0
193590304,0
121858920,0
36488631,0
77162098,0
77505274,0
36495076,0
132950864,0
177195500,0
118246447,0
103708747,0
109104174,0
138836918,0
82790092,0
34708431,0
83780862,0
97437196,0
37726496,0
106210021,0
130250412,0
124666477,0
56541998,0
70049894,0
154002582,0
137594997,0
156212307,0
32144041,0
94068996,0
31504372,0
86536761,0
175008119,0
100599644,0
155896075,0
50073904,0
111875825,0
34965248,0
101979701,0
75405852,0
87226045,0
33029917,0
85035713,0
90185001,0
142182201,0
73508578,0
91830778,0
78468103,0
141875750,0
96994762,0
90940776,0
34427956,0
111725787,0
116702466,0
134142125,0
116214315,0
124068684,0
43491974,0
165712028,0
88182478,0
120407594,0
89823043,0
83206678,0
89141271,0
115991016,0
124406255,0
125848273,0
77466724,0
73698538,0
89712938,0
108231355,0
61689076,0
160593750,0
177868636,0
115396135,0
43328622,0
97302496,0
104011724,0
131686785,0
72647268,0
110041164,0
142624478,0
99175490,0
193917067,0
32358715,0
65558158,0
174433432,0
129922653,0
166133588,0
86464003,0
59308547,0
80324763,0
163520996,0
118642070,0
79357947,0
56105031,0
95159282,0
121885568,0
153945141,0
87887140,0
95567163,0
164200311,0
91500393,0
98816088,0
88487883,0
120361405,0
102618442,0
80040914,0
85722351,0
204886283,0
108436860,0
144986807,0
84941606,0
130342960,0
114959978,0
85829131,0
85727217,0
91859034,0
141669495,0
178241520,0
113294048,0
135675665,0
45223161,0
100956233,0
76586296,0
73357070,0
32390682,0
126910114,0
36902157,0
147219252,0
38472165,0
64249478,0
103620099,0
152738700,0
124691210,0
126941193,0
166318890,0
124428027,0
88781336,0
116134352,0
102953456,0
173796615,0
38598061,0
70150248,0
142836447,0
128420400,0
73683033,0
114506351,0
39731487,0
112973463,0
94933890,0
129561514,0
98511789,0
178925454,0
104202228,0
85211047,0
82149308,0
137851360,0
194966768,0
109788127,0
194161191,0
73659978,0
125629878,0
75393327,0
200699745,0
33276874,0
102821875,0
109876223,0
161572746,0
60428027,0
95678265,0
33200020,0
123747666,0
157373703,0
114030863,0
131437755,0
76687518,0
164155986,0
148411145,0
65713861,0
158260378,0
106100300,0
83758705,0
99018623,0
112477249,0
82551287,0
64061571,0
85141268,0
101370362,0
57129111,0
115404741,0
66819414,0
103151440,0
72350262,0
146413912,0
85819991,0
74649494,0
83619741,0
95114454,0
139560627,0
74780454,0
90748783,0
121218057,0
96018480,0
131533668,0
166322868,0
142828502,0
34721468,0
98589127,0
108429645,0
38328078,0
33691457,0
154536537,0
102450876,0
92102458,0
130753811,0
194704444,0
70938691,0
41327935,0
141974219,0
212522514,0
44710465,0
61151725,0
105668703,0
36499892,0
159782518,0
194279883,0
175995484,0
58102708,0
103718173,0
212342808,0
114899033,0
58818432,0
63631937,0
41009946,0
33659430,0
89560699,0
117804200,0
56301871,0
67421895,0
63503721,0
112668088,0
88870893,0
203989837,0
126251061,0
99920616,0
162128444,0
128543859,0
116288722,0
56624400,0
129537570,0
166173077,0
90934706,0
44764442,0
42691776,0
34198241,0
155850408,0
89713639,0
75817069,0
116495135,0
213977649,0
35389601,0
137168541,0
144571277,0
85474545,0
115045132,0
89043157,0
145490848,0
73996748,0
91651437,0
134498931,0
115612131,0
124540294,0
64929178,0
43515404,0
64428424,0
135485990,0
78542224,0
42123474,0
74406149,0
194164606,0
90198996,0
90017810,0
73318894,0
195001697,0
41928332,0
62426918,0
66691820,0
109017558,0
175549220,0
33153396,0
69794932,0
124493058,0
42477773,0
146443768,0
60855617,0
150229491,0
95903292,0
75174913,0
110715781,0
155195017,0
207399943,0
43024273,0
37164778,0
81472411,0
40126103,0
32697203,0
162377681,0
41842763,0
60053100,0
80031903,0
132350615,0
149137045,0
78322537,0
106811208,0
32520537,0
115305147,0
130158546,0
75533100,0
179032855,0
114151479,0
110086249,0
111080049,0
163750829,0
77555244,0
84359556,0
126895645,0
31680594,0
142096089,0
98489049,0
56167476,0
94510622,0
134753932,0
81801039,0
88245585,0
85082090,0
50178285,0
154931716,0
75919061,0
135163235,0
85317194,0
81362769,0
36402657,0
185513809,0
145755945,0
102975485,0
61909790,0
198856971,0
72362520,0
127958286,0
96006133,0
196315124,0
33791989,0
90222743,0
165358469,0
63201435,0
39287937,0
68551816,0
150976729,0
85909499,0
32251176,0
125756614,0
122043175,0
177573239,0
74254256,0
203896243,0
66859011,0
55942005,0
126211099,0
64411833,0
68958355,0
84844312,0
132320078,0
42592813,0
196399223,0
81220894,0
87485586,0
125402117,0
56826825,0
109652519,0
42230155,0
34717886,0
86477958,0
76829720,0
83561934,0
110648342,0
144532499,0
83113667,0
116405332,0
89476522,0
144380932,0
112007367,0
32560627,0
55767017,0
107469274,0
81233330,0
87111399,0
59557626,0
91121262,0
45259403,0
123411922,0
75958697,0
143540387,0
38020709,0
211726807,0
88935470,0
64571553,0
32444788,0
160494768,0
118999636,0
199551485,0
34090297,0
178553715,0
163948902,0
106171371,0
58882634,0
199562026,0
119310598,0
131887355,0
64800301,0
143718079,0
44171111,0
107203426,0
144336647,0
72577539,0
108110729,0
117896244,0
152850661,0
110023912,0
106030236,0
44509875,0
113454547,0
46287115,0
83944322,0
43992619,0
104234481,0
115677981,0
90332769,0
40599696,0
163547101,0
150864946,0
43687352,0
135610407,0
82734931,0
135610732,0
108529368,0
141075621,0
136569397,0
56177622,0
59324358,0
139489921,0
204637105,0
127565791,0
67450516,0
156658117,0
91403690,0
116772540,0
66146544,0
75783867,0
56331361,0
59525866,0
65167687,0
107376490,0
77985460,0
76603834,0
92570248,0
120830181,0
101609907,0
131939329,0
133073770,0
209800842,0
161859241,0
35443578,0
107358043,0
61600624,0
97811294,0
161048818,0
155894960,0
34718685,0
60780638,0
36601371,0
178860551,0
79183709,0
134402811,0
101992907,0
137835183,0
60935186,0
64027294,0
71279834,0
112654043,0
72574025,0
32047072,0
151017984,0
62359933,0
144984221,0
112790639,0
89085527,0
111750836,0
143142356,0
44714531,0
71785819,0
81186617,0
76499068,0
61043288,0
149500325,0
39235450,0
207277974,0
78647592,0
44416519,0
88390421,0
59641034,0
67275459,0
61820411,0
31145050,0
153866381,0
154076969,0
121381033,0
112610370,0
179760432,0
94279989,0
154024265,0
39775870,0
145366737,0
135044523,0
132324964,0
81543709,0
103304311,0
104843811,0
137642874,0
82413566,0
113969425,0
159398551,0
138909825,0
157639896,0
160820810,0
123293240,0
130276458,0
40423968,0
156131722,0
127479452,0
138243755,0
56774033,0
44256513,0
75306277,0
161187693,0
40858270,0
81975603,0
71259355,0
203651655,0
92186922,0
89118521,0
59219444,0
114956711,0
180509624,0
124194680,0
77460743,0
150899637,0
75002392,0
35417108,0
42768482,0
116163635,0
134401104,0
89213536,0
81366826,0
59168705,0
32697824,0
58863408,0
117961235,0
184642383,0
207273098,0
179243798,0
83364661,0
32900141,0
144999568,0
83644780,0
84577872,0
58230431,0
66601701,0
99082736,0
125566782,0
119406027,0
84899029,0
88471500,0
121592845,0
112269060,0
73203657,0
163920132,0
61856958,0
114843832,0
180513898,0
75054128,0
36534396,0
106961137,0
93288380,0
57088982,0
118908066,0
35759494,0
38169612,0
67038895,0
81996063,0
75622963,0
134219256,0
42134242,0
83218275,0
79550621,0
174261484,0
151104491,0
128335719,0
60900702,0
75094860,0
108456510,0
163447674,0
77488989,0
98115781,0
37532480,0
111197428,0
191561597,0
62123486,0
93630855,0
109535732,0
83892142,0
78751045,0
152137710,0
38066702,0
88097343,0
150241394,0
41703187,0
86965221,0
58919122,0
148695034,0
131618339,0
191682786,0
132206568,0
103421206,0
98849685,0
36936425,0
32383557,0
115829717,0
91865647,0
195217269,0
82973005,0
51378429,0
140392931,0
92791149,0
40785708,0
35656307,0
130258792,0
98008409,0
175473441,0
44737676,0
44016395,0
177627848,0
127793828,0
161965378,0
68177057,0
43732575,0
82393433,0
88594919,0
44197601,0
174462715,0
88488446,0
71172226,0
75966633,0
77660355,0
78819669,0
77130920,0
66453578,0
124947869,0
122410482,0
194195538,0
129322472,0
81284602,0
185142446,0
56174987,0
74603630,0
141707187,0
128952885,0
167068743,0
131758083,0
108745088,0
127735272,0
132018522,0
139251738,0
55813651,0
87495475,0
138653048,0
66615035,0
43554576,0
204810701,0
130228640,0
145008944,0
138087105,0
177584974,0
91563667,0
68199304,0
68776389,0
63171944,0
79693671,0
128763211,0
74218321,0
63532412,0
74197319,0
95986137,0
121215165,0
130933774,0
109802932,0
66083389,0
109050187,0
192723614,0
92398596,0
52814732,0
106368497,0
146567917,0
145032099,0
110102691,0
121307988,0
100221796,0
91655227,0
108769634,0
37055797,0
208332413,0
193458860,0
91711701,0
169843444,0
75704713,0
42368674,0
196058899,0
95821236,0
139782269,0
74241801,0
65643313,0
63171599,0
94558756,0
204617642,0
60032019,0
124822387,0
113799746,0
177665668,0
36663757,0
42676349,0
56633470,0
177066238,0
41895239,0
106100833,0
66391241,0
57659692,0
96040756,0
59044150,0
176189708,0
106735330,0
192839523,0
120058881,0
59362396,0
82162355,0
85582292,0
185552163,0
153946137,0
194771014,0
58355844,0
199066148,0
60321909,0
121108336,0
116753423,0
112873030,0
75173896,0
88096721,0
72066550,0
57558331,0
106870712,0
45452245,0
121509940,0
66298082,0
33762034,0
124102044,0
66098608,0
39513053,0
65763919,0
34734457,0
62700809,0
41621664,0
34925789,0
98260035,0
33638112,0
59330576,0
137954763,0
72830102,0
109930358,0
88802349,0
42008651,0
33404172,0
141904628,0
185400872,0
44408218,0
135347530,0
83335812,0
79789268,0
76615964,0
80084567,0
83130060,0
61341162,0
119531657,0
101191554,0
107367410,0
43050269,0
93680874,0
113181820,0
36967919,0
32169860,0
43414675,0
208153299,0
195474974,0
131363556,0
72656506,0
66840210,0
41432375,0
133582726,0
198939530,0
75009409,0
146419597,0
97198204,0
127231054,0
62681691,0
108290977,0
37222308,0
196249649,0
71469143,0
57718692,0
128433981,0
43677335,0
60850219,0
196528495,0
89056106,0
124580887,0
193525816,0
92961390,0
72235212,0
74893639,0
79874542,0
135093121,0
103897829,0
124053752,0
81312069,0
105109935,0
89841677,0
40277335,0
199193841,0
87346266,0
62904587,0
125463812,0
147424076,0
135681122,0
105586430,0
64381879,0
59439053,0
37524169,0
160707428,0
114954490,0
88865179,0
160942275,0
154595064,0
83043494,0
87566576,0
71728634,0
119125483,0
178886726,0
122565001,0
69229463,0
94348060,0
104027624,0
76972266,0
152731732,0
195259737,0
63605812,0
40592531,0
57055020,0
166294137,0
35160843,0
159794105,0
114372677,0
129664326,0
128093766,0
109487519,0
65476753,0
101533161,0
36288554,0
78942575,0
141230574,0
75774284,0
121419545,0
43250928,0
131664273,0
160951661,0
127571792,0
213464607,0
105159411,0
103748413,0
129108795,0
102908619,0
129901768,0
35481053,0
40417128,0
147845745,0
34708095,0
94293145,0
154585648,0
41877938,0
94475121,0
71284325,0
106494739,0
43765855,0
121490517,0
162512875,0
136306362,0
157389938,0
62894589,0
58134972,0
36588906,0
87986952,0
191633497,0
71169255,0
61679088,0
37993499,0
157361307,0
164566433,0
146244698,0
109732907,0
136938628,0
60395723,0
43803458,0
85852897,0
33923540,0
67418805,0
84472455,0
64132020,0
75477041,0
115777339,0
174143552,0
68059737,0
98649105,0
117212428,0
84798981,0
143629430,0
57896296,0
174905712,0
139652010,0
38839422,0
117536980,0
135079856,0
39810157,0
44772742,0
163076173,0
31457788,0
60105350,0
191732815,0
63109934,0
31534415,0
81484501,0
208094684,0
143679144,0
73400417,0
37737027,0
37759411,0
38353976,0
42041675,0
97259089,0
75578955,0
166204176,0
92376754,0
208077126,0
68559189,0
182437256,0
88290027,0
144211145,0
116080641,0
125979805,0
156396563,0
87452019,0
59356622,0
88246364,0
63472859,0
164528001,0
131142723,0
176339835,0
145883954,0
136143247,0
120759308,0
102414753,0
57217711,0
45753899,0
164007597,0
156711255,0
141922788,0
65833727,0
43439063,0
83772295,0
141936418,0
136485110,0
38196428,0
32038999,0
61819453,0
67425013,0
86696165,0
117980807,0
125471313,0
176186214,0
103893566,0
120057470,0
56479711,0
38152784,0
208535302,0
153164958,0
58729024,0
74772164,0
40941569,0
185157043,0
152778307,0
136746072,0
143159696,0
57053836,0
64979770,0
147338378,0
81957709,0
129244216,0
99803690,0
82859288,0
33995450,0
123789967,0
79591906,0
57211088,0
100416159,0
109228886,0
211673294,0
44626830,0
89211296,0
43523122,0
195823164,0
123936501,0
85745505,0
91695791,0
179471825,0
145564337,0
31295285,0
130804669,0
61460713,0
126653929,0
165389519,0
75188799,0
139950348,0
139644588,0
77417099,0
82212977,0
39761944,0
146848550,0
44894247,0
185915038,0
196246066,0
45016896,0
43075289,0
93911961,0
150622400,0
156103416,0
97773019,0
207224086,0
72230780,0
150804445,0
90654943,0
37585499,0
42863546,0
175684256,0
97755264,0
166570387,0
39458849,0
61602144,0
100779469,0
126650000,0
101041901,0
125724508,0
125044403,0
79416849,0
36310228,0
120133249,0
139809884,0
95960634,0
95845219,0
59676318,0
37649277,0
97510320,0
104017301,0
129477109,0
77613642,0
95738420,0
38514604,0
45298378,0
106579608,0
129090724,0
35249285,0
141421590,0
113018380,0
66137652,0
153899800,0
151291915,0
66577353,0
75224527,0
33026166,0
132495678,0
70740233,0
79664546,0
78496074,0
93091817,0
96057228,0
66714895,0
40638296,0
43451321,0
37314806,0
38922100,0
145232155,0
142685955,0
149820446,0
125025207,0
106580901,0
76511316,0
61274473,0
164531969,0
69728579,0
182605790,0
112227785,0
74488630,0
60594675,0
101298639,0
102820670,0
95677495,0
162599964,0
120383483,0
104110835,0
113755580,0
35759701,0
42405350,0
59931901,0
86685773,0
165873041,0
97369925,0
45087316,0
151174210,0
36809857,0
76415315,0
76664423,0
169501107,0
72263330,0
61134631,0
55866029,0
151856130,0
192610410,0
85952155,0
90865362,0
61147452,0
45475349,0
36893196,0
45250984,0
43334692,0
36382799,0
69520646,0
86123807,0
40906285,0
80618226,0
77549737,0
94674497,0
42132288,0
176154257,0
145557823,0
140322481,0
39761145,0
87213500,0
181070829,0
122772499,0
120132449,0
128172732,0
55956267,0
115838668,0
66037653,0
191228804,0
98528676,0
34013837,0
73959777,0
97223361,0
36391040,0
112653540,0
66902438,0
68652210,0
119610752,0
89772264,0
75412780,0
110969243,0
62152799,0
184702084,0
85501933,0
137194054,0
35222440,0
129501023,0
124015991,0
132186088,0
74038793,0
55897266,0
82739007,0
116134411,0
167149230,0
88844877,0
151007561,0
36212894,0
44986360,0
194606162,0
94003551,0
84305964,0
63144082,0
99871623,0
32069308,0
152426682,0
75951157,0
59080914,0
119632643,0
111809195,0
204183044,0
104569702,0
114647160,0
96503887,0
95471507,0
65035918,0
83813846,0
65071596,0
113487679,0
128333913,0
105060853,0
176894980,0
44039746,0
91635971,0
109190177,0
89010657,0
179833921,0
107647400,0
130841167,0
90269752,0
107705749,0
66093801,0
160909113,0
44806388,0
76107640,0
112106053,0
44092914,0
59406888,0
121435652,0
117469749,0
174697059,0
57910587,0
159308570,0
41342226,0
37565720,0
110167179,0
67731909,0
162700032,0
67462054,0
34532485,0
60013187,0
113130982,0
165611328,0
100761437,0
78216202,0
120582217,0
86957828,0
158771347,0
63303822,0
176547323,0
213634009,0
162185618,0
148047391,0
109687398,0
85908798,0
36288426,0
68391761,0
85761001,0
56119165,0
147310329,0
41580340,0
61024368,0
149834944,0
77493263,0
75437257,0
67392908,0
178028810,0
41899622,0
133966545,0
104360161,0
139155549,0
36775422,0
69652909,0
76755905,0
36476215,0
84735805,0
61298743,0
39171367,0
41674042,0
75164915,0
131464699,0
132856501,0
81435884,0
180951388,0
115485277,0
88800681,0
59295401,0
74204148,0
108088809,0
72536491,0
35592520,0
98015190,0
124765301,0
151302011,0
33185008,0
80206210,0
112599070,0
117719134,0
85235109,0
43059478,0
42475375,0
62915779,0
38271012,0
160917670,0
151765735,0
78611716,0
100201327,0
128060683,0
126658794,0
84982881,0
43665432,0
153621181,0
73655388,0
58542518,0
35117388,0
135507871,0
135351547,0
66314061,0
119264260,0
89113231,0
89295592,0
107815045,0
66081681,0
33883055,0
34709931,0
157317525,0
95857961,0
100239118,0
137211898,0
86911283,0
89452114,0
144724700,0
99177395,0
73825856,0
81384058,0
42156300,0
33364625,0
139835673,0
175304898,0
143145642,0
78614322,0
109880102,0
34915761,0
120346038,0
72447625,0
37932041,0
177601160,0
67226407,0
125074762,0
56528793,0
147139979,0
98627895,0
78553673,0
161161933,0
159334576,0
92702994,0
96692673,0
125588821,0
73115087,0
102886669,0
39583679,0
44860907,0
159319347,0
72290679,0
95517953,0
163030220,0
96053626,0
113690480,0
72879282,0
42402379,0
127923693,0
161642494,0
149606749,0
65070521,0
194963718,0
113477277,0
112038249,0
83509981,0
38900653,0
146642986,0
144901563,0
92901570,0
110681159,0
42903064,0
35531595,0
139417449,0
63622354,0
134679269,0
127257929,0
113840804,0
137086090,0
64176877,0
64482480,0
163070734,0
123785289,0
112840480,0
59121558,0
180005277,0
44155823,0
31728294,0
44884545,0
62683507,0
100386885,0
77985450,0
86976640,0
91578698,0
194236477,0
94568833,0
100973998,0
67497575,0
146050000,0
175955473,0
179566129,0
127726893,0
123104700,0
181160959,0
178699608,0
115778148,0
160834183,0
64182454,0
82098144,0
173455009,0
104408384,0
163789261,0
36274194,0
92197423,0
105144617,0
82425153,0
60025051,0
43639465,0
200325144,0
90273956,0
85106656,0
102811847,0
75911718,0
37643266,0
78139100,0
112521386,0
35513672,0
41931273,0
35691739,0
32097614,0
108539988,0
31598252,0
124732968,0
47524763,0
66289367,0
107539170,0
151076234,0
108004769,0
173338518,0
194653063,0
95123781,0
211727498,0
78831137,0
121607185,0
116289186,0
74039296,0
59796994,0
115178658,0
40641405,0
81748316,0
67796160,0
131746111,0
86400817,0
124431007,0
33632397,0
113674235,0
121153904,0
94292632,0
97686670,0
123040420,0
36781353,0
135410300,0
40928670,0
112357590,0
90293399,0
69045652,0
75779051,0
123807564,0
212248474,0
123493060,0
110181569,0
114037515,0
93165553,0
145030766,0
118212565,0
126174670,0
154853499,0
86569301,0
95233955,0
62721160,0
92892569,0
116159243,0
31906578,0
115638463,0
99253055,0
124705313,0
164326612,0
126688216,0
173971199,0
40975600,0
207999817,0
143552102,0
96061709,0
63324005,0
66994254,0
124992933,0
112942502,0
203898740,0
67927218,0
92409867,0
150060218,0
86993842,0
42811681,0
198687540,0
40417237,0
39432793,0
81098363,0
111423728,0
32269948,0
115141835,0
90770002,0
79593317,0
118583691,0
76521512,0
82409036,0
133901751,0
131985045,0
112483526,0
82739915,0
164534130,0
34284462,0
198741576,0
147902160,0
213430271,0
84255817,0
185776854,0
71148736,0
62083919,0
175415941,0
40606457,0
109083447,0
85265625,0
180220149,0
119310321,0
81424306,0
174235369,0
61687585,0
144876445,0
117256615,0
142861842,0
72130012,0
70625686,0
74079702,0
63082615,0
173463023,0
35016481,0
36666451,0
130328382,0
147227276,0
43955657,0
84979723,0
66331047,0
88982360,0
94620619,0
86343663,0
78532690,0
102031477,0
211565103,0
91136559,0
90833602,0
94435662,0
77987849,0
91563351,0
153053136,0
66667107,0
66290177,0
141128552,0
192577406,0
210587687,0
148275685,0
192958156,0
102804307,0
104095577,0
92029660,0
126134225,0
33577749,0
96929642,0
125356964,0
161951117,0
113757899,0
180239424,0
179780685,0
133006361,0
165645971,0
98874003,0
83967378,0
39664748,0
62117693,0
72376199,0
151045017,0
213223374,0
89791905,0
43626812,0
194636581,0
109939932,0
85967769,0
132013755,0
92844958,0
122760488,0
76438242,0
117907663,0
123227084,0
128926760,0
41642726,0
154876190,0
122193331,0
65008194,0
41533548,0
98806475,0
102781123,0
72968010,0
108214685,0
121464718,0
36482956,0
208412465,0
205606705,0
125037633,0
116117060,0
41450101,0
115704837,0
135514218,0
162597990,0
177185324,0
84872934,0
129311083,0
31333352,0
133643582,0
39833509,0
136905782,0
141039498,0
160029327,0
149506227,0
76833658,0
114049447,0
160661988,0
107710595,0
111348887,0
79490654,0
132170475,0
37639496,0
136780142,0
214109902,0
129946251,0
115796249,0
35030288,0
39861568,0
76105567,0
137482513,0
35993641,0
61070400,0
164788786,0
194253916,0
139944821,0
138652021,0
89554126,0
42687966,0
36914731,0
32721383,0
125793151,0
33305575,0
76336762,0
127253112,0
183608117,0
135162366,0
103122088,0
51943187,0
33228592,0
95527309,0
141939577,0
107435905,0
199382084,0
208362219,0
104638494,0
43010860,0
106442677,0
161794910,0
37330172,0
111418418,0
192468179,0
137346391,0
38128475,0
137893947,0
35055426,0
72402265,0
208492093,0
175460295,0
81658937,0
86644458,0
81331364,0
160544787,0
39540924,0
204448171,0
102537966,0
133960693,0
138669431,0
129161301,0
113992549,0
133006460,0
194561611,0
127389175,0
135937229,0
78824712,0
121300428,0
63192779,0
146799991,0
59546345,0
68254011,0
113064816,0
114786381,0
64234239,0
56996977,0
113249861,0
76935956,0
55819672,0
157389820,0
62584535,0
43005560,0
90458034,0
80677296,0
99769848,0
180636458,0
106453800,0
101829200,0
106278240,0
67972539,0
39618766,0
44599965,0
93054174,0
201216211,0
119862526,0
129165407,0
142411196,0
78339591,0
86881092,0
102142273,0
40350390,0
72286889,0
110657087,0
74685617,0
115240205,0
113372314,0
42497463,0
129318850,0
74697974,0
166707348,0
111743849,0
137151990,0
88876845,0
84800491,0
108750743,0
38839837,0
135075563,0
127364017,0
77928108,0
32615788,0
156927577,0
38899163,0
56322548,0
164445481,0
125640340,0
38892916,0
127785390,0
97975149,0
68015482,0
73649279,0
45512755,0
106969339,0
87011460,0
62642223,0
44099793,0
62386205,0
66865427,0
63481919,0
31605249,0
195192841,0
93246908,0
77658046,0
98340660,0
78936021,0
94074977,0
159772086,0
34439533,0
56481320,0
141181660,0
36440734,0
97225177,0
74408252,0
179945399,0
87133428,0
103579633,0
109575862,0
39027646,0
89714122,0
42800420,0
130146515,0
69842484,0
59385609,0
117370263,0
79803530,0
200150511,0
59339360,0
71960610,0
74212834,0
132590130,0
193938020,0
106131350,0
59621867,0
87596204,0
42121540,0
127810538,0
77759584,0
147543034,0
73223919,0
166238423,0
128492152,0
161069041,0
180446143,0
126872274,0
63158235,0
112085663,0
111789199,0
109392514,0
108786530,0
75299724,0
86559373,0
109652479,0
119210530,0
86922979,0
178345664,0
61967093,0
31154554,0
134066051,0
185657501,0
91848266,0
80341641,0
77828612,0
133537711,0
140455405,0
107033067,0
133395135,0
125327967,0
100089810,0
91948196,0
76675389,0
145299535,0
139535351,0
66742283,0
122128202,0
56561066,0
97069178,0
143866261,0
117450809,0
145050545,0
83146079,0
77874328,0
107964343,0
58171588,0
117250910,0
122974688,0
116226337,0
32246132,0
74398698,0
145554299,0
121476936,0
93981660,0
84409437,0
123062498,0
35537991,0
32729299,0
74381949,0
87174397,0
117119615,0
203551794,0
145316639,0
122817159,0
33161321,0
55757839,0
115767301,0
32354116,0
62699200,0
82490895,0
138886888,0
209896242,0
150222523,0
77557011,0
45463091,0
211667796,0
192917414,0
214233124,0
146633027,0
37954228,0
86282353,0
142118394,0
95353160,0
72411394,0
74726023,0
133197427,0
56081759,0
57719077,0
104604493,0
179372853,0
109277819,0
145511880,0
204767976,0
109602046,0
154594669,0
64245155,0
65797970,0
99656722,0
77547131,0
39005666,0
118567476,0
34150245,0
41036179,0
58666036,0
40496460,0
43255468,0
122322337,0
36791184,0
75416343,0
152323841,0
179013698,0
39380050,0
87607653,0
151638456,0
85268882,0
148330372,0
73981105,0
35069056,0
177014166,0
77882954,0
78991577,0
196448196,0
80192994,0
94007104,0
120780221,0
154063023,0
55800880,0
81349011,0
138789594,0
77665231,0
129341461,0
83072580,0
103288371,0
59932148,0
44523604,0
185608666,0
56894925,0
133723250,0
126242771,0
177612234,0
125254892,0
40883714,0
127470401,0
80459069,0
123757042,0
156821804,0
116037807,0
111669738,0
195288715,0
87938768,0
148325664,0
81920570,0
93744148,0
199063631,0
62954349,0
136396728,0
81807237,0
208186777,0
163108703,0
60332686,0
31774720,0
74901465,0
123374999,0
155563213,0
31811712,0
134019831,0
134122524,0
174811704,0
138772184,0
117560539,0
87543560,0
82360448,0
106716401,0
43512364,0
63922577,0
121511460,0
112366167,0
188252417,0
72310152,0
111352134,0
152800306,0
213909154,0
120675317,0
60364417,0
140562263,0
106154465,0
113207027,0
78627004,0
185108327,0
171503551,0
75881438,0
57592025,0
179739499,0
150770128,0
57151417,0
56272075,0
130300984,0
84658447,0
98999120,0
119430790,0
114292763,0
89069292,0
134510686,0
115210744,0
68880908,0
80371990,0
94366585,0
59369709,0
213358608,0
123132631,0
115023883,0
74405459,0
63921087,0
60600528,0
93926075,0
86374446,0
105062748,0
108081959,0
180471745,0
78378369,0
163098734,0
111914869,0
93760522,0
131605844,0
103865980,0
121285140,0
143274677,0
89378349,0
39286496,0
86920344,0
138162469,0
34065949,0
34759141,0
151650655,0
37510026,0
34260558,0
155321822,0
101777364,0
33144848,0
56067132,0
144234605,0
188852588,0
112986767,0
59422294,0
124662854,0
39089775,0
175188328,0
36655852,0
101373964,0
76012171,0
152839784,0
44765833,0
65193614,0
151307913,0
119332301,0
59857415,0
89856748,0
56593705,0
104101864,0
89249985,0
77638899,0
110999986,0
40177425,0
56768358,0
93332458,0
62316931,0
31887935,0
175630566,0
35338101,0
107762056,0
98824892,0
63923860,0
34844848,0
95879960,0
94310427,0
125330888,0
165382896,0
92091681,0
76969690,0
66122374,0
83386048,0
76694042,0
123187990,0
113137259,0
42678008,0
40493904,0
139917581,0
45118247,0
61677222,0
64165103,0
92340019,0
63831441,0
68467026,0
198866989,0
31579756,0
57539036,0
122393191,0
33848768,0
146522093,0
88484015,0
42117760,0
157397735,0
32912627,0
149705741,0
118281514,0
34875780,0
32156793,0
56441743,0
36003510,0
116778630,0
42752809,0
84953322,0
66178561,0
80431266,0
64055304,0
103235273,0
59484147,0
137830051,0
148115442,0
57196738,0
64550501,0
156573742,0
162240503,0
125738345,0
149025844,0
137115748,0
44712143,0
79608497,0
172665806,0
130306136,0
175714842,0
78537615,0
198892472,0
130243148,0
63892465,0
75372443,0
147137315,0
164323730,0
43650430,0
195319843,0
39794909,0
99919244,0
156929383,0
37161491,0
192504105,0
130464602,0
121309153,0
185711567,0
82024299,0
151885473,0
44745068,0
86688743,0
126788856,0
44415344,0
32947210,0
173832393,0
159393804,0
59385787,0
134772448,0
96392972,0
115725543,0
152186782,0
175705160,0
90688430,0
75109556,0
33995598,0
88915563,0
32568069,0
111995543,0
155906803,0
162465323,0
164355550,0
76810296,0
38482291,0
116022598,0
103389762,0
144857515,0
160394720,0
90853055,0
42644579,0
87667246,0
156906584,0
100673765,0
109941471,0
89226929,0
115570867,0
136828691,0
34546362,0
191721889,0
120166184,0
199018241,0
134990911,0
117043490,0
180882330,0
117440308,0
180942702,0
72357091,0
141180002,0
111010507,0
115355620,0
32654823,0
60042411,0
120902792,0
173992833,0
132299638,0
86489111,0
34620325,0
111033365,0
90479046,0
150944890,0
81781300,0
43975416,0
43635349,0
189523257,0
119764678,0
73625503,0
40796782,0
106193134,0
78676401,0
82828751,0
96462533,0
80113811,0
59700666,0
34361780,0
102555356,0
77033122,0
40619978,0
39568658,0
75758828,0
86554388,0
59448153,0
78658725,0
113042915,0
94331755,0
157927852,0
106824660,0
79425317,0
94808210,0
75835179,0
80429312,0
146438724,0
93662527,0
97878604,0
68493408,0
108270962,0
150178357,0
110873448,0
32854317,0
116286265,0
63921590,0
112079790,0
120500132,0
93973202,0
178843773,0
85890075,0
121588640,0
142309065,0
82274089,0
199095263,0
112372483,0
111458923,0
146057580,0
33874064,0
67098260,0
77421876,0
37549633,0
56798263,0
111567489,0
62174848,0
80262289,0
38122465,0
68783239,0
115516613,0
112582745,0
116352016,0
33382509,0
111826339,0
45627401,0
108445654,0
135889726,0
159532077,0
66734092,0
164004883,0
40981107,0
147542768,0
83725730,0
60344323,0
62425546,0
178724459,0
68301286,0
139706480,0
130438024,0
31482136,0
32842730,0
45187157,0
144046658,0
111839722,0
144120196,0
57815878,0
132985043,0
135975947,0
89499370,0
62146710,0
198591913,0
86622982,0
98641278,0
155739385,0
174774950,0
106359131,0
139744626,0
143354443,0
56358325,0
116814831,0
72064418,0
32325987,0
81380880,0
178866730,0
194609202,0
40325331,0
118000141,0
131069737,0
55897316,0
90747588,0
68377381,0
121825955,0
42059470,0
155487444,0
115581151,0
159330530,0
176062509,0
130195291,0
61773125,0
151405780,0
59764375,0
124769416,0
196066972,0
97148550,0
161650893,0
214034971,0
74406475,0
111678788,0
164083760,0
78122934,0
75521405,0
144551182,0
103698049,0
120692441,0
64333340,0
39710968,0
147497693,0
84256735,0
84455518,0
78735333,0
143134450,0
115730142,0
194091719,0
98986527,0
175185515,0
149504371,0
79140835,0
92537451,0
94863361,0
57900411,0
90663124,0
126527331,0
90123020,0
139591420,0
83693930,0
34152071,0
78154635,0
43474021,0
75298668,0
102921873,0
72510485,0
56141075,0
143486982,0
105928362,0
43469777,0
156894761,0
31505714,0
155586367,0
121501946,0
88445355,0
93366587,0
42922942,0
185652773,0
87459036,0
111790157,0
181069290,0
42615977,0
43650124,0
142975135,0
80025093,0
87456174,0
138691667,0
36779528,0
42052225,0
128961738,0
144687334,0
89577754,0
78214958,0
66805261,0
56785254,0
60955133,0
131439137,0
110124335,0
146467553,0
34284531,0
57119222,0
64035801,0
137775334,0
143232939,0
58255490,0
77625141,0
105239187,0
64911432,0
107047852,0
74350584,0
60933044,0
125349404,0
96287150,0
62703651,0
146440708,0
66766286,0
80511862,0
59804949,0
35644000,0
192738666,0
141579375,0
157145103,0
95439983,0
174103126,0
56326249,0
128996726,0
143389925,0
83608104,0
39194176,0
84776221,0
88947017,0
92746085,0
70730985,0
110421243,0
33973125,0
148067999,0
102807504,0
41482828,0
121800827,0
37213721,0
41562288,0
196459615,0
66640054,0
126182803,0
67409212,0
162406885,0
57671466,0
184050808,0
204109278,0
71709320,0
83242149,0
124429596,0
71005370,0
71240869,0
173128878,0
74123129,0
114199011,0
109600220,0
161367823,0
143644136,0
72116085,0
89167909,0
130669851,0
65817117,0
66918722,0
39629553,0
140018073,0
194251775,0
38972129,0
114735385,0
177552957,0
62683221,0
125139606,0
125518658,0
122133295,0
109412392,0
107128170,0
73899622,0
75814779,0
140473319,0
58415822,0
165665868,0
152756485,0
43676338,0
93798342,0
174221058,0
57912896,0
150341679,0
58792367,0
72757511,0
174601640,0
72344814,0
99266675,0
140215475,0
119491034,0
122410769,0
39557259,0
161628677,0
118252625,0
85161185,0
103100849,0
81454804,0
42909785,0
127006224,0
178955487,0
185324609,0
63918185,0
84974887,0
78247064,0
124417042,0
94403290,0
117322287,0
126373513,0
110957014,0
33568708,0
89410632,0
60025090,0
82575764,0
57149542,0
41598569,0
212353684,0
116390241,0
75301036,0
135124980,0
155026849,0
114994817,0
185720785,0
64867009,0
78129389,0
163800858,0
106207336,0
134424011,0
115474144,0
45166993,0
127833228,0
34935116,0
113972277,0
42698290,0
117049767,0
115336345,0
41224600,0
74803658,0
74348847,0
176147535,0
112646246,0
131013945,0
32280172,0
128800370,0
110657343,0
127192493,0
35627913,0
155140744,0
139125289,0
41028234,0
36461272,0
75034300,0
33853831,0
178759891,0
37299063,0
61230564,0
115439838,0
163033496,0
44679889,0
131512379,0
44537786,0
146006929,0
78502006,0
102349752,0
156052005,0
138867731,0
144112054,0
36381279,0
129305487,0
166312337,0
137105741,0
150944741,0
32211687,0
31541186,0
112759845,0
193822022,0
149829614,0
91298105,0
33236823,0
84622394,0
119931248,0
145887250,0
64400335,0
75284544,0
129476319,0
99271245,0
127392955,0
194072493,0
73869332,0
129390681,0
194352139,0
74022232,0
32349881,0
56048173,0
136125501,0
181023288,0
93629819,0
214247829,0
180653947,0
97639415,0
97420013,0
137485069,0
79297644,0
137607590,0
109543953,0
104931275,0
107222238,0
183192103,0
131870083,0
117871639,0
59389616,0
86139253,0
120383897,0
99832135,0
40043554,0
125706308,0
85943036,0
113027854,0
31622827,0
40035816,0
140632604,0
137883584,0
152217713,0
76309424,0
77166648,0
105538986,0
44368187,0
104864458,0
38804948,0
101348668,0
62190669,0
104571676,0
62711922,0
92945391,0
42174826,0
129189163,0
75322671,0
86297799,0
71612479,0
104920508,0
97638803,0
125649499,0
120378074,0
194775643,0
153076586,0
129627907,0
84561942,0
140312928,0
144273837,0
134933855,0
33519104,0
81333931,0
80378020,0
144062617,0
63794835,0
85408754,0
61483225,0
133640651,0
91766141,0
69403780,0
42106844,0
37563993,0
60327416,0
126444525,0
74547749,0
37463738,0
155648753,0
192448933,0
157338409,0
93890445,0
155009558,0
106771947,0
135927813,0
60625616,0
173470484,0
79498145,0
81559372,0
104409953,0
31721346,0
66857047,0
70985483,0
63913132,0
145183745,0
55957737,0
82022266,0
35369516,0
115972214,0
162952092,0
164154841,0
195199020,0
124597212,0
117250486,0
51757885,0
120556991,0
66318483,0
56425803,0
65741338,0
157118238,0
113689305,0
150976235,0
62604255,0
123185809,0
34356786,0
162375993,0
108337819,0
174398671,0
114353609,0
89801528,0
115822462,0
183358071,0
42859964,0
89843631,0
159382789,0
159866488,0
115719394,0
146677914,0
32187526,0
85782447,0
132741540,0
129514219,0
136852931,0
45578339,0
145257491,0
106634670,0
122402310,0
125100976,0
72814449,0
58147507,0
117360778,0
77259205,0
133212577,0
194369726,0
102705374,0
118128565,0
68041676,0
98716623,0
36880533,0
143020081,0
121107843,0
36662296,0
109035659,0
185720706,0
131886161,0
99015751,0
106363730,0
121494455,0
66776847,0
128066141,0
103868388,0
147236800,0
161737025,0
117114660,0
112440179,0
89117051,0
78705507,0
34924052,0
115168838,0
164528722,0
79278102,0
90884618,0
176436083,0
76581854,0
195367405,0
192667289,0
75455071,0
145494361,0
39761086,0
85896421,0
174602666,0
184580826,0
86368445,0
72442740,0
151630482,0
164640238,0
172105173,0
80380517,0
159628631,0
60191719,0
42695645,0
59010357,0
88202198,0
71241984,0
152370475,0
129334779,0
177991523,0
87734744,0
152974277,0
34859258,0
43773218,0
185217336,0
77752498,0
107012163,0
79605822,0
164242237,0
145421346,0
34871210,0
64953734,0
175832399,0
135011835,0
152976044,0
83530628,0
148223524,0
112041891,0
77181196,0
114728654,0
32896539,0
151283417,0
91223106,0
81294985,0
88100126,0
61658460,0
45549243,0
157203521,0
31342451,0
61096939,0
151628577,0
33765183,0
194018694,0
44709291,0
104978926,0
77292614,0
35733172,0
194563891,0
126363150,0
142237096,0
111631513,0
166098038,0
115932834,0
86582102,0
79546042,0
198749008,0
73849938,0
34564729,0
144865954,0
35998842,0
77160943,0
179723767,0
77733479,0
53959518,0
95508054,0
191584277,0
164576185,0
146733056,0
66120400,0
194402967,0
161275266,0
139886186,0
79093145,0
94132882,0
56367533,0
87644575,0
41940679,0
73647631,0
38976659,0
144242096,0
145645277,0
111844449,0
83492462,0
83409972,0
198780284,0
61771862,0
74613905,0
139019062,0
141927486,0
40202740,0
93655914,0
126273751,0
61429110,0
112875872,0
139028695,0
42370382,0
44462995,0
44307519,0
144822271,0
62335426,0
126643783,0
117341750,0
100803659,0
121187007,0
89861910,0
37586506,0
154255915,0
140313757,0
61831030,0
131880476,0
127910872,0
41750423,0
87686620,0
63512880,0
60072968,0
39644595,0
90955946,0
118222109,0
178398713,0
138759679,0
152815357,0
81886224,0
103357883,0
113184831,0
101925063,0
31965391,0
111946156,0
44646599,0
119944739,0
178237345,0
75539358,0
85320352,0
120634191,0
99845883,0
103975167,0
39823156,0
81768341,0
111837452,0
144306554,0
104444852,0
160852304,0
180849790,0
84344199,0
44914657,0
67519100,0
105821553,0
78493893,0
112675510,0
92374968,0
195223782,0
141731111,0
185664528,0
40282684,0
126437261,0
128069802,0
71978178,0
208152046,0
85271676,0
88064458,0
63888872,0
96194199,0
208405487,0
106853815,0
178916917,0
137791165,0
113976856,0
95873081,0
175586952,0
111232712,0
108168328,0
67199799,0
195324472,0
207311126,0
61937138,0
43287041,0
67287244,0
88869373,0
93319578,0
113086638,0
88035362,0
60128632,0
58783672,0
110858525,0
42980096,0
31593505,0
196146294,0
115725563,0
101795673,0
100832824,0
134669024,0
79876002,0
63888122,0
85425266,0
110097204,0
42622136,0
99697632,0
44046793,0
185527084,0
118755452,0
103879847,0
121327767,0
132024128,0
36822411,0
163779214,0
85620063,0
80734865,0
31990263,0
121480815,0
43087152,0
124510408,0
116197201,0
90486547,0
76579565,0
98795708,0
145604753,0
126047382,0
176246241,0
60444696,0
112160297,0
74746947,0
102454232,0
82347983,0
74168144,0
35344665,0
85354482,0
109864123,0
79207633,0
212201801,0
173732424,0
195372261,0
37831015,0
103517080,0
85798900,0
185325645,0
156013563,0
66421363,0
194177348,0
58752405,0
102493493,0
152042380,0
65312948,0
42942641,0
76065901,0
31582431,0
61028444,0
83882144,0
120160864,0
134072624,0
79321104,0
96604162,0
66759160,0
59952430,0
43595496,0
76849015,0
93251596,0
66887909,0
112332689,0
62875886,0
63078509,0
82928296,0
116046463,0
43578333,0
94539550,0
145672705,0
142959847,0
138336451,0
39624125,0
95752879,0
65705018,0
87799834,0
85775391,0
79223632,0
145849094,0
156241304,0
144714909,0
78866855,0
194657326,0
41867476,0
58275308,0
190568754,0
98948637,0
88295051,0
61406025,0
32731174,0
133478730,0
142450477,0
162218089,0
112320914,0
142658646,0
82416606,0
174614796,0
61234077,0
78780911,0
38026404,0
154983492,0
138003717,0
87812921,0
91631609,0
102440168,0
80682606,0
205602155,0
119051955,0
34058872,0
194854768,0
40240107,0
144495153,0
67129192,0
79222832,0
136594219,0
37271715,0
90058601,0
117731846,0
79821641,0
117928804,0
136401021,0
140890645,0
113209228,0
38748109,0
173625338,0
105722304,0
152367751,0
81749905,0
161391500,0
162371562,0
100618505,0
96883245,0
91885534,0
92858361,0
79133996,0
128497768,0
103832137,0
101096678,0
121484319,0
38388401,0
39598148,0
139908333,0
44333752,0
73424094,0
114061409,0
162976480,0
107020009,0
65575450,0
32994534,0
112650905,0
62676865,0
114212710,0
70196013,0
84185052,0
114318552,0
136034691,0
98721567,0
63454087,0
102137082,0
146897266,0
34352918,0
102894199,0
66900770,0
82594506,0
90279345,0
151432991,0
40406824,0
75638231,0
72395504,0
131790584,0
212491592,0
118388579,0
74920810,0
84613037,0
155522698,0
31888093,0
84433016,0
83952899,0
41730762,0
91754801,0
63098001,0
44819613,0
124455928,0
151396799,0
84304296,0
77760532,0
125400173,0
152877644,0
195318225,0
146146851,0
105923299,0
44975296,0
134955420,0
35962087,0
92285895,0
129560251,0
175191319,0
103106238,0
120250569,0
178585634,0
161251697,0
81971921,0
166394254,0
84554195,0
88005240,0
152334480,0
160004910,0
116716510,0
32784411,0
64308893,0
40129469,0
99080683,0
32137300,0
105896829,0
90485985,0
44372777,0
80110080,0
116928302,0
109086162,0
133898248,0
194759457,0
74697273,0
35322044,0
77948656,0
41886396,0
98122561,0
124047179,0
141297411,0
33835898,0
105049247,0
160683109,0
120356855,0
139598773,0
117530013,0
113803694,0
62511214,0
56035224,0
174615684,0
32499248,0
100739891,0
68500553,0
137082103,0
34487184,0
195270160,0
56107015,0
38825447,0
133673300,0
35222509,0
34699617,0
59153417,0
194378865,0
189437224,0
84624674,0
115871317,0
42919132,0
56422754,0
73724259,0
137236641,0
63932861,0
113221545,0
98857195,0
99137423,0
109442494,0
127169556,0
149118184,0
66622259,0
44120954,0
110086495,0
129403778,0
179835570,0
37062864,0
177136292,0
153743672,0
42808681,0
119547784,0
98732246,0
91573980,0
154064908,0
199559796,0
141194678,0
150156989,0
96247277,0
145885375,0
61626917,0
82831929,0
166468020,0
32694982,0
31588550,0
63906450,0
34882175,0
143698745,0
147234994,0
82317970,0
198641409,0
59488746,0
112043095,0
31863626,0
32955579,0
123659501,0
62033940,0
147870291,0
41055326,0
178384294,0
207076466,0
72405413,0
148108247,0
116637692,0
40689736,0
115831019,0
44203819,0
93981887,0
35630597,0
85377004,0
184694642,0
142478358,0
98723314,0
176419048,0
64041634,0
119358396,0
75827461,0
86168349,0
41047855,0
65634095,0
78051537,0
76177161,0
173531863,0
135453737,0
102656746,0
59170915,0
118637767,0
180800866,0
56206955,0
173387362,0
62285851,0
83812237,0
32518642,0
84009343,0
148116656,0
125420100,0
65947109,0
94080692,0
97568353,0
83984837,0
33035266,0
122544857,0
94538444,0
35218324,0
42806589,0
121460987,0
41552863,0
161486732,0
102823602,0
33086973,0
35259796,0
144908610,0
110699575,0
44770058,0
57054695,0
116704825,0
60245656,0
130743488,0
66012120,0
39946180,0
81277240,0
76342615,0
89726963,0
34600457,0
128540859,0
177695454,0
78393045,0
84772550,0
133731846,0
146823027,0
161349061,0
144955481,0
135772554,0
159507018,0
121743633,0
108955409,0
212414787,0
177140802,0
41813815,0
115036951,0
131606131,0
77091422,0
130549353,0
86089609,0
33736936,0
123657941,0
140533651,0
37662393,0
31505043,0
180561301,0
65937180,0
81156722,0
137196383,0
126617095,0
41273050,0
37423618,0
128623142,0
45565962,0
164606840,0
84516177,0
38202310,0
185160389,0
129024301,0
66002951,0
128704536,0
61505541,0
71930014,0
145817156,0
39980388,0
130823392,0
31416908,0
84155631,0
82734111,0
71521916,0
44994571,0
31434604,0
85606788,0
144223206,0
120553092,0
206910075,0
135509332,0
130861686,0
93627717,0
76483188,0
157512667,0
62288802,0
85274143,0
56537863,0
184939428,0
78707145,0
109743142,0
62267277,0
36032803,0
160673082,0
81189114,0
45583412,0
162606666,0
122863793,0
39218070,0
153649467,0
76114864,0
147224740,0
105421124,0
77148449,0
102769487,0
107173304,0
122903321,0
56254289,0
35033496,0
112805591,0
37736988,0
94519682,0
80135543,0
34037120,0
164236927,0
87188323,0
66982450,0
37402961,0
67059039,0
37234812,0
101392795,0
36146274,0
82379201,0
104503596,0
137106520,0
116629145,0
89024050,0
34400519,0
166362790,0
76700211,0
127813064,0
58637069,0
87909663,0
58449566,0
93908586,0
90342500,0
84715908,0
161546473,0
110761221,0
94158366,0
162904935,0
113472905,0
137537585,0
121339838,0
59809163,0
134081171,0
69957356,0
94628475,0
68870121,0
138144339,0
82175472,0
88887129,0
190179369,0
75972969,0
61873687,0
89947509,0
31313869,0
77191105,0
62624922,0
111176356,0
86202636,0
195423267,0
44675576,0
82369795,0
83701639,0
113197237,0
63233531,0
136288212,0
76265346,0
120617995,0
123904642,0
90515337,0
125310320,0
175451235,0
125182045,0
108058637,0
32191277,0
58394878,0
126200035,0
84440467,0
131398800,0
115154902,0
84676380,0
151569961,0
65317034,0
134346545,0
138187893,0
182570674,0
106154504,0
142608884,0
154471082,0
57580675,0
72939615,0
144461853,0
88749517,0
32314371,0
38146103,0
123857465,0
101788300,0
61268127,0
122300772,0
36355816,0
178069404,0
61388300,0
78080090,0
136286297,0
134281089,0
79713618,0
40972589,0
37495439,0
166310402,0
34747534,0
62901922,0
31583714,0
184800385,0
74462140,0
81468058,0
71901589,0
125312018,0
58029061,0
101924155,0
41029024,0
175410760,0
84908050,0
135083528,0
147559734,0
84823951,0
79214167,0
114724222,0
41814763,0
75390603,0
63915353,0
120440480,0
87570277,0
122667418,0
121830505,0
75322295,0
61571252,0
41251810,0
94566671,0
97681883,0
81006872,0
70495852,0
138001762,0
36607944,0
100122104,0
61009208,0
117530851,0
105510414,0
67444111,0
91817325,0
75669804,0
59573970,0
35989258,0
74870692,0
95515525,0
165570735,0
45304467,0
33416904,0
154029822,0
86837903,0
110400665,0
44825100,0
127547710,0
141686500,0
56903147,0
175504590,0
137861762,0
56121020,0
38845305,0
154476402,0
58050232,0
195487025,0
77536314,0
73885429,0
135038828,0
75251945,0
141407753,0
63878075,0
115612802,0
77053562,0
87111962,0
99970220,0
84174620,0
75715037,0
91376835,0
127381999,0
178988402,0
115029341,0
147440331,0
106616668,0
43740747,0
34287265,0
77553556,0
127722520,0
177641201,0
81425629,0
87235845,0
81914609,0
104308316,0
81172602,0
81016721,0
77085885,0
88701866,0
71703951,0
133961443,0
180000471,0
204282618,0
108689443,0
112292628,0
130175344,0
77960125,0
163848301,0
161364685,0
31180284,0
78415577,0
65562135,0
42449970,0
152995152,0
63969606,0
85848593,0
159018048,0
86465296,0
121397091,0
72356529,0
64965498,0
81171398,0
83835747,0
33546985,0
81552700,0
90193154,0
204918537,0
140237307,0
125663129,0
100809857,0
81691644,0
40034089,0
83955514,0
62225311,0
105935172,0
134519628,0
127760834,0
39368226,0
91822142,0
91507084,0
153788510,0
78164307,0
60841948,0
59141099,0
86202103,0
71940999,0
90330687,0
67401109,0
85239540,0
56348100,0
149657350,0
34753999,0
211700840,0
67315727,0
141084632,0
60065348,0
174548442,0
58680564,0
155827037,0
108832049,0
59102598,0
164996551,0
123328405,0
42211837,0
42380765,0
40386197,0
99640112,0
192188751,0
67878305,0
122347416,0
125449738,0
139160039,0
32670920,0
43077411,0
194454486,0
33822515,0
34158358,0
135254311,0
160760872,0
86137309,0
73409497,0
92051008,0
121737296,0
174205355,0
192833049,0
88027555,0
176953122,0
101215833,0
137626421,0
36754212,0
114055665,0
161688003,0
208589960,0
119869365,0
32917571,0
135413281,0
33497272,0
150930470,0
140518087,0
155962665,0
60716071,0
130036637,0
94664134,0
65846804,0
88000009,0
90017544,0
110697651,0
140640105,0
141048647,0
118883175,0
140282470,0
184722119,0
97557556,0
59462039,0
92143930,0
37920770,0
63351976,0
138746355,0
78213507,0
213164759,0
173716484,0
200342416,0
127852878,0
34785581,0
71238520,0
93404989,0
57080523,0
185315667,0
84999906,0
166566943,0
149317856,0
128569254,0
42004022,0
96902007,0
174517353,0
77491032,0
214013564,0
75992116,0
146797652,0
194573178,0
65272324,0
42734985,0
175926891,0
139809726,0
38289014,0
103002084,0
41122913,0
42565859,0
179621152,0
166078477,0
135240356,0
76244738,0
44848403,0
185356784,0
109449511,0
44457260,0
212913429,0
45355503,0
166110257,0
159132555,0
62502775,0
104899120,0
147896119,0
50488408,0
101023544,0
86532517,0
39980556,0
34728446,0
155317509,0
33240939,0
85949480,0
135211665,0
41260318,0
90552328,0
137849198,0
95190983,0
89287233,0
74922567,0
34824576,0
156096241,0
108986212,0
87607998,0
116209835,0
33812804,0
194945578,0
87176450,0
145723119,0
213238001,0
164426226,0
150303345,0
44925830,0
95930009,0
80409385,0
179656111,0
45417237,0
131889803,0
174937591,0
34077891,0
96163297,0
89729045,0
88515666,0
84080779,0
85873366,0
136018337,0
64502653,0
95440329,0
100656039,0
56125136,0
110555015,0
128595378,0
42873218,0
97685111,0
97451991,0
140421977,0
145789561,0
80295846,0
96622776,0
49343622,0
146110836,0
161501981,0
166989628,0
91451844,0
203991722,0
68223306,0
67641444,0
98717629,0
112595595,0
123108046,0
127812995,0
74774700,0
157159996,0
116618752,0
108241629,0
83141746,0
79828145,0
179113342,0
43840282,0
57144311,0
66485239,0
126018119,0
101612167,0
157888215,0
99955080,0
131121839,0
72264929,0
89173367,0
75302004,0
63260514,0
35981007,0
117537257,0
57828620,0
199938344,0
140273242,0
127790621,0
114197106,0
31147714,0
181382472,0
163206451,0
156929008,0
109504988,0
136416428,0
136264988,0
178244471,0
132194537,0
173439839,0
192360018,0
147604384,0
71664255,0
32414695,0
83877436,0
95810557,0
141212147,0
111090343,0
41463010,0
60545041,0
60464554,0
177463795,0
96003804,0
35382367,0
46645391,0
94454839,0
118982335,0
135751868,0
76500045,0
178336890,0
90175576,0
76250611,0
88065218,0
34611018,0
156241274,0
96761375,0
118504991,0
39525903,0
152413496,0
78770153,0
115557375,0
80898118,0
180146867,0
68461697,0
105680526,0
36275901,0
95477478,0
194903237,0
33971290,0
151128948,0
63429807,0
193984713,0
73952365,0
38871538,0
113769397,0
37491886,0
92005262,0
77575487,0
66565055,0
82978710,0
81731794,0
107339271,0
31393102,0
35705488,0
151357380,0
44856762,0
122827187,0
103955172,0
38508603,0
134300631,0
155240536,0
152105604,0
35344517,0
92142854,0
152893899,0
36352341,0
117280766,0
64815569,0
113167055,0
79039889,0
76241077,0
77906138,0
80117334,0
41557166,0
137540743,0
99001272,0
94726588,0
77603497,0
68075795,0
40444950,0
94025481,0
95004694,0
68631020,0
191808386,0
115070389,0
32611910,0
113117855,0
66351516,0
75330902,0
58743147,0
73228538,0
195062523,0
174036496,0
89908208,0
91748939,0
66100809,0
117149204,0
59163375,0
67276545,0
106298018,0
176266790,0
140412650,0
32802393,0
102258231,0
96116653,0
35931531,0
109805192,0
117625610,0
84372940,0
41390567,0
131960795,0
84301000,0
106207988,0
79837768,0
40725859,0
60195785,0
118249596,0
59664968,0
142217287,0
105653553,0
164449637,0
145799312,0
106997329,0
96349724,0
146390146,0
98759842,0
83078995,0
130860334,0
104267949,0
41774120,0
77630579,0
155699946,0
106229020,0
45666464,0
135006999,0
74859332,0
37291336,0
40161199,0
76643164,0
214313778,0
212774051,0
108838829,0
152147382,0
77837781,0
60635831,0
106111591,0
125813226,0
61400183,0
163562339,0
112798741,0
44389772,0
82567019,0
62644710,0
125883300,0
72505185,0
75335610,0
75148255,0
97759498,0
81277713,0
156049014,0
100783505,0
194745166,0
105876853,0
112530782,0
81149576,0
62254426,0
40494614,0
101174786,0
158084285,0
92244383,0
92601722,0
127855819,0
138658762,0
41128105,0
65472006,0
37108847,0
203687698,0
36776833,0
97270745,0
86790341,0
74737857,0
88902111,0
66704355,0
34076579,0
131727122,0
95326433,0
178368611,0
62945792,0
116701657,0
116358441,0
125379101,0
95369603,0
43964234,0
42118273,0
89170090,0
78303962,0
76657643,0
98833558,0
36610481,0
192348046,0
36223790,0
145662973,0
45246641,0
101333864,0
84167948,0
42282000,0
75142225,0
79905700,0
160714633,0
85187971,0
93732828,0
157593973,0
161526250,0
103801729,0
68824790,0
100791835,0
87603498,0
59075506,0
116738332,0
136717747,0
102531491,0
135091473,0
106826861,0
38967856,0
37899491,0
151891809,0
99656041,0
121557926,0
128668186,0
136197747,0
41302481,0
212230403,0
74975862,0
60160146,0
155866585,0
73391594,0
86628608,0
212865226,0
74731165,0
148043344,0
87300906,0
113965240,0
162806999,0
181164581,0
207011603,0
59219425,0
64865401,0
92663367,0
206981027,0
84974206,0
65451398,0
72436246,0
150559126,0
163799782,0
183323122,0
133522808,0
180587229,0
158355403,0
193490127,0
36561557,0
156286675,0
62553969,0
93930319,0
85624395,0
126763738,0
138740818,0
179295604,0
83841363,0
210467899,0
67468361,0
31146007,0
76709251,0
108661808,0
77093830,0
103961587,0
144833512,0
37553304,0
121483549,0
198685516,0
89254870,0
81620623,0
61724004,0
96611298,0
127358046,0
62917920,0
40789400,0
118299674,0
75340959,0
114034051,0
179651580,0
151062861,0
164581820,0
63917188,0
141006840,0
154567873,0
196179624,0
129465473,0
68885438,0
78061229,0
74991486,0
83124287,0
203783799,0
37669184,0
82290818,0
127351236,0
38447767,0
167213254,0
81806507,0
196470945,0
146916759,0
145127893,0
44012714,0
145139884,0
31903884,0
83947944,0
39806269,0
62212323,0
40290659,0
62281894,0
127222586,0
78783388,0
209892659,0
207001487,0
130574037,0
55831180,0
98788039,0
77559340,0
70572321,0
160080205,0
90012905,0
42552960,0
124768528,0
78699082,0
58693592,0
175249530,0
128071016,0
110982290,0
56807688,0
141582336,0
78608035,0
115311148,0
108071596,0
42855907,0
141572378,0
72068978,0
83631012,0
31890047,0
34316667,0
142420641,0
31395372,0
160026988,0
61712792,0
89125835,0
63802592,0
73194833,0
41100874,0
107845651,0
194150473,0
78708270,0
41061840,0
114452986,0
146300402,0
120344488,0
118877253,0
136792904,0
40504286,0
70873463,0
33676781,0
106088980,0
62561519,0
111460690,0
31370067,0
33493354,0
133354117,0
151638881,0
154570074,0
88014666,0
133511389,0
80560440,0
137107211,0
32491145,0
66701157,0
123455071,0
72317583,0
92863424,0
114665942,0
40187778,0
39103148,0
179391822,0
75922387,0
123864551,0
126063864,0
196113873,0
143138289,0
112113880,0
72342948,0
185896641,0
154275279,0
101960327,0
37826061,0
142381103,0
191011751,0
95606543,0
89349539,0
193681558,0
59780314,0
156184159,0
97915487,0
137530834,0
130781683,0
40883112,0
78711725,0
118421860,0
98702282,0
157243385,0
78082903,0
104233929,0
177794703,0
122410413,0
163800582,0
140821015,0
36850707,0
164108454,0
40130683,0
180128618,0
102519006,0
167070342,0
44036559,0
73614864,0
100848891,0
196501955,0
81624916,0
144286963,0
111157792,0
196678957,0
66976588,0
55916700,0
143675038,0
88685660,0
78237382,0
148124828,0
55926934,0
110168403,0
127140451,0
113061342,0
61711055,0
120285784,0
87028021,0
195976517,0
123653401,0
196649842,0
74588856,0
77844660,0
150405575,0
34254577,0
125225382,0
80089916,0
31443072,0
115613849,0
88219371,0
96560736,0
38327535,0
43716320,0
44616862,0
78604946,0
59027688,0
32365041,0
174623836,0
131584763,0
82773185,0
82755173,0
193869317,0
85733612,0
97311546,0
85018570,0
131932972,0
77276102,0
122704616,0
148604431,0
81187860,0
79138783,0
83678731,0
124031693,0
45066146,0
60781576,0
100441760,0
117043194,0
102221822,0
77645571,0
145136736,0
98309916,0
117199243,0
131127090,0
196488888,0
55767303,0
38999399,0
61769227,0
82469152,0
151127536,0
41566700,0
35683143,0
211650189,0
74258974,0
112021175,0
40331509,0
34731831,0
113335984,0
179555184,0
98592878,0
152324779,0
100964978,0
40384183,0
139993468,0
140761856,0
144812056,0
77521164,0
36428140,0
118927687,0
76378846,0
75109714,0
57741451,0
90891991,0
196484072,0
102811196,0
146005133,0
121086041,0
121686429,0
35734514,0
44023156,0
103121851,0
193591577,0
44033884,0
81630601,0
207133414,0
138879427,0
36781906,0
62725443,0
143750688,0
65908973,0
36472257,0
156527493,0
159544769,0
75244602,0
45508679,0
146194876,0
125172461,0
94114959,0
185588147,0
140987456,0
55965130,0
64869240,0
143088566,0
126928560,0
176129563,0
72525398,0
164768750,0
110998437,0
39976519,0
39757582,0
44527068,0
124599521,0
164090067,0
196562199,0
87847011,0
149788843,0
42702741,0
66718152,0
85288839,0
79026003,0
133870376,0
84309665,0
121372220,0
37498252,0
42583338,0
40701452,0
38373340,0
122894804,0
31534040,0
37938673,0
34583412,0
160360541,0
33682860,0
140568027,0
32352033,0
124131672,0
35287678,0
33519173,0
151913848,0
81132087,0
38484146,0
40276536,0
78601126,0
60926659,0
96556216,0
58025577,0
92651060,0
66871990,0
162045717,0
122531642,0
109925305,0
177958450,0
60135817,0
149307463,0
176468988,0
74779260,0
109775149,0
64418702,0
160886808,0
32637314,0
60909703,0
138569028,0
110594681,0
73100549,0
174223505,0
111134795,0
34766168,0
89285821,0
91778992,0
133149036,0
57692370,0
95712493,0
63566166,0
97807385,0
66627036,0
34219589,0
72638938,0
42084232,0
84612662,0
66886597,0
156121724,0
193713585,0
66443027,0
129825447,0
113448734,0
134241473,0
105131559,0
102102736,0
64377240,0
66770254,0
107041930,0
185804864,0
157400647,0
85798249,0
36736940,0
79946965,0
70256692,0
97419826,0
40238745,0
119982175,0
96355794,0
122678709,0
106412150,0
69348175,0
34431322,0
147465499,0
44997740,0
84613363,0
77331066,0
97756044,0
140296505,0
65948590,0
65183725,0
157343857,0
83640645,0
160877708,0
82585406,0
86636760,0
43645120,0
154931529,0
192415239,0
44247709,0
77684102,0
97453333,0
90301285,0
80214461,0
37908689,0
79550493,0
38320577,0
55919157,0
68927937,0
138985732,0
79149392,0
55594072,0
71926589,0
97104492,0
119641506,0
194570277,0
79931164,0
175893512,0
73670874,0
145588626,0
171776100,0
188605690,0
98962692,0
96700963,0
44991680,0
150349456,0
84478268,0
41879557,0
43863456,0
194551218,0
39854965,0
55727420,0
84206982,0
109886942,0
42976810,0
211005802,0
161681548,0
74743680,0
160766251,0
43185947,0
182931102,0
99004904,0
39452897,0
58136226,0
112205154,0
81037941,0
74179001,0
108921023,0
62642687,0
74706255,0
41545984,0
109186644,0
84053470,0
38501142,0
124750161,0
93733163,0
98739639,0
44777035,0
100286294,0
78978421,0
135052873,0
203859864,0
123313699,0
37392993,0
61682137,0
86853457,0
164183720,0
142642302,0
128949164,0
105737296,0
99152810,0
33116789,0
120041116,0
87818033,0
151896369,0
108214004,0
108261823,0
45367021,0
137581130,0
88741720,0
91687945,0
35655617,0
72005497,0
59748337,0
69198088,0
38630769,0
88986298,0
40083131,0
140412186,0
113137772,0
94644069,0
150553520,0
60432892,0
68679963,0
64201058,0
36282277,0
31227747,0
123103240,0
94234421,0
140016445,0
143583705,0
63987677,0
108256700,0
59688665,0
81765627,0
175956835,0
185684001,0
69357038,0
35414759,0
121068275,0
115599557,0
37651556,0
146456835,0
135054906,0
180116745,0
66637527,0
174324481,0
111201721,0
115948645,0
135595583,0
83479533,0
34499116,0
120420050,0
121757342,0
89085251,0
177949972,0
156058499,0
87102240,0
77129005,0
34410990,0
191575878,0
122721809,0
95820920,0
95154702,0
76721055,0
185650454,0
79840837,0
192852255,0
91564496,0
86650370,0
45312096,0
44686768,0
66615074,0
79320887,0
191837057,0
179330621,0
56435772,0
31422425,0
89265667,0
133411775,0
116059195,0
65372491,0
126315737,0
60152704,0
40281618,0
144291740,0
67788067,0
64647786,0
34517691,0
99087651,0
62369546,0
85083255,0
93044028,0
176012953,0
138339806,0
35239889,0
100658003,0
42946737,0
193473053,0
81912131,0
134701910,0
77393817,0
166282767,0
116083918,0
94896701,0
110385268,0
64162695,0
147405936,0
135676454,0
139058590,0
36706453,0
145120935,0
74702455,0
71293434,0
37707330,0
178870865,0
149246104,0
122635815,0
155347049,0
44416617,0
115931216,0
129468256,0
35671566,0
176288858,0
68925015,0
178238125,0
143243795,0
75062685,0
73279357,0
141149238,0
98605540,0
143561251,0
194918279,0
106510965,0
120886546,0
45277454,0
84762078,0
138880039,0
144036571,0
73505163,0
114745580,0
76700842,0
85483477,0
104325617,0
100418172,0
73919094,0
139832722,0
62895023,0
66571628,0
88813077,0
155536585,0
78227749,0
92505997,0
82417593,0
40474243,0
42647609,0
98963511,0
64381257,0
145241926,0
145589850,0
140210906,0
177687727,0
67209047,0
103458849,0
39181167,0
74909331,0
72055318,0
82657296,0
152197895,0
196427331,0
91279382,0
84260525,0
58402567,0
83845577,0
157116037,0
108039628,0
94192120,0
206279446,0
121570244,0
72211090,0
73687425,0
95477389,0
76536049,0
58360749,0
115013520,0
145124389,0
60576061,0
111218065,0
178645828,0
40842557,0
91966810,0
101620092,0
188520920,0
188537639,0
40567778,0
68227738,0
43011699,0
75005392,0
32693423,0
135135195,0
80131201,0
88875858,0
61500458,0
96688991,0
106839297,0
33414802,0
178219244,0
115040583,0
146601839,0
68987806,0
132336610,0
209816920,0
35904291,0
159559633,0
151782394,0
83345070,0
149900873,0
86638102,0
214011482,0
127556820,0
109623522,0
81470950,0
138483902,0
72153274,0
130625437,0
163070725,0
95963911,0
161806093,0
128602968,0
154955670,0
115890355,0
200891965,0
63283333,0
85913960,0
42923672,0
82857669,0
114690014,0
115361888,0
92645523,0
33999911,0
102104108,0
194319036,0
164543309,0
45089675,0
91792572,0
80835160,0
39506341,0
89261700,0
40016728,0
62329613,0
152804135,0
109708805,0
119672102,0
43871776,0
85503907,0
117882505,0
93904964,0
56114427,0
101443417,0
78491692,0
176945039,0
138121570,0
76545149,0
186527970,0
119865733,0
38243081,0
43984654,0
150089195,0
147218650,0
88653989,0
144135534,0
180224156,0
78990541,0
101591401,0
144827285,0
53178437,0
107891663,0
61733232,0
43067393,0
128733237,0
104350074,0
37500078,0
39986843,0
93936872,0
128544047,0
195406350,0
194650092,0
129210097,0
156865063,0
106801585,0
84847302,0
98593716,0
144157533,0
157890209,0
146651148,0
165487761,0
34765289,0
122379176,0
59425768,0
156958064,0
194756605,0
136882105,0
108837280,0
195168167,0
118766654,0
41409911,0
204035681,0
93740872,0
87051057,0
32509157,0
60102616,0
122315112,0
179414128,0
86136806,0
92590145,0
63281211,0
44614611,0
171555998,0
204601298,0
195551138,0
145536662,0
72357565,0
68350062,0
71708708,0
103422065,0
65730274,0
126923872,0
115470957,0
115091539,0
141151844,0
192895415,0
36762887,0
107797754,0
86586218,0
121320059,0
118981940,0
55930339,0
96425167,0
73563423,0
116130305,0
37514902,0
96882455,0
79764585,0
144753855,0
90676814,0
93258791,0
112397434,0
57528682,0
87969621,0
85425483,0
114491536,0
87204114,0
78692558,0
83728227,0
41954220,0
105569967,0
61652598,0
75388817,0
143792111,0
123615788,0
64257532,0
147665802,0
164405184,0
98453173,0
66369676,0
157103720,0
65946744,0
93793319,0
72319459,0
74123691,0
134105105,0
74902373,0
189214635,0
135433928,0
195349768,0
147238685,0
37163129,0
44452928,0
42154504,0
56917823,0
33539613,0
35401267,0
39341618,0
80143133,0
156893142,0
138458794,0
38528224,0
43030599,0
69818146,0
132520046,0
98586768,0
64636939,0
196072736,0
86963010,0
87299840,0
61539798,0
31932289,0
44264537,0
190839556,0
41668317,0
141905961,0
41303418,0
39561029,0
145324022,0
61470553,0
57536677,0
125380572,0
109683825,0
42396142,0
74013162,0
88398781,0
175621772,0
44014105,0
66145834,0
142408284,0
147162314,0
65137387,0
33450372,0
111829043,0
120203244,0
98648631,0
132117199,0
133553650,0
92507971,0
209883174,0
44394085,0
64122644,0
195403468,0
119644447,0
203918351,0
98000514,0
64050872,0
87697516,0
165256052,0
35739814,0
72478152,0
108679682,0
118855875,0
212314324,0
38681726,0
110435988,0
109204666,0
83491939,0
33062052,0
57766737,0
144166732,0
36213812,0
93040386,0
205942834,0
156836658,0
82364297,0
35997559,0
97852667,0
145698484,0
62076477,0
82942350,0
115797769,0
125294627,0
40317327,0
65022791,0
42999895,0
173757788,0
72043169,0
134759430,0
154606039,0
110742518,0
42969753,0
104506675,0
135859585,0
31748349,0
40291143,0
31246924,0
61840821,0
61997402,0
112201927,0
67898537,0
110026093,0
71616180,0
120672860,0
131856098,0
120450991,0
89774189,0
116180502,0
109553853,0
59833640,0
199100445,0
207093709,0
38369758,0
35258720,0
63021847,0
128236983,0
110369694,0
103273498,0
63166674,0
184937967,0
66868782,0
87760474,0
37009924,0
112496317,0
129954729,0
77512410,0
102455169,0
32566391,0
57140925,0
142143502,0
76754563,0
83402757,0
105568951,0
126998447,0
113417664,0
118109260,0
85284585,0
43347739,0
121567322,0
134055914,0
76397085,0
135069700,0
143107496,0
108539810,0
65174082,0
59567604,0
34101371,0
39900237,0
77785295,0
43075881,0
60232589,0
84720656,0
184600950,0
149464627,0
173306807,0
39926244,0
74471368,0
43379559,0
123316660,0
62135439,0
78083396,0
64315348,0
39317220,0
67002357,0
90430064,0
32493849,0
110522594,0
86165388,0
65388776,0
82470218,0
103774785,0
33081969,0
133867899,0
65472934,0
115637022,0
86267390,0
33131278,0
74250417,0
67911407,0
76037516,0
139910978,0
109237729,0
181099589,0
44530443,0
176641608,0
206102978,0
34236515,0
58478622,0
31589873,0
31917889,0
56653209,0
213189482,0
39249041,0
162232371,0
134232946,0
143652259,0
32346368,0
88001638,0
154922518,0
40620363,0
208481582,0
80582311,0
97385401,0
42146598,0
66069512,0
87708816,0
104916027,0
65357479,0
115996187,0
130153957,0
184659260,0
42810882,0
132289097,0
116267345,0
155331445,0
133728688,0
65632900,0
143208423,0
97167312,0
71835058,0
174286454,0
149670605,0
38513439,0
87915999,0
166143606,0
35063815,0
71785710,0
36451886,0
68794273,0
44263629,0
58537484,0
145709065,0
38098107,0
156847011,0
92037792,0
64571740,0
129666280,0
192442725,0
106363404,0
123365860,0
157341133,0
71934129,0
156006003,0
179489403,0
119622132,0
44808194,0
84015117,0
126339118,0
75034231,0
45630717,0
87138817,0
95678453,0
63876259,0
41100490,0
133965558,0
121219488,0
185461175,0
73249669,0
56617738,0
87995627,0
89540644,0
144778371,0
191216506,0
114268631,0
205170350,0
71716070,0
175194220,0
67796239,0
194603330,0
135427543,0
66202811,0
39375302,0
73611863,0
107042423,0
208471703,0
81934634,0
91704210,0
107613597,0
180007103,0
138595311,0
148568664,0
82667344,0
174460109,0
174948931,0
108308230,0
43834518,0
116285801,0
94799436,0
62814092,0
94187511,0
64855403,0
102840104,0
86744803,0
33580078,0
36932260,0
104170122,0
176584552,0
41779765,0
42608466,0
118117974,0
161713841,0
129634431,0
99118848,0
136308277,0
73900984,0
165332749,0
177493078,0
115385150,0
139530465,0
189169481,0
59815874,0
146082372,0
92293998,0
86533021,0
60670789,0
152120695,0
95768740,0
77129677,0
96343526,0
60933113,0
72637210,0
146553439,0
128573833,0
92062348,0
192081301,0
196215293,0
95543920,0
113023532,0
83222815,0
118376795,0
120986062,0
88889379,0
173632247,0
131723095,0
39209237,0
149288375,0
119265948,0
40080821,0
179735877,0
213150783,0
115738285,0
114442939,0
107053260,0
141517227,0
44597330,0
126019994,0
41395235,0
160585795,0
169248307,0
192544501,0
71657514,0
110472180,0
163776263,0
86940882,0
81948994,0
126176911,0
91582083,0
37769962,0
81058953,0
122114858,0
42126366,0
32073286,0
45665616,0
35489452,0
33758284,0
192068352,0
176894595,0
76643589,0
115421697,0
85226591,0
59621937,0
37932554,0
84591245,0
135800742,0
79107141,0
63905246,0
44932452,0
72385427,0
124244087,0
173336198,0
83143157,0
96907100,0
147274206,0
99035519,0
65918764,0
206619849,0
41775057,0
58904633,0
109507663,0
193534096,0
40845291,0
121620776,0
152432328,0
89743011,0
121144489,0
117318645,0
153911199,0
72257655,0
68578356,0
131365362,0
81890152,0
85426806,0
73294220,0
40221512,0
106118233,0
132076250,0
38718451,0
87113571,0
153890502,0
112815362,0
79709463,0
67042606,0
142461817,0
140860562,0
115359874,0
38803290,0
147310072,0
99308345,0
41125815,0
73932073,0
60605650,0
163296916,0
174247202,0
98810858,0
98692926,0
135401013,0
134069663,0
68769174,0
56603822,0
91754772,0
153864496,0
40155919,0
39498900,0
126935262,0
74099452,0
144843402,0
84577576,0
137037887,0
179093721,0
127185199,0
122569353,0
78947519,0
74492341,0
99006809,0
185291250,0
116445086,0
175424449,0
123678588,0
83446154,0
40056680,0
78343875,0
163512409,0
122996391,0
157013048,0
37475226,0
208519580,0
164254603,0
40341971,0
111096590,0
79143984,0
96209457,0
78948112,0
103982155,0
31850815,0
137156954,0
76531835,0
40098448,0
104158140,0
94729332,0
36863350,0
137122035,0
193555188,0
194738514,0
143443527,0
138734452,0
79538748,0
115555529,0
131386384,0
134342034,0
45679473,0
32280577,0
93482989,0
92095411,0
56315432,0
67269488,0
63609168,0
87576031,0
126515497,0
193648169,0
194580659,0
32673506,0
87672171,0
64177696,0
75445508,0
72504326,0
41959816,0
93310409,0
73570599,0
70494144,0
44718144,0
151856288,0
137058130,0
148005781,0
68150725,0
130118357,0
40174129,0
142600613,0
44117203,0
36193628,0
156514761,0
177157364,0
32999420,0
104018051,0
177963691,0
121048211,0
35104004,0
111945672,0
87850504,0
44617878,0
63477024,0
159698172,0
117279443,0
38418099,0
80669677,0
135376517,0
156386288,0
41752653,0
57190688,0
62911762,0
99976606,0
194146999,0
71745225,0
195276565,0
88906049,0
101160949,0
63377331,0
132172152,0
34966264,0
36194961,0
112382461,0
101560105,0
35281677,0
165950576,0
147600179,0
155042986,0
78819096,0
90012273,0
121258196,0
56789903,0
117334506,0
137673499,0
44719841,0
179452737,0
76644664,0
42874442,0
165341947,0
38383210,0
161391836,0
104845815,0
73215174,0
129394096,0
137088143,0
95321429,0
123961234,0
141012910,0
95977008,0
33378738,0
42055739,0
83037316,0
64757427,0
41038479,0
36570993,0
107288818,0
81075613,0
136726679,0
44008904,0
64660113,0
106825608,0
100867387,0
157105595,0
160520745,0
105800778,0
167217024,0
97666803,0
105654342,0
111568051,0
150318337,0
97459048,0
35740238,0
90681758,0
127584534,0
140751227,0
160518830,0
39658846,0
32927737,0
123679783,0
85452970,0
64804703,0
44147286,0
125925808,0
39724953,0
167192153,0
62981816,0
124843488,0
96259180,0
166110316,0
97124616,0
31706679,0
63928203,0
67524371,0
179208031,0
92338806,0
31522473,0
195374205,0
132763292,0
84455074,0
180297921,0
128904198,0
186590642,0
192794824,0
203640226,0
183242359,0
194873974,0
125502521,0
37250969,0
103930300,0
79339027,0
152316695,0
57898437,0
33482300,0
31904525,0
41383984,0
106797558,0
159487634,0
77854550,0
124264251,0
125025987,0
90768917,0
84283738,0
166825319,0
66640962,0
106101732,0
157254685,0
121333827,0
37647105,0
94852742,0
74445233,0
174274827,0
73282199,0
31649297,0
61985875,0
103815763,0
77480018,0
78783043,0
63925745,0
160622362,0
131294587,0
142869145,0
209932592,0
33165229,0
74533546,0
147114960,0
141276053,0
112297879,0
135502483,0
57143195,0
40758370,0
41103885,0
43969435,0
166213147,0
31965372,0
87394963,0
146457190,0
114858261,0
60927991,0
159762285,0
40178057,0
49617830,0
149279660,0
75748830,0
133697924,0
127940027,0
37008759,0
108228542,0
152857007,0
72136111,0
64788457,0
35143118,0
45634517,0
83041096,0
113459956,0
80413274,0
136057095,0
59116238,0
62267148,0
82289861,0
116157407,0
118306849,0
74266327,0
33609273,0
42682360,0
93959562,0
86729258,0
149385916,0
159423708,0
193494282,0
44494933,0
76010385,0
150197158,0
206775266,0
33799460,0
34107214,0
65620415,0
34281797,0
135812092,0
45125877,0
66717817,0
43857090,0
56371896,0
41680062,0
153762523,0
115028473,0
145381759,0
108917441,0
117093174,0
196487092,0
134986401,0
83396609,0
130601139,0
78705902,0
73625592,0
102023838,0
147502056,0
74709995,0
102644508,0
110746367,0
139477229,0
151286980,0
97810850,0
118279747,0
78783072,0
78671861,0
150061639,0
162230426,0
180797086,0
81360036,0
92001018,0
90370589,0
73825906,0
145313264,0
210307587,0
60870402,0
106808454,0
139320578,0
85243123,0
102247523,0
144626596,0
83674853,0
106609977,0
119174200,0
67300459,0
104910855,0
195266952,0
83890533,0
71899438,0
86354065,0
69408379,0
73946177,0
75596700,0
124229362,0
66899052,0
102264933,0
39784555,0
178435142,0
130627559,0
177538005,0
131636756,0
173967172,0
55814016,0
43211045,0
140678212,0
133502378,0
56205139,0
103138087,0
89891351,0
136913293,0
119563526,0
111567153,0
40431696,0
43144593,0
61539354,0
96565868,0
108674698,0
62199482,0
103658590,0
68805218,0
38409039,0
33142618,0
163459182,0
88491545,0
137723114,0
127545894,0
158478408,0
67509931,0
148790621,0
129608039,0
42161768,0
82639482,0
76983626,0
35797403,0
39843704,0
118179393,0
80114807,0
78092772,0
95959924,0
33988966,0
78369575,0
43765322,0
36916883,0
99030644,0
120729610,0
212311314,0
109690172,0
83087720,0
62854291,0
196328586,0
117422325,0
76631528,0
178833519,0
144949628,0
174379583,0
140745216,0
121095595,0
40935815,0
179116608,0
175008850,0
66254853,0
87455681,0
67062108,0
60805608,0
147858635,0
35012069,0
139340426,0
76129254,0
157745550,0
74472138,0
131237106,0
40636490,0
87481736,0
142787928,0
175262864,0
87537056,0
123537956,0
159611458,0
102394886,0
59310422,0
81668648,0
161768835,0
156105745,0
82904086,0
127160456,0
63449991,0
131114930,0
93735463,0
58553591,0
74723408,0
135878347,0
152183485,0
74477882,0
74192137,0
81116819,0
120731209,0
48754219,0
33351419,0
34200728,0
79644629,0
37409189,0
88917823,0
208095957,0
145452277,0
126686123,0
97448546,0
160631442,0
159995899,0
32125506,0
87330001,0
79697116,0
207215687,0
170018215,0
75344699,0
152052328,0
102222474,0
61215424,0
210365699,0
213151415,0
180514914,0
62063825,0
156687390,0
152111033,0
156830036,0
91170807,0
67257497,0
87825159,0
55887269,0
108482833,0
120369399,0
43866189,0
90824167,0
161684213,0
41015483,0
210486582,0
111779537,0
99776401,0
150514279,0
58880996,0
76677461,0
135999151,0
144414636,0
191848674,0
67481063,0
109533126,0
106119911,0
81395546,0
74213070,0
123053142,0
159190332,0
107526182,0
35972451,0
90058828,0
60854640,0
31480458,0
109450873,0
57928727,0
32039463,0
123120660,0
75527524,0
139880728,0
36513581,0
115060263,0
200136862,0
113762212,0
119632209,0
180489559,0
157374364,0
154717486,0
165356959,0
187414893,0
107914432,0
72151754,0
175058908,0
178296148,0
145851473,0
34456025,0
185739665,0
78827318,0
80480239,0
83633371,0
60106889,0
43325375,0
40494871,0
135769771,0
56952080,0
89317621,0
42295669,0
125749735,0
77635662,0
131185745,0
93030132,0
131242140,0
72266005,0
107399051,0
148885991,0
34747080,0
101756638,0
58757172,0
77656013,0
34473416,0
87133803,0
192734195,0
170568673,0
39872809,0
39937919,0
143073041,0
109378973,0
136627015,0
167284039,0
34783173,0
74541580,0
177292488,0
59706470,0
103388005,0
78892743,0
120564314,0
112799215,0
93731397,0
36244151,0
107852402,0
93961724,0
135546698,0
111287567,0
135437363,0
58167433,0
94384212,0
84631918,0
128982227,0
43966662,0
41857567,0
151333328,0
123642742,0
65394165,0
125072630,0
71954569,0
68525504,0
78116420,0
55848550,0
79019341,0
145360628,0
89834038,0
83904360,0
140178178,0
39043931,0
167145835,0
76716989,0
185693604,0
77362481,0
72150086,0
32810683,0
77064814,0
126639618,0
72181511,0
138438404,0
35560316,0
177606598,0
75953901,0
137028422,0
114460891,0
195489541,0
73204170,0
42406061,0
115622119,0
104267653,0
193877450,0
90860378,0
84472494,0
180997104,0
92516903,0
116356201,0
145538014,0
115192101,0
99225302,0
177866564,0
141698729,0
36986473,0
212381497,0
158358561,0
86578954,0
111273522,0
98588545,0
153483036,0
39846152,0
110914634,0
83508609,0
41611745,0
84563117,0
151890575,0
89103352,0
88056138,0
62054735,0
57036199,0
85749167,0
35138094,0
37218991,0
198771343,0
115231382,0
57716027,0
78489165,0
114847997,0
33981090,0
113606529,0
34576237,0
86154670,0
84247408,0
57913212,0
109525181,0
153676036,0
116523984,0
99786448,0
105938824,0
109658559,0
80774640,0
86528451,0
117022330,0
60643500,0
128196607,0
99461422,0
32763122,0
82649213,0
94787671,0
84560640,0
96016447,0
153428822,0
148434812,0
180299026,0
111466651,0
95122754,0
170344366,0
98575892,0
80655277,0
37546169,0
152893475,0
159585136,0
80821126,0
88675179,0
102190694,0
84768849,0
63904999,0
88580164,0
43986954,0
64360689,0
180300349,0
76137485,0
150311675,0
91791802,0
163788886,0
34051381,0
84762019,0
169268115,0
41032478,0
76392634,0
32771491,0
113850496,0
194418294,0
86067215,0
37320806,0
67868948,0
178239240,0
126808329,0
155558623,0
40187324,0
155254423,0
149390121,0
42721375,0
115926922,0
93374334,0
111477320,0
61183259,0
31236255,0
155394729,0
66683924,0
90690266,0
196530301,0
185738461,0
122922537,0
157142241,0
71040930,0
126340460,0
131353035,0
86334958,0
108935433,0
32073463,0
126744216,0
104807363,0
64580347,0
75407835,0
132326237,0
78288674,0
110415360,0
78717479,0
203710902,0
94054449,0
103614157,0
192893480,0
74211373,0
206969352,0
119881436,0
73898891,0
156575104,0
40984630,0
97282915,0
34153897,0
85887391,0
79875075,0
157111625,0
176394118,0
63864652,0
176059716,0
61813028,0
157177021,0
161049025,0
106489202,0
32024629,0
113124281,0
130853297,0
43420735,0
32982266,0
133072951,0
81576782,0
144701447,0
100210723,0
86119317,0
178360942,0
83796041,0
195127139,0
118254915,0
62194330,0
182328069,0
114564157,0
43432943,0
60758589,0
70929897,0
91146044,0
65113197,0
31170395,0
109948893,0
40442236,0
155420676,0
77817588,0
32719143,0
213087894,0
32577040,0
38815666,0
92302327,0
31910931,0
156669359,0
137792053,0
61892498,0
84527507,0
96174578,0
161990023,0
133970690,0
184661066,0
121274185,0
56277710,0
131069283,0
204916099,0
83697187,0
55825337,0
60049902,0
100316505,0
122654015,0
83454839,0
80829890,0
78922757,0
132751015,0
100956125,0
115924869,0
38497293,0
137370858,0
121412883,0
115678929,0
126611884,0
97452830,0
71320526,0
141213085,0
204645583,0
68797026,0
76861510,0
162541003,0
198986628,0
148387744,0
199937574,0
41702200,0
63894014,0
175594808,0
206503842,0
59704881,0
78352442,0
111546012,0
125182982,0
72025512,0
61137710,0
87398319,0
82574027,0
59448745,0
143334862,0
35188182,0
84901733,0
76963907,0
56924080,0
83366931,0
143262232,0
180244270,0
40755083,0
32004080,0
75104306,0
111595548,0
119107925,0
38471809,0
97321988,0
116740869,0
66825346,0
96292895,0
136097166,0
133299863,0
145251500,0
164711378,0
123080451,0
37757605,0
164213023,0
72196770,0
142365075,0
90441029,0
156081367,0
65021715,0
103453095,0
59605484,0
122916132,0
44546412,0
195734653,0
73717754,0
97740361,0
65851571,0
90068362,0
132482719,0
108458178,0
156131820,0
33930212,0
42138199,0
94727842,0
141735266,0
74414134,0
111429926,0
96698101,0
58260997,0
111700995,0
51447694,0
115143167,0
128451065,0
118066682,0
75278662,0
111192651,0
77911408,0
120956295,0
146574777,0
86609964,0
194867658,0
81595357,0
36897420,0
153652063,0
164449291,0
132446291,0
90310059,0
72378015,0
95169576,0
104544042,0
193854405,0
67401820,0
91778557,0
211602538,0
198652345,0
70873631,0
40675218,0
138225684,0
118746491,0
77728584,0
110871494,0
72295505,0
199550341,0
99448039,0
86452278,0
71803989,0
144943529,0
172908321,0
103007344,0
185797570,0
162131819,0
142453911,0
56300726,0
140808323,0
179881059,0
75354924,0
64804229,0
77849289,0
131101833,0
158685087,0
185222952,0
107395341,0
74522127,0
79777336,0
92516261,0
109916235,0
121304425,0
112532065,0
80034933,0
143560274,0
164790000,0
79589636,0
69359574,0
120613573,0
37411656,0
130338587,0
84600671,0
142540862,0
117832220,0
36937234,0
60249239,0
81305516,0
129070432,0
180777110,0
31535304,0
33669329,0
142399589,0
119424147,0
110374629,0
122430083,0
155350029,0
156093734,0
74499842,0
131631545,0
155767977,0
119117134,0
74414450,0
85243952,0
71493797,0
145846716,0
31289600,0
124140841,0
140834122,0
160911907,0
82192448,0
163012928,0
106832931,0
73568615,0
213634897,0
102015597,0
62852475,0
192300682,0
106922054,0
126370760,0
88106966,0
59403690,0
80402822,0
111505132,0
33287859,0
68635027,0
137204881,0
66947788,0
98631774,0
43427979,0
39242734,0
166465306,0
139837558,0
212248099,0
42891240,0
59222346,0
86609599,0
84180196,0
71871911,0
40726767,0
84301957,0
119297195,0
84207110,0
62386788,0
106592586,0
110629195,0
146526337,0
117833365,0
131178708,0
163887632,0
42112923,0
81098610,0
104982015,0
63581918,0
115079548,0
146143376,0
97745483,0
116798132,0
105769353,0
125271483,0
139457164,0
194574609,0
39507190,0
76189893,0
179907302,0
115819166,0
90052502,0
102608750,0
89033890,0
43994859,0
157161200,0
177366619,0
65962733,0
78910864,0
114396808,0
128925290,0
32155687,0
123382105,0
151238915,0
159410207,0
157390452,0
174393697,0
162141797,0
35959669,0
37386548,0
41781147,0
97547223,0
153922381,0
112306771,0
88598561,0
63506218,0
180430726,0
83894135,0
162727716,0
62826617,0
120172135,0
74942710,0
72447823,0
126573728,0
78182724,0
80038525,0
43489546,0
101380429,0
37974825,0
36328733,0
78950520,0
133363532,0
66797001,0
155842246,0
131780388,0
80944348,0
98934849,0
77224415,0
144310788,0
83198249,0
125192773,0
37234526,0
123515927,0
113880006,0
45074091,0
112729822,0
63146056,0
163057006,0
33145539,0
74912875,0
143855918,0
91548902,0
78208099,0
110873586,0
122196450,0
35279535,0
71884239,0
120689135,0
133132396,0
63202274,0
163014458,0
106059924,0
71780697,0
108028278,0
130058725,0
74793423,0
74950468,0
128797330,0
129956229,0
127450514,0
86335194,0
141595641,0
135952675,0
125069650,0
34948222,0
57058682,0
66337630,0
161555267,0
142490843,0
144850054,0
123693314,0
90074837,0
89742853,0
89421745,0
124208418,0
103035828,0
96771166,0
116954960,0
93556527,0
108904630,0
55820599,0
74754497,0
66072424,0
127803678,0
37112666,0
105491099,0
102024795,0
83412588,0
67489511,0
124518442,0
146004886,0
112175614,0
33193081,0
176178437,0
95280786,0
129824865,0
39680944,0
31932535,0
85093302,0
165089621,0
119401477,0
34615291,0
127290429,0
138885368,0
80289055,0
109234462,0
62929843,0
98751739,0
81685200,0
91809637,0
109184187,0
33559471,0
59386981,0
72119372,0
86173392,0
82216135,0
38254727,0
39785641,0
77751037,0
83793130,0
63920574,0
95249135,0
145511485,0
83972668,0
118637274,0
36613067,0
37526301,0
129066800,0
101830167,0
124991877,0
80212645,0
99780369,0
78692736,0
33689572,0
191693149,0
130796705,0
82673058,0
105251199,0
145434601,0
173295240,0
147439344,0
139425265,0
205614600,0
38187782,0
185318845,0
125770046,0
141848194,0
74098267,0
83797473,0
87134405,0
66821892,0
86158825,0
136520828,0
75000912,0
185293540,0
74612049,0
110836635,0
87417929,0
140047208,0
55936202,0
45502027,0
85347750,0
41201850,0
152839163,0
101526864,0
41801468,0
103787309,0
159956874,0
73962106,0
106099294,0
31700728,0
97960690,0
127769095,0
165588737,0
101326659,0
82273971,0
111893087,0
60769920,0
65848867,0
78286986,0
76647951,0
150928871,0
105893108,0
31753303,0
148372782,0
96833482,0
94418578,0
117423934,0
179180790,0
77398900,0
77158733,0
83243097,0
148000668,0
40276980,0
62694798,0
62516553,0
118314597,0
38645564,0
143358510,0
87021862,0
36266713,0
75461990,0
56845804,0
82779679,0
86311044,0
145005342,0
40911171,0
60688022,0
195899564,0
135533226,0
44182214,0
94080791,0
139631974,0
42472947,0
78208938,0
89774070,0
67465913,0
82992063,0
173745116,0
156006842,0
121593338,0
58403494,0
32791082,0
93529307,0
84684335,0
32715915,0
55905488,0
73537131,0
43374032,0
126657422,0
44624728,0
166563972,0
162548356,0
116804192,0
80379204,0
93975206,0
38511702,0
78748331,0
94831542,0
92782375,0
213256654,0
196232673,0
61764381,0
64043697,0
134123235,0
95987677,0
107062893,0
32635044,0
132720399,0
64495290,0
76097898,0
93998745,0
159621564,0
196494524,0
129444579,0
127703018,0
93579494,0
72230751,0
42698072,0
33529437,0
77770826,0
114699834,0
95374617,0
33489386,0
74050854,0
33917175,0
117643000,0
94003571,0
82241223,0
39795777,0
93301220,0
143725294,0
114630471,0
110785056,0
121243165,0
157114261,0
115190512,0
87534184,0
84575306,0
108626514,0
108312276,0
82447666,0
35871613,0
34182529,0
142245001,0
139916584,0
56461068,0
61806850,0
165650303,0
36903608,0
150907138,0
164411727,0
163802793,0
31208847,0
39021201,0
147255799,0
171633198,0
112654616,0
129649867,0
145689661,0
67796249,0
138178093,0
34196761,0
118245036,0
89469514,0
139469540,0
77920933,0
31653295,0
44425608,0
151280565,0
77528043,0
192672322,0
159342551,0
143217197,0
85186086,0
109952338,0
83499894,0
141023016,0
115309371,0
60612312,0
42889178,0
152774191,0
79914168,0
89275063,0
103184612,0
145371643,0
150004277,0
37490603,0
97481570,0
80131250,0
133305065,0
115278134,0
110245899,0
66021941,0
132977798,0
124380643,0
115253440,0
167067065,0
61360921,0
67580094,0
133883581,0
105773597,0
196633310,0
74480547,0
84505094,0
76965693,0
75961323,0
72394586,0
77386948,0
80070246,0
144350800,0
118202488,0
167281858,0
113189341,0
42397819,0
108120924,0
92518334,0
57180493,0
75925239,0
101922655,0
63248424,0
159116705,0
57899592,0
107776436,0
42357265,0
72276980,0
78037956,0
90862382,0
74353357,0
114951184,0
40931709,0
119878485,0
99718960,0
179949129,0
88786932,0
144467784,0
91660162,0
45066353,0
59198738,0
123026454,0
81405031,0
149036552,0
39053524,0
64171854,0
96528038,0
113227655,0
191603000,0
56021317,0
153157546,0
35262096,0
194971269,0
131457583,0
110964949,0
129375077,0
179217199,0
146597319,0
208486399,0
151432695,0
174499321,0
84940215,0
146041799,0
33222532,0
205802893,0
73218994,0
90233955,0
45236959,0
162372223,0
144757427,0
111255293,0
37644677,0
97906723,0
151597991,0
66553517,0
137614055,0
151659005,0
192386252,0
142886012,0
122335365,0
82347391,0
40610750,0
82455927,0
81279470,0
156205152,0
95729399,0
102767562,0
90339095,0
75930786,0
174397359,0
33162811,0
103777667,0
93446343,0
125118386,0
108126185,0
65848127,0
87961261,0
110918059,0
124022495,0
213465081,0
87548623,0
148854843,0
112114778,0
91240753,0
159194842,0
78719680,0
80384761,0
76761984,0
73897973,0
148705703,0
93163974,0
66564098,0
113702659,0
118096863,0
66896022,0
93159424,0
150212871,0
126906067,0
179218088,0
90595685,0
131328420,0
155643453,0
41528692,0
152097561,0
109781436,0
90490702,0
105649013,0
92253651,0
75245165,0
64122664,0
147217545,0
150714740,0
146137692,0
55849369,0
103900306,0
83359183,0
126528061,0
180319881,0
82638574,0
60971171,0
185888904,0
72718753,0
194098026,0
92065062,0
111997794,0
122612484,0
42539507,0
95941408,0
146049980,0
108391055,0
132014683,0
100557926,0
91658247,0
200944768,0
162654040,0
111054467,0
113771736,0
33758373,0
63420165,0
45661974,0
57839832,0
54545506,0
35972312,0
196098052,0
86672765,0
98966975,0
84368636,0
103251824,0
38447510,0
118313373,0
107853191,0
167121792,0
75451005,0
140354597,0
86572114,0
72190108,0
115613878,0
71570504,0
78255492,0
155590937,0
41441642,0
109254606,0
121086278,0
73822037,0
149612572,0
103393552,0
32095048,0
110892872,0
83983732,0
44291342,0
86284721,0
118040350,0
212778235,0
108123816,0
115085854,0
98654582,0
196127187,0
123775804,0
39754276,0
179818485,0
31646337,0
121047204,0
91689810,0
66127368,0
161184515,0
89086820,0
76972779,0
63314570,0
87184652,0
36583349,0
70488302,0
119516922,0
95930266,0
89082290,0
195024209,0
56810442,0
157777764,0
117361163,0
130434688,0
144029110,0
43493168,0
72327374,0
68478228,0
137790563,0
80369848,0
84666955,0
93474708,0
44379567,0
56419447,0
70895887,0
84475337,0
104472714,0
37829495,0
142460119,0
134543562,0
60353649,0
31224697,0
125924209,0
90752296,0
34164418,0
113564060,0
174212678,0
85611279,0
43200406,0
73768099,0
67328469,0
41718090,0
43884478,0
195220427,0
87990317,0
44361910,0
63177304,0
38489594,0
121477746,0
175501886,0
60096941,0
128963011,0
41395423,0
150185295,0
194195824,0
107146696,0
75502741,0
98525103,0
78276416,0
166164569,0
108737587,0
66635840,0
83566642,0
120142793,0
41952858,0
71470742,0
31424863,0
87435162,0
136792361,0
155636524,0
179722721,0
31428327,0
63017613,0
56460426,0
99092368,0
164051339,0
143608714,0
116431032,0
43284416,0
43698485,0
140360341,0
166468582,0
136600180,0
43925506,0
72344567,0
148816529,0
63121215,0
99995447,0
59327299,0
107391452,0
173458128,0
132361965,0
85919230,0
103190238,0
37684284,0
109217467,0
151016237,0
85344780,0
144490968,0
87622595,0
84034896,0
177745809,0
111820723,0
37354452,0
43644646,0
39497932,0
62483253,0
156648544,0
175834965,0
76044977,0
145423428,0
185873033,0
78336097,0
144787352,0
125400736,0
192574603,0
35719009,0
120884099,0
62200163,0
84135546,0
98960214,0
38211202,0
76490866,0
58952847,0
196071404,0
148063044,0
185323494,0
166411951,0
75200811,0
111411065,0
39744426,0
32598971,0
115141095,0
132416011,0
34520326,0
192913644,0
41558617,0
164738411,0
37448805,0
37248117,0
193544390,0
60503480,0
78212885,0
153345513,0
185781434,0
132998416,0
116584574,0
34512904,0
108136785,0
196288288,0
103402434,0
35698184,0
42519788,0
44219857,0
31982406,0
63843808,0
160126809,0
157659230,0
105092920,0
96232552,0
85971993,0
34284393,0
37703303,0
69039542,0
60645928,0
86166483,0
125966797,0
144203229,0
75149883,0
47203162,0
175487693,0
167100425,0
125865910,0
193034882,0
32067887,0
39729621,0
118045966,0
156034536,0
41451877,0
95126406,0
157339712,0
138678462,0
43766970,0
124478540,0
84329336,0
101880571,0
78334666,0
178859712,0
56352936,0
120250599,0
86403995,0
88965671,0
192085929,0
162742294,0
91519036,0
155563114,0
37912045,0
162618667,0
39949832,0
120166213,0
207086375,0
73767241,0
86062379,0
77622160,0
162792254,0
96211016,0
120059760,0
73729302,0
71814263,0
81470407,0
35986426,0
176124312,0
43427861,0
41382987,0
85921017,0
64546672,0
64684777,0
119223370,0
77274967,0
36720872,0
139991119,0
160434731,0
84905345,0
45527471,0
142179467,0
180206775,0
79306734,0
45129311,0
40779481,0
60343069,0
185570283,0
173516437,0
32522846,0
121578119,0
94751026,0
120960272,0
156065329,0
92642177,0
115564372,0
144600757,0
148712207,0
69923247,0
140449148,0
57593417,0
75682842,0
129674610,0
124753329,0
112658504,0
196343538,0
65971418,0
154694974,0
166301016,0
95535432,0
40164960,0
39814678,0
72115424,0
137072786,0
84703048,0
198565443,0
56495483,0
212287519,0
41923082,0
144934232,0
58332483,0
31695991,0
94331064,0
117083235,0
85378929,0
107015232,0
109516911,0
74544748,0
57706256,0
35685275,0
154463245,0
110188320,0
90888220,0
140791238,0
59140191,0
60070372,0
61538624,0
71902497,0
150460262,0
119873145,0
135011934,0
144485569,0
57849484,0
131648915,0
59007820,0
192995078,0
60771795,0
83250963,0
104812722,0
85166969,0
122190815,0
70798641,0
186677761,0
109788571,0
43167589,0
78893069,0
33445506,0
147969451,0
77140198,0
38341698,0
133367263,0
167227446,0
81926255,0
129777678,0
196079704,0
82379832,0
124510971,0
85284368,0
95121639,0
66894039,0
118545466,0
133347701,0
133661949,0
132982151,0
103785918,0
121473383,0
193025151,0
107268941,0
106164177,0
86164737,0
38044386,0
62973792,0
75217451,0
107793855,0
145232136,0
184694386,0
69596306,0
85838151,0
82913087,0
151637775,0
173554011,0
136128452,0
73540299,0
116474991,0
34056672,0
83360180,0
114486454,0
128734816,0
33228740,0
85828874,0
95074897,0
72510435,0
31490190,0
83013411,0
154430488,0
56509932,0
129868695,0
67465054,0
113167894,0
60431817,0
177334661,0
115942023,0
32756026,0
125125689,0
163931917,0
144380724,0
61777142,0
37987587,0
162852360,0
176509168,0
174092674,0
32378602,0
147349146,0
37036897,0
175178853,0
111299480,0
91570052,0
180809374,0
39492415,0
121112975,0
100765957,0
142154921,0
32480782,0
62561391,0
114856297,0
118785278,0
33216235,0
79825667,0
40813047,0
41506920,0
34566683,0
56348663,0
99138440,0
115100017,0
127623291,0
124700102,0
109641445,0
150257106,0
112736099,0
31765976,0
82950424,0
155001721,0
145364862,0
124629021,0
173964497,0
66975265,0
118437049,0
74182415,0
80365081,0
108978830,0
104595827,0
156776789,0
95145612,0
116541818,0
76920471,0
60014411,0
115326071,0
116715168,0
147287431,0
110732421,0
32684501,0
159765414,0
63748734,0
38688941,0
161923215,0
67010411,0
64441926,0
127314215,0
178987139,0
60066197,0
38078881,0
112788142,0
110867674,0
131974099,0
55994660,0
73642222,0
37951415,0
113278848,0
32436852,0
44428935,0
78204792,0
114415886,0
45270072,0
83126803,0
35821840,0
69138505,0
99385762,0
76975089,0
40538771,0
203991988,0
203719044,0
42899708,0
139997327,0
152757136,0
118153722,0
32999874,0
119813563,0
176231881,0
61082747,0
95043334,0
146518333,0
83275252,0
103539711,0
88928907,0
41074217,0
41438908,0
104148280,0
81674373,0
113846479,0
115031690,0
40506181,0
130825692,0
66362393,0
139060268,0
75747833,0
108284543,0
87895372,0
88400676,0
81216384,0
212188832,0
88416803,0
67451296,0
40418875,0
156827993,0
155280883,0
66794829,0
196622937,0
111829902,0
101047606,0
39747683,0
180919963,0
132709829,0
93880714,0
131724072,0
198878665,0
79574999,0
41967376,0
66814588,0
125055309,0
130180081,0
98029412,0
76859891,0
57723568,0
31789140,0
43182591,0
137326178,0
38812321,0
161607654,0
64162645,0
31541512,0
207092771,0
75657823,0
141897404,0
40292830,0
42855443,0
31516354,0
104972511,0
137780703,0
43722626,0
99538376,0
208392361,0
105081274,0
213559296,0
71678951,0
106166624,0
118059319,0
36872815,0
83587931,0
152253668,0
40437598,0
97481007,0
43743293,0
161678518,0
66557219,0
132229751,0
139983500,0
32629221,0
119334235,0
105154713,0
83143295,0
160136462,0
67347685,0
108116207,0
177562590,0
133016418,0
143721958,0
119583571,0
135311269,0
124472095,0
74055384,0
97408111,0
34388340,0
81932325,0
32304452,0
140311260,0
85991199,0
73938735,0
122455863,0
67123507,0
34622624,0
99922155,0
89211049,0
192830591,0
90563737,0
142403527,0
117112785,0
108146220,0
38848799,0
133531177,0
70343416,0
33691417,0
127682045,0
130624668,0
132578938,0
92947286,0
123634146,0
103278354,0
65815399,0
99937039,0
76540678,0
108400520,0
93800573,0
83743239,0
100047914,0
32476558,0
106851979,0
62079004,0
36161690,0
195521015,0
57070664,0
110550031,0
127385947,0
192834450,0
104344863,0
117161896,0
154206320,0
204728813,0
72113638,0
32345489,0
97270864,0
156573732,0
156778457,0
75494787,0
94356074,0
124788988,0
207259834,0
90256872,0
93394537,0
130779739,0
141579889,0
67257299,0
78558657,0
59831794,0
185011200,0
141972403,0
70457222,0
33608611,0
64044970,0
79986355,0
174470285,0
125293542,0
33668155,0
193833530,0
148167859,0
167153257,0
36433953,0
178770748,0
118080115,0
157134829,0
72462124,0
42491857,0
125616771,0
128367983,0
33567100,0
41246451,0
31171421,0
111927838,0
39552531,0
114702095,0
61084740,0
84795645,0
177333773,0
67138321,0
112105214,0
108535941,0
65512876,0
147658094,0
118600184,0
88083802,0
59605178,0
103953198,0
98593993,0
118943814,0
137054646,0
133767673,0
196062393,0
62489086,0
86199310,0
150102134,0
95251503,0
108385676,0
78710945,0
112016181,0
76131593,0
154428623,0
66573592,0
134366580,0
59773948,0
113138424,0
147579374,0
35952662,0
100070318,0
151292931,0
174054212,0
177160936,0
76616605,0
177585162,0
103592148,0
105955247,0
203373450,0
213815067,0
31717566,0
155227725,0
194460023,0
61841571,0
41428989,0
115346175,0
180533203,0
67942289,0
89164326,0
159023387,0
149976977,0
86114648,0
106433863,0
106321755,0
65613655,0
44174861,0
176120157,0
162406520,0
113965950,0
32680414,0
89120170,0
80117137,0
66094768,0
112278722,0
32219810,0
111746770,0
38054749,0
100069390,0
210347214,0
86151847,0
75774353,0
126241547,0
195396323,0
115339434,0
151423782,0
116515585,0
117251325,0
61672278,0
81677649,0
113622567,0
90374932,0
88959029,0
61393945,0
191241022,0
131847571,0
96395647,0
135210895,0
35918385,0
211730666,0
86819160,0
162625418,0
105219873,0
174096415,0
56610819,0
113756429,0
38795986,0
106620813,0
38488834,0
134293091,0
184747109,0
138099748,0
91166070,0
129249743,0
113424050,0
37404234,0
198634017,0
43284584,0
34438300,0
99912039,0
89599477,0
126199206,0
162411336,0
72477609,0
42267748,0
62319289,0
155193853,0
108742324,0
142342089,0
160080876,0
179108950,0
143182426,0
123894042,0
37058531,0
60559944,0
153296362,0
123527317,0
35253470,0
32070621,0
148325546,0
106541867,0
118838840,0
64828311,0
69753075,0
44742985,0
96980549,0
121836002,0
115156185,0
161898383,0
174394990,0
34705262,0
141517621,0
84095002,0
136358641,0
145128238,0
131859207,0
101843471,0
65232204,0
31189759,0
64401233,0
79718711,0
82056731,0
155444620,0
33870452,0
207157328,0
111063408,0
75933599,0
156974754,0
86093448,0
177732959,0
192232641,0
212504620,0
39569003,0
130667985,0
127918008,0
41397515,0
35407445,0
41769698,0
120377897,0
97197187,0
98582692,0
63468743,0
180747600,0
110017823,0
45414385,0
56318136,0
49424188,0
77405117,0
81685772,0
195310872,0
88237600,0
33153149,0
36511903,0
133369730,0
58179188,0
152595452,0
185160004,0
115791768,0
33829750,0
183905755,0
124699796,0
141367416,0
149634808,0
151199180,0
41533913,0
120043189,0
81407785,0
42595784,0
45617383,0
59210749,0
178287463,0
73109609,0
65751089,0
82602925,0
82552836,0
116810390,0
159304217,0
175158335,0
44610624,0
154741173,0
134182265,0
33432676,0
115416358,0
45156699,0
126655221,0
93196750,0
64030166,0
75953397,0
72602933,0
75080036,0
113523279,0
85669233,0
185207921,0
184699370,0
60888700,0
141754502,0
84053638,0
109166332,0
39040723,0
37732981,0
90083335,0
110532286,0
77283771,0
63934411,0
144472058,0
196524734,0
75966159,0
34483137,0
31647146,0
85297119,0
134770040,0
158579393,0
98320348,0
92955784,0
100187598,0
178125197,0
119432043,0
155281524,0
140679879,0
79191674,0
120156067,0
80081882,0
39321750,0
62300577,0
89005643,0
118255014,0
110476552,0
126422812,0
114392584,0
87665301,0
94470679,0
70691625,0
140984811,0
57762661,0
86575055,0
67436245,0
45095814,0
89276840,0
156682219,0
164960586,0
75482706,0
66870736,0
203920868,0
75236884,0
129053871,0
40267426,0
72768121,0
180683448,0
35624172,0
110243037,0
161501596,0
161538617,0
158363328,0
78404346,0
124894889,0
118579882,0
40474885,0
87016019,0
188525371,0
149968638,0
45410556,0
82394676,0
198771264,0
115477589,0
77561837,0
31218568,0
124072988,0
69043638,0
36715178,0
72158663,0
152906207,0
44997315,0
155397226,0
166503462,0
101131202,0
110217504,0
44802677,0
106172793,0
86086115,0
68118481,0
32234604,0
66730509,0
33019080,0
35667332,0
149883838,0
82727913,0
76197374,0
178406056,0
136454741,0
91552751,0
63819104,0
61681141,0
39288786,0
133986640,0
37300949,0
33695296,0
196643673,0
95154061,0
84309912,0
78224620,0
144588746,0
154962707,0
107639406,0
110394990,0
76823107,0
128127342,0
166919525,0
61959355,0
213680722,0
212740267,0
128274182,0
64903635,0
132640929,0
123952391,0
175305954,0
107729515,0
173639708,0
34175057,0
33100781,0
142236099,0
41313851,0
59307600,0
122236866,0
154445766,0
62409014,0
77190079,0
32562285,0
92930469,0
155509710,0
135765202,0
127539301,0
106000302,0
59097959,0
115556329,0
64333883,0
78419328,0
154484732,0
93346640,0
147613543,0
35499854,0
78075195,0
109853435,0
44392693,0
37467765,0
43741635,0
39615914,0
119501604,0
55973006,0
161582487,0
132628661,0
118236429,0
176729832,0
206151408,0
114476387,0
72981067,0
128927757,0
174513326,0
141612034,0
120423711,0
69397770,0
60538724,0
47152215,0
115992772,0
164637919,0
60205497,0
192004505,0
78086653,0
81386624,0
130190474,0
61034839,0
71520494,0
163843801,0
148440033,0
62813076,0
80253801,0
91191987,0
63534287,0
112341887,0
145964253,0
59026997,0
86124015,0
44405435,0
63158877,0
32015065,0
145067461,0
89659573,0
113191690,0
128336923,0
35078077,0
33708847,0
212851734,0
161454636,0
184932134,0
109718379,0
32678204,0
113975386,0
86668343,0
86651288,0
161589790,0
126917822,0
31256675,0
95283313,0
167151115,0
206383285,0
118701564,0
107118982,0
35272715,0
154120356,0
175143639,0
68531129,0
103994739,0
176832664,0
157397558,0
115190956,0
75007870,0
181348313,0
78282407,0
44523406,0
74710183,0
104604819,0
193830747,0
98338765,0
150467072,0
103066078,0
149285641,0
79314698,0
132013953,0
137851133,0
88827546,0
87080409,0
119196929,0
151570672,0
43214657,0
64455832,0
96097003,0
126713610,0
95962648,0
86624877,0
86109072,0
143049354,0
90153576,0
79724534,0
31341948,0
81217045,0
158333443,0
166274931,0
196294437,0
77609665,0
62537122,0
96773919,0
61888481,0
194418373,0
118761078,0
130560801,0
98811075,0
159031362,0
88343264,0
42540001,0
33573900,0
33294166,0
139871125,0
141094581,0
153662386,0
138531780,0
119313549,0
84880375,0
31505764,0
62487862,0
178925207,0
194962070,0
155268200,0
179403735,0
95519157,0
146096308,0
121706336,0
59385471,0
173405414,0
143789565,0
95021196,0
135005390,0
42274449,0
87463695,0
94782825,0
136392454,0
43471267,0
38308507,0
42188613,0
44212988,0
63932289,0
88992309,0
40662486,0
31822075,0
106939750,0
195389542,0
44849281,0
85015007,0
92062388,0
175177403,0
111971481,0
130415995,0
66827784,0
64843668,0
52992928,0
89327935,0
88779540,0
67408857,0
34679453,0
42151750,0
131888313,0
63933700,0
75864512,0
164491839,0
131946622,0
177280645,0
69182612,0
161095126,0
38251145,0
155328010,0
120935450,0
59385115,0
132418932,0
75426815,0
43347019,0
111201701,0
145691793,0
113374475,0
160934064,0
158266458,0
90571386,0
143116813,0
144099905,0
44101224,0
40792736,0
90154672,0
39069236,0
71863809,0
110180938,0
142664775,0
92915378,0
83329466,0
90317836,0
85996608,0
125642511,0
145430041,0
66180930,0
43842493,0
113798197,0
144685103,0
84983424,0
121050629,0
81647360,0
113468414,0
126332880,0
116305728,0
33036559,0
195410496,0
154954505,0
101953280,0
122194753,0
39636314,0
127651163,0
72295416,0
39199920,0
71768972,0
161205813,0
36114543,0
134500797,0
173571885,0
120522378,0
45139872,0
41385504,0
71370634,0
121914031,0
198989609,0
122344484,0
103288746,0
66236960,0
38979808,0
96028369,0
77486433,0
185655892,0
208365792,0
125412954,0
76013997,0
62160280,0
66998824,0
32599276,0
44105863,0
192188504,0
60041592,0
129682426,0
164737799,0
133471308,0
31497148,0
135006782,0
76971546,0
100172952,0
116732864,0
123451193,0
60661038,0
146691603,0
166347700,0
78161702,0
196285969,0
45516920,0
77738602,0
125313459,0
62836871,0
41297477,0
62217633,0
156323715,0
88921129,0
99653455,0
142862246,0
93575763,0
123851297,0
32313621,0
130952743,0
194969147,0
131146247,0
132939603,0
123926769,0
73841263,0
84015216,0
99931956,0
98449610,0
78573994,0
41604195,0
63602950,0
87343621,0
185287874,0
32440958,0
100515723,0
83708765,0
113138355,0
32037558,0
116598253,0
39033380,0
92850929,0
76253581,0
71924161,0
60397421,0
154771345,0
61966609,0
86387286,0
199072889,0
124106189,0
39369341,0
110396460,0
152420573,0
63549911,0
74171361,0
77167911,0
62040730,0
144627553,0
93914754,0
144099204,0
116003609,0
139839246,0
89475554,0
105206341,0
40848923,0
205410309,0
68154091,0
102065439,0
137877780,0
194750308,0
139917255,0
34667176,0
42902975,0
103327968,0
75013930,0
151522439,0
155969031,0
138032033,0
185814339,0
93565143,0
36262281,0
80663044,0
152024644,0
129119336,0
116921334,0
129088276,0
121232792,0
91726416,0
86243526,0
163482099,0
147754125,0
87960166,0
105035370,0
42673369,0
64200574,0
151378491,0
31590415,0
68351295,0
92078455,0
176473203,0
118878289,0
163505915,0
62004854,0
86491272,0
155990547,0
64473567,0
57546981,0
36783436,0
116240756,0
93249474,0
132972410,0
108441420,0
56463091,0
128964067,0
66745511,0
67248515,0
104339267,0
65361753,0
77219865,0
63799631,0
35979418,0
143015640,0
36921265,0
117201582,0
38455603,0
78213389,0
117303604,0
81890132,0
67275824,0
159922084,0
78430550,0
143057171,0
118036659,0
159718563,0
87856091,0
180103638,0
60179076,0
63699800,0
75843726,0
72351880,0
101868984,0
174543300,0
101816843,0
44294313,0
93754452,0
63819065,0
61814301,0
121935251,0
193865153,0
176033295,0
38807790,0
145085839,0
78121463,0
75371574,0
42327252,0
43609896,0
196555093,0
60082008,0
89782489,0
122278161,0
33375156,0
55901323,0
118152656,0
35716117,0
83392987,0
76612361,0
108233911,0
73741224,0
114709270,0
89405085,0
81957107,0
141440994,0
35992515,0
114783677,0
41653385,0
83825670,0
62021385,0
58542972,0
105893611,0
40290935,0
203576290,0
161169099,0
112635755,0
142818790,0
121189316,0
121475614,0
32214934,0
63371478,0
192030640,0
110564312,0
107111955,0
112174203,0
85229522,0
124741979,0
38877430,0
115490084,0
62663492,0
128795415,0
122322732,0
173667945,0
118980844,0
62095960,0
106482136,0
87199091,0
33255832,0
101936314,0
91413392,0
36933987,0
154770851,0
103844642,0
116213822,0
146551179,0
126776697,0
116230442,0
58181083,0
150914590,0
36801241,0
45055348,0
63128192,0
58151997,0
115613059,0
153922283,0
90904091,0
96434217,0
73743198,0
39320832,0
119046507,0
45431548,0
99134363,0
36631770,0
129275897,0
73523550,0
82308781,0
152936684,0
63819894,0
116478762,0
60319007,0
89314927,0
120244973,0
155631708,0
34396670,0
161091869,0
130508650,0
97682525,0
76310253,0
128368980,0
87205457,0
62045921,0
82183289,0
124404952,0
87896497,0
35368342,0
34906948,0
198957770,0
34379723,0
97056526,0
100002593,0
44609943,0
108989637,0
84617992,0
95323295,0
179644040,0
44725881,0
133982258,0
75682714,0
156475223,0
57781325,0
111413779,0
73610225,0
133339815,0
119294747,0
91615294,0
68423936,0
72313211,0
63464914,0
56573729,0
121560147,0
67020429,0
31359368,0
65402080,0
141336060,0
66723206,0
60891049,0
113061362,0
99135212,0
173299365,0
58509800,0
102494806,0
69088209,0
173417929,0
82518066,0
78459191,0
192512642,0
106837353,0
67075106,0
184612981,0
86267173,0
175395837,0
127535817,0
64194307,0
61804096,0
93850789,0
159445441,0
44196782,0
114822306,0
82702341,0
137572573,0
88704965,0
61574460,0
103543441,0
162151440,0
139597470,0
126829746,0
74126484,0
134692869,0
104250737,0
105830673,0
108202970,0
206974079,0
113313204,0
94278548,0
31877364,0
113739729,0
116126111,0
40328420,0
80403523,0
79281408,0
75635873,0
166964866,0
130635001,0
35931630,0
114331067,0
71704553,0
93859751,0
132190826,0
84108148,0
32719705,0
68503801,0
37911413,0
57868858,0
147589382,0
167060295,0
128606452,0
102433989,0
37637670,0
127086829,0
39064242,0
184965642,0
127269575,0
87287888,0
120465104,0
42135012,0
67649942,0
196434062,0
74547087,0
84788065,0
117191367,0
198956230,0
33693786,0
31125498,0
155653263,0
56850848,0
62090650,0
103302712,0
116822915,0
85761978,0
101497137,0
92595534,0
61547556,0
143351187,0
59644785,0
95611843,0
88113125,0
61099683,0
203919831,0
156911598,0
55782848,0
161628173,0
44295271,0
86691912,0
142517185,0
36442609,0
147872728,0
41189069,0
179663996,0
127222862,0
126218067,0
38361536,0
198930243,0
167085679,0
162004728,0
71411820,0
108754306,0
111641797,0
135493580,0
60207658,0
166849796,0
92274772,0
32159230,0
39113728,0
134693007,0
95064149,0
157378549,0
107342469,0
115959719,0
90877611,0
41564568,0
162800505,0
64580574,0
119634202,0
80134102,0
129370389,0
42660716,0
108271041,0
61343886,0
57525810,0
56543133,0
181203773,0
44638674,0
32925852,0
117518662,0
103573514,0
109695047,0
93797632,0
42433528,0
112233855,0
159904960,0
69768047,0
78616819,0
174684228,0
42301462,0
198919505,0
142772374,0
118366985,0
118675341,0
60343039,0
163654255,0
143123475,0
37454026,0
175799059,0
91219020,0
31165016,0
142790405,0
130171850,0
38486357,0
79689299,0
78563424,0
85813576,0
74078528,0
158263981,0
185017921,0
32226284,0
117019734,0
59062843,0
103059683,0
86576862,0
175986059,0
116070160,0
175744895,0
79067504,0
94766748,0
137890650,0
78681445,0
185322635,0
181031035,0
33412690,0
106394513,0
111306615,0
104757916,0
84053224,0
44069681,0
43826731,0
135996427,0
132512456,0
156199546,0
113549522,0
107275237,0
110242030,0
94006946,0
67948951,0
113885543,0
157206383,0
32189639,0
78068019,0
45540035,0
41497386,0
40389434,0
116937896,0
163156807,0
35019975,0
40349057,0
114595157,0
213919260,0
98219234,0
139641795,0
121568240,0
126649833,0
124391440,0
146390482,0
66243632,0
66450420,0
105112550,0
162470169,0
73682253,0
131999760,0
212480795,0
119754444,0
60228828,0
77039330,0
100737059,0
82582949,0
42977323,0
83350488,0
62971907,0
64842108,0
108077310,0
90918461,0
151025268,0
134113553,0
43343535,0
92896724,0
34792451,0
177762193,0
72262906,0
47573953,0
39516221,0
97123402,0
101327271,0
83756563,0
123310798,0
93051480,0
132553030,0
85214649,0
74240389,0
115932726,0
129495605,0
103552383,0
74331387,0
177687717,0
70894505,0
125933220,0
194871250,0
81424168,0
43410105,0
125749231,0
63929683,0
85304107,0
32807811,0
164185990,0
140502661,0
182063544,0
116876141,0
119809723,0
64332176,0
107224735,0
125204133,0
105783595,0
86995264,0
151881091,0
56563623,0
160682853,0
82294963,0
72828503,0
80662521,0
40683449,0
32374180,0
77185854,0
152242535,0
116441987,0
145937546,0
157437382,0
56847344,0
151882946,0
88166490,0
42698309,0
206712841,0
39894276,0
129027489,0
64641765,0
124940042,0
178380810,0
143681542,0
104291370,0
130586265,0
105956184,0
174552371,0
90602199,0
58586961,0
32423301,0
96118025,0
108748098,0
181297988,0
65139697,0
99644346,0
63650275,0
59844269,0
89431960,0
108190179,0
104844610,0
76730856,0
60023077,0
57086870,0
105766856,0
134101127,0
77930190,0
73011653,0
108577808,0
101815560,0
112503907,0
41344318,0
198628006,0
147933515,0
56216035,0
141653319,0
175149669,0
107004376,0
81648840,0
38970915,0
36046709,0
134616153,0
207223750,0
33940990,0
163510435,0
145203445,0
184996840,0
114286999,0
75491895,0
163471993,0
86452751,0
143415586,0
153664340,0
88707867,0
97709104,0
99068237,0
86362642,0
139097229,0
177439101,0
34571085,0
45683470,0
117060101,0
107189470,0
64536614,0
39034466,0
74243587,0
132591650,0
82276734,0
123022714,0
119566980,0
116040127,0
110177641,0
185201752,0
32743560,0
101964680,0
60000110,0
44102961,0
194294767,0
120399126,0
125644594,0
97695069,0
116873240,0
108724589,0
78305156,0
92062368,0
77364652,0
208458142,0
61027536,0
82063857,0
97569340,0
142323386,0
33507922,0
86347798,0
80266178,0
120515509,0
138962470,0
103944828,0
83871564,0
84347476,0
36242443,0
137077030,0
64404164,0
151175700,0
46400013,0
152067656,0
61773007,0
159704785,0
118635211,0
73783377,0
161109555,0
125561077,0
105479729,0
74319455,0
61317860,0
40639895,0
111030770,0
109448939,0
121129793,0
87087604,0
112727967,0
207189296,0
123549198,0
71004363,0
86733117,0
159976238,0
59645150,0
129621896,0
176818412,0
84958671,0
73876083,0
41482522,0
207071305,0
106477152,0
39305366,0
175114099,0
61571756,0
145950317,0
152109414,0
76394431,0
151757207,0
194913531,0
45129420,0
90868629,0
97765272,0
92792945,0
173202396,0
39701286,0
114969709,0
110413396,0
63785123,0
57771396,0
82457022,0
130552333,0
37404106,0
74479461,0
37270649,0
40103679,0
43497619,0
129109516,0
84172843,0
149723911,0
144714978,0
110635995,0
71120361,0
34385369,0
104861320,0
128629932,0
150061422,0
33128643,0
157329625,0
167126411,0
138924945,0
193964816,0
126171522,0
62623175,0
73327984,0
144131961,0
121655793,0
56607217,0
101681896,0
32748406,0
164244003,0
66518895,0
173642886,0
176468288,0
71154539,0
138753333,0
88983831,0
35669276,0
92309009,0
115223062,0
63927157,0
73573066,0
44294836,0
44439436,0
86901512,0
75262565,0
118078516,0
165432708,0
37501400,0
165368763,0
147920073,0
106783317,0
74905946,0
120565666,0
32531976,0
88802457,0
151992933,0
79953943,0
43500698,0
125869621,0
39822080,0
93369281,0
129152863,0
75992481,0
88555569,0
103129688,0
60449750,0
158957370,0
91835396,0
85254917,0
131030131,0
175757341,0
93394310,0
67550594,0
178317486,0
174142160,0
110727566,0
206073645,0
78306301,0
124329410,0
113843508,0
95203774,0
164603454,0
148090353,0
67442127,0
196642518,0
151914894,0
42686584,0
32399614,0
65921280,0
73690692,0
82075898,0
129474207,0
45339998,0
92237514,0
64369029,0
160027511,0
164891844,0
55810078,0
119722466,0
206565172,0
151704819,0
153359942,0
126767873,0
116970742,0
135807325,0
89035775,0
176668394,0
157768704,0
99883279,0
163720233,0
88173606,0
39696588,0
64896273,0
56172046,0
39449275,0
44234444,0
73273751,0
76986883,0
31822519,0
132633369,0
150052184,0
55833548,0
74951820,0
32499564,0
65692010,0
106436745,0
33286092,0
106157475,0
133114946,0
106522364,0
200518687,0
82957332,0
136560257,0
125427798,0
136497566,0
81271387,0
45031434,0
125839499,0
119297629,0
35543498,0
164037373,0
36362645,0
65324564,0
113309780,0
120488565,0
145584036,0
97991394,0
121267089,0
80676348,0
126291329,0
147100244,0
62437379,0
84115353,0
86336517,0
140043586,0
61925917,0
205807285,0
74859529,0
103001876,0
34523632,0
87103346,0
140081387,0
40680074,0
75698002,0
64633337,0
78344171,0
194962041,0
142155800,0
142194765,0
41475900,0
103265316,0
77797553,0
65440295,0
86411635,0
78909600,0
32385550,0
63933917,0
113414625,0
144618750,0
66603961,0
78343470,0
56819374,0
65527118,0
98426821,0
162782512,0
59044279,0
177905924,0
41332761,0
38383269,0
130067193,0
78422022,0
128097240,0
112418189,0
63044617,0
131187225,0
163861734,0
78237737,0
109304082,0
89577488,0
86026256,0
63575749,0
204183478,0
140618451,0
77608510,0
58018817,0
113494933,0
36500968,0
36122794,0
77044166,0
213107179,0
112013703,0
116393843,0
153445512,0
129525944,0
66734556,0
147704965,0
79560915,0
69855285,0
190398938,0
180719067,0
108894454,0
176416916,0
198565275,0
179647573,0
166933224,0
36790483,0
152477412,0
174949662,0
82457960,0
146439001,0
107119949,0
73319842,0
109592453,0
41217484,0
65731981,0
119163985,0
84045999,0
76587441,0
149242047,0
31492943,0
110383432,0
176825064,0
62317266,0
33890842,0
139838733,0
73839387,0
66163579,0
88179922,0
128635913,0
163856454,0
64396219,0
106241850,0
166490227,0
100445155,0
71000998,0
94458866,0
147221266,0
40353459,0
61167773,0
153160181,0
118295647,0
140909989,0
73509387,0
140652541,0
60542859,0
135590756,0
99009770,0
112249301,0
101461123,0
66601642,0
73503436,0
91484433,0
207124038,0
62067595,0
204416608,0
145801227,0
120741631,0
35951823,0
140324564,0
75202350,0
175906816,0
42011138,0
132656178,0
104117754,0
73916321,0
111340073,0
80786661,0
41680240,0
104840692,0
193890488,0
174344201,0
68591571,0
153370809,0
122358529,0
105878185,0
65573298,0
101559404,0
151640055,0
156670839,0
67036852,0
34905813,0
31556178,0
73925026,0
161433989,0
77247095,0
87604988,0
180724209,0
66020973,0
114791898,0
61246779,0
65435676,0
82801758,0
119798808,0
79318311,0
101257858,0
31944705,0
74162054,0
60118170,0
34237897,0
213507333,0
148519040,0
62307387,0
90964670,0
92564010,0
116857853,0
177337662,0
104101873,0
176168489,0
98649628,0
65119178,0
165806293,0
37170176,0
93898015,0
132498442,0
157438684,0
59465770,0
67336749,0
78743071,0
43654062,0
164907843,0
84887324,0
31693849,0
117933176,0
107447067,0
77417139,0
95519641,0
150004948,0
61085698,0
110694897,0
109022572,0
141093771,0
161981091,0
166593413,0
33119720,0
45297252,0
126590289,0
74632913,0
135220133,0
84300743,0
66773264,0
37804397,0
66141392,0
87265049,0
44437946,0
82270467,0
112097388,0
126097056,0
105801360,0
74830967,0
63892149,0
198604684,0
33988167,0
36468674,0
98722150,0
82987168,0
37931498,0
44421434,0
62892151,0
55739876,0
39984593,0
129542574,0
43434404,0
31465239,0
78765080,0
129222710,0
117537385,0
178508049,0
42177865,0
130313055,0
44251410,0
53212932,0
86970047,0
36882734,0
83930416,0
75992935,0
85626182,0
41992544,0
41574013,0
94721821,0
123794309,0
109945745,0
144839177,0
161032286,0
70991908,0
31857576,0
121787020,0
60188412,0
97660249,0
33682554,0
45281451,0
94661212,0
59507311,0
67262708,0
75297848,0
175538620,0
196312183,0
102816298,0
77587922,0
69521673,0
131312944,0
62393953,0
164598312,0
72254447,0
112534147,0
102249309,0
126105988,0
142570678,0
83230859,0
144499574,0
114073618,0
155318861,0
160841270,0
34371788,0
39588111,0
33768607,0
114544477,0
117262566,0
185650681,0
88603644,0
129144809,0
56954350,0
129383891,0
148427361,0
118115004,0
153004153,0
75269059,0
34697347,0
136391152,0
111176988,0
83335052,0
146022869,0
44027745,0
57741126,0
45254172,0
33343820,0
98595434,0
154960703,0
78954971,0
60614019,0
61046199,0
89694541,0
118421011,0
206068671,0
36853096,0
32156960,0
100001833,0
104212600,0
75744004,0
138038398,0
159836899,0
83536964,0
130551771,0
132698271,0
60127774,0
166903487,0
80042947,0
192853104,0
151304656,0
40394231,0
107065676,0
120690408,0
103720137,0
102522204,0
60932265,0
88656269,0
35701076,0
209945925,0
73840236,0
38858244,0
97797516,0
65202645,0
42029496,0
41337015,0
96798968,0
151166363,0
45029845,0
135603113,0
85877195,0
208131902,0
32906942,0
107407095,0
139171024,0
76746854,0
114525912,0
143039810,0
45657759,0
86241986,0
119726523,0
117498400,0
128034657,0
32604497,0
91577553,0
80942058,0
45175383,0
34256363,0
107300296,0
154794548,0
42279305,0
32595003,0
84749524,0
155791132,0
119196742,0
75426045,0
43121972,0
99371797,0
34712980,0
122714417,0
41990955,0
35732560,0
31716371,0
72652952,0
93004431,0
179300183,0
97665895,0
116829685,0
82859367,0
142331923,0
33724017,0
162088363,0
115065651,0
107390179,0
100697886,0
74108403,0
107421367,0
70828694,0
103692847,0
178647279,0
159917406,0
208347967,0
42042770,0
105992909,0
77148922,0
63078005,0
162785236,0
33548446,0
62989821,0
107997446,0
146518560,0
180805752,0
88571568,0
90563214,0
87286141,0
121841914,0
79256675,0
106568041,0
88419112,0
134941869,0
67941490,0
41407306,0
150241414,0
73855278,0
181192058,0
127218223,0
64400631,0
100114692,0
77001036,0
175129584,0
95952699,0
107021213,0
97089253,0
31479856,0
35691502,0
127740690,0
87787112,0
200507445,0
127021532,0
72200253,0
43249596,0
119967459,0
43031616,0
115884572,0
87067203,0
117906420,0
116359379,0
91677503,0
103577886,0
76028594,0
131212116,0
134656085,0
110120921,0
80008127,0
145029009,0
32425187,0
75411645,0
152962987,0
45201863,0
62667657,0
192847952,0
135997897,0
108437679,0
44729918,0
84336817,0
73215530,0
129168161,0
136581201,0
180809492,0
32689672,0
142078886,0
203853922,0
82361554,0
56110637,0
45554928,0
77672979,0
62744373,0
59209466,0
100706424,0
111880079,0
103401891,0
41695242,0
108653083,0
109733282,0
68968412,0
157836992,0
73154526,0
112969387,0
43175949,0
95625887,0
111788380,0
132106826,0
119526712,0
185702447,0
111917672,0
39912594,0
192527703,0
129162367,0
95555013,0
74020189,0
118533475,0
78555667,0
213990006,0
61852141,0
58276107,0
62101694,0
75072693,0
94711004,0
131723974,0
124433416,0
145779395,0
206757974,0
154791291,0
92651376,0
86140467,0
176910031,0
176120187,0
87099270,0
125391932,0
61607207,0
32408655,0
179735837,0
92087259,0
62695173,0
212164247,0
112269938,0
119934061,0
40390885,0
41278300,0
81436357,0
159382256,0
83511284,0
89921039,0
60514642,0
64640235,0
95565594,0
42936680,0
33361180,0
65854374,0
38494569,0
140528973,0
62288102,0
143698439,0
174655251,0
72337638,0
192334772,0
35087749,0
132918739,0
39113383,0
79552654,0
61111378,0
120166431,0
117509691,0
67558618,0
64071608,0
114111823,0
173351743,0
145427544,0
120129824,0
110370454,0
65483159,0
105559515,0
110423187,0
99018751,0
35534546,0
76738327,0
89351829,0
59810969,0
34879017,0
129337119,0
88604167,0
150888840,0
85203437,0
43379687,0
86536949,0
88418401,0
124726217,0
184575013,0
164295404,0
105283502,0
115686736,0
42533507,0
88231659,0
94340036,0
127313771,0
43267174,0
130972601,0
78922569,0
69349557,0
41269734,0
60388094,0
136870281,0
37966367,0
42853765,0
39201499,0
109673393,0
116312478,0
34595453,0
127561123,0
138581898,0
177909092,0
110437093,0
193937428,0
108176253,0
146072631,0
58098395,0
65326449,0
176487859,0
155926256,0
157082096,0
98740931,0
108574156,0
75265002,0
64526005,0
133987054,0
136199523,0
44793192,0
157180772,0
32243388,0
67451651,0
105716175,0
32131615,0
60048165,0
116100933,0
161625982,0
96868066,0
136083674,0
84263663,0
146736194,0
143888132,0
40955554,0
78652399,0
62727802,0
45013186,0
99720638,0
176872941,0
126855505,0
181138880,0
152194648,0
78361620,0
41683931,0
39059525,0
154049778,0
104087207,0
104126626,0
44599373,0
159436559,0
40234471,0
109140800,0
33722270,0
84297792,0
98495780,0
212189948,0
173985352,0
56636056,0
179706100,0
40705725,0
79859491,0
66722525,0
213673418,0
106371547,0
105744412,0
155459809,0
113878229,0
123577721,0
74678708,0
180671140,0
63917297,0
95919113,0
45174425,0
92785178,0
83888914,0
112859242,0
33477109,0
179448839,0
114546806,0
145475412,0
162970262,0
111733170,0
45548404,0
74254671,0
73718672,0
81839689,0
105143630,0
41844223,0
104874042,0
142840859,0
92402484,0
211628061,0
36420580,0
109537884,0
146436997,0
84431525,0
94753345,0
83262599,0
131210715,0
44606291,0
166074302,0
140440848,0
38655246,0
119947671,0
138145316,0
132873585,0
162466093,0
83784297,0
132296697,0
58839593,0
62666917,0
112760447,0
106794222,0
136115276,0
210567740,0
192359248,0
123587551,0
132335406,0
154288070,0
31333697,0
150187417,0
63559198,0
75793707,0
195109591,0
73625641,0
85224637,0
196552419,0
174093088,0
32963929,0
42716134,0
134089866,0
149657992,0
133951218,0
125447093,0
35812257,0
78481398,0
91988928,0
56567768,0
106736387,0
103668548,0
134431798,0
151765675,0
165890046,0
89331488,0
126689291,0
37713715,0
101124776,0
59796954,0
59023315,0
93973992,0
121898556,0
89256469,0
41868927,0
131810274,0
89324313,0
140545377,0
124605285,0
123634905,0
127225201,0
77063590,0
175422485,0
56582493,0
166553185,0
152927673,0
35786902,0
135433484,0
82019197,0
105853541,0
33572192,0
131168591,0
75591696,0
66592571,0
78826419,0
109393087,0
127293054,0
81977646,0
83897225,0
40393007,0
102498004,0
206286928,0
151180813,0
83356913,0
61205307,0
88033566,0
58907782,0
151887358,0
124221752,0
77798234,0
57048822,0
35738077,0
134523023,0
84800037,0
44577107,0
58366760,0
208331564,0
195880299,0
141828879,0
123765224,0
157418373,0
63918047,0
143720675,0
126205641,0
119461415,0
196027524,0
81175513,0
137531811,0
109417524,0
32352122,0
91629852,0
182734331,0
132981608,0
97593639,0
206513830,0
201045763,0
192769242,0
34681852,0
78452500,0
74941082,0
152963569,0
43681924,0
60384186,0
68919873,0
95766203,0
121388603,0
62509635,0
85963031,0
102355654,0
66748718,0
131681663,0
124760050,0
80722153,0
35115552,0
123106862,0
118216542,0
70228711,0
36295927,0
74436479,0
178783697,0
38829119,0
83089950,0
141950088,0
82063995,0
76632436,0
103157520,0
181097852,0
69946816,0
120988263,0
133766715,0
69725282,0
204696086,0
95648054,0
94281686,0
93372439,0
134227547,0
178169640,0
35160962,0
140347590,0
77387599,0
60028456,0
83108683,0
40668290,0
179967181,0
67245801,0
90306970,0
66880734,0
120243492,0
39825228,0
67152444,0
176508615,0
56229092,0
31825697,0
97914569,0
77175008,0
40758152,0
88430788,0
85035358,0
108299791,0
164608981,0
60530414,0
116871108,0
97504991,0
186930927,0
89137136,0
128380221,0
34566940,0
37629152,0
110328607,0
66365284,0
99159245,0
99579907,0
76429004,0
86874065,0
36656266,0
75109448,0
36841045,0
100498807,0
212161425,0
149985140,0
150250790,0
38169109,0
105767043,0
32959241,0
115796121,0
40362016,0
142003620,0
98916877,0
161530178,0
79243134,0
115711193,0
82530176,0
63711042,0
205754403,0
145123195,0
212655803,0
112614950,0
81369501,0
77150146,0
156220469,0
90537514,0
175463434,0
33180458,0
82687369,0
64094239,0
198791704,0
137798123,0
78398019,0
37127174,0
191677831,0
71638485,0
93547585,0
153027188,0
36642567,0
75542812,0
177673317,0
144769991,0
68518329,0
100780307,0
80759638,0
196254870,0
64814671,0
34914765,0
126562674,0
142121088,0
109687862,0
105780298,0
198638843,0
76075781,0
194052863,0
60577403,0
32745070,0
45448741,0
152969550,0
84885350,0
205892380,0
83193206,0
100460118,0
84814308,0
137161869,0
152253638,0
132931678,0
191247625,0
84613373,0
55821261,0
140012566,0
84350062,0
56758014,0
83545462,0
41086958,0
39936498,0
117694924,0
38685151,0
107782357,0
73481437,0
109795105,0
42581355,0
105482690,0
82172857,0
134508071,0
35923487,0
66857580,0
58554549,0
62848912,0
93880546,0
79458785,0
86732160,0
65981169,0
195235883,0
75858254,0
60619981,0
121290598,0
81844860,0
180589252,0
82317851,0
157144067,0
115970556,0
209930045,0
96567941,0
71978691,0
36463661,0
36416454,0
59389557,0
61351683,0
142797670,0
108972493,0
56414878,0
45627756,0
143152225,0
177581944,0
126741965,0
90183096,0
98940307,0
71382419,0
112939591,0
155932494,0
40527618,0
90356456,0
74498351,0
90730287,0
98144590,0
111716510,0
91508703,0
146548879,0
94013302,0
82707444,0
31129377,0
138975093,0
64316878,0
164890985,0
38735663,0
110495699,0
111352973,0
89564026,0
114528024,0
173716612,0
129588438,0
139890351,0
102234357,0
70129117,0
59327783,0
96179118,0
115986179,0
86990062,0
127306073,0
158820281,0
56027081,0
134643906,0
196594483,0
142586855,0
91859844,0
122872548,0
111812808,0
145429222,0
137596201,0
39028889,0
89243402,0
87222798,0
144123374,0
100754933,0
166342311,0
56462143,0
156594833,0
35349777,0
119719989,0
208074273,0
86453847,0
67127326,0
145277773,0
81142184,0
90801319,0
132778551,0
66359550,0
73350901,0
208082011,0
117042138,0
155094170,0
114647141,0
143524230,0
66622575,0
90681669,0
122163338,0
131584536,0
34593272,0
35503595,0
151139873,0
32760911,0
113058174,0
77085214,0
184961645,0
64099125,0
63987568,0
132311689,0
44791337,0
161713990,0
178712932,0
83202207,0
195025680,0
97889214,0
139518523,0
100911751,0
81490147,0
35775493,0
194718577,0
108514800,0
103109228,0
113456689,0
78081560,0
156774411,0
92812201,0
77192931,0
87096151,0
121875846,0
145054730,0
123746373,0
40666266,0
163745016,0
132404286,0
35785392,0
114540164,0
151786204,0
108073984,0
35264040,0
127958927,0
96708050,0
127018837,0
68643307,0
104609961,0
73092594,0
110336571,0
60169255,0
41610630,0
132656484,0
92192123,0
100565456,0
111261896,0
60110028,0
139957967,0
144897892,0
102339537,0
62574498,0
85310769,0
134950693,0
75014245,0
178588989,0
141275717,0
67332387,0
179971158,0
82083043,0
86996478,0
84546191,0
160984073,0
136580253,0
60295330,0
59616291,0
131572969,0
79307592,0
82019582,0
111753580,0
97227763,0
178569151,0
62149779,0
116029576,0
96919328,0
34861212,0
124035296,0
193511594,0
42442509,0
153847007,0
32355882,0
64159102,0
164676114,0
34412806,0
31919675,0
39687685,0
103612282,0
32687787,0
114198804,0
62254525,0
110384814,0
134714484,0
44669358,0
90770486,0
35528151,0
41478732,0
62412942,0
108145253,0
119033963,0
78941963,0
42152836,0
124247650,0
159523145,0
110192712,0
81154718,0
179561797,0
77930141,0
36008790,0
86890685,0
108557536,0
100786821,0
111536814,0
115604680,0
60233151,0
115250331,0
123504686,0
103882561,0
76420496,0
36774425,0
143657322,0
75622233,0
65885977,0
63044626,0
101894990,0
109751807,0
32430595,0
41225962,0
99348840,0
161715638,0
80116781,0
38891406,0
108161123,0
114142350,0
160918697,0
77761746,0
67464107,0
138438413,0
61854234,0
150122070,0
44971190,0
92719407,0
127024335,0
75396396,0
128011463,0
84926348,0
81525391,0
140955538,0
33962516,0
73381043,0
40788057,0
85140558,0
80406928,0
94999898,0
65895333,0
185302778,0
159901772,0
206638888,0
120960953,0
194001748,0
192525295,0
72522328,0
119894849,0
73966192,0
56418273,0
88694543,0
116398946,0
64323372,0
115197055,0
39634182,0
114327296,0
39637883,0
74539596,0
36903865,0
112469422,0
131088421,0
120968109,0
40301367,0
130683984,0
121955711,0
36905266,0
111593900,0
81304184,0
74652149,0
75468375,0
66809022,0
141032323,0
38929344,0
76786668,0
94742340,0
35613138,0
114821477,0
135378609,0
80585795,0
80529765,0
175724593,0
193943261,0
137045733,0
78679037,0
80799324,0
107729624,0
113724668,0
111712404,0
63137351,0
180125193,0
75669844,0
115051163,0
160352803,0
75790332,0
34678999,0
204211074,0
43161924,0
40089289,0
41907083,0
93624400,0
54694724,0
152838126,0
35864546,0
138181804,0
152498217,0
78940749,0
99117931,0
193557083,0
73956046,0
59416599,0
120935362,0
56067922,0
207163645,0
151316085,0
85942473,0
119018576,0
133169792,0
75925999,0
38930766,0
76970727,0
74525572,0
75606945,0
66336899,0
72465647,0
115746970,0
121226781,0
76404754,0
78457207,0
57714448,0
118548684,0
34295269,0
96259259,0
60132639,0
38830619,0
185102346,0
66602204,0
62107162,0
139055195,0
112081991,0
63171263,0
65626110,0
106338464,0
100661655,0
93051756,0
122691194,0
101495054,0
79219733,0
42052433,0
208152747,0
85433557,0
73139346,0
63791963,0
155650875,0
113588932,0
83498512,0
92518719,0
111846019,0
92806733,0
99279378,0
112427556,0
33640322,0
128396733,0
100553524,0
38566923,0
115717933,0
83999207,0
89607649,0
157713513,0
165551578,0
56166243,0
83900837,0
116747955,0
32338857,0
35111081,0
108245646,0
75278869,0
31505221,0
175119517,0
143048703,0
75744932,0
87924901,0
153757796,0
59596897,0
147446470,0
141826471,0
82355168,0
159927196,0
41240746,0
91475472,0
103686264,0
142581328,0
83158169,0
75290140,0
196448472,0
209924341,0
79846473,0
111519572,0
139399219,0
140891138,0
83968602,0
155989382,0
44286358,0
83826647,0
76480276,0
63833652,0
42489330,0
44481678,0
60899991,0
91911442,0
121162945,0
40935529,0
86968892,0
78097756,0
108069148,0
151486553,0
78009177,0
81241048,0
90283855,0
36213595,0
70725478,0
103420417,0
176081103,0
74549209,0
94712830,0
134574769,0
78101339,0
77612103,0
39880774,0
82840299,0
40580569,0
154423925,0
116330688,0
131641691,0
71348901,0
85423115,0
38438282,0
95131933,0
36768385,0
73413524,0
151106554,0
71441814,0
147411255,0
119366854,0
63931697,0
196193343,0
173385596,0
59592644,0
152929578,0
129631864,0
101644460,0
132473787,0
116301651,0
179558777,0
132509614,0
56472852,0
82308051,0
194958379,0
39172275,0
96893006,0
99014241,0
60554585,0
211569248,0
134565226,0
81434028,0
121098171,0
39784299,0
87168426,0
207276642,0
165421684,0
152642146,0
44934614,0
35234994,0
38676071,0
106509682,0
63323078,0
134089905,0
109958072,0
33993842,0
109813344,0
142721170,0
160455951,0
77524480,0
90772647,0
66406845,0
150658158,0
75741448,0
62841204,0
76112703,0
78490922,0
157322420,0
162921447,0
192566727,0
186590475,0
96658001,0
106847883,0
64379895,0
41404296,0
84788371,0
178175028,0
162328145,0
41172123,0
106386914,0
84842555,0
36643722,0
74430745,0
130700496,0
175382710,0
140134475,0
162702687,0
94100717,0
42645507,0
81088523,0
86421672,0
157171060,0
34351763,0
112385412,0
127363385,0
132180088,0
121912275,0
41862719,0
156834299,0
59132621,0
126892645,0
180337646,0
62105178,0
127178942,0
49314092,0
198878161,0
137970239,0
88129044,0
130123726,0
133673931,0
121823715,0
111164759,0
148228508,0
78553170,0
72411868,0
194161102,0
103376033,0
165344681,0
76639601,0
195435357,0
80028133,0
141620502,0
122587030,0
116719392,0
101406109,0
136947718,0
84250783,0
94532434,0
33769288,0
154409802,0
136933338,0
120901953,0
50632800,0
178528844,0
121105583,0
139902540,0
85811809,0
150719310,0
155800320,0
60388982,0
131782579,0
99853700,0
72020686,0
62891825,0
73842980,0
41646970,0
145748286,0
86312090,0
89044450,0
76187860,0
83465962,0
138733643,0
185695686,0
102610754,0
76844958,0
97760426,0
41744254,0
124431363,0
93292347,0
148066479,0
63810893,0
84044874,0
110188962,0
96508190,0
128111195,0
65695128,0
161157295,0
42190864,0
82658441,0
44594852,0
132787858,0
159508932,0
110900955,0
151088117,0
116097745,0
31191792,0
41955592,0
56163183,0
32466096,0
89306468,0
43156180,0
85123898,0
178259364,0
69932475,0
117609680,0
106875637,0
86687510,0
39450914,0
155191326,0
78452391,0
63810231,0
196580932,0
156285767,0
43722597,0
89119657,0
91871322,0
127438750,0
119168021,0
135126352,0
125437766,0
76622685,0
69808769,0
61391438,0
174166469,0
63902640,0
65064747,0
140285944,0
123804327,0
94184096,0
97565017,0
209790410,0
36504955,0
149910851,0
36105424,0
129079502,0
78240106,0
79587800,0
193979462,0
135776374,0
153784463,0
106044044,0
81281385,0
71996841,0
165504737,0
78337065,0
34781801,0
125131562,0
81808668,0
66674568,0
141150028,0
119547350,0
134204797,0
41438089,0
166553570,0
129543354,0
112651260,0
33673001,0
32948532,0
35594701,0
108284187,0
86502089,0
105494169,0
175361392,0
85619332,0
193030934,0
206525121,0
111867959,0
32441136,0
179843169,0
40130584,0
93203985,0
192860190,0
191881431,0
132668564,0
144226393,0
176916624,0
123851040,0
31894853,0
148419939,0
96604606,0
73715869,0
79666056,0
146197926,0
65303739,0
77491595,0
91911925,0
175203409,0
152363497,0
100505261,0
108854798,0
81626920,0
180378674,0
104052851,0
40488002,0
112649671,0
175425307,0
33666457,0
78184046,0
160660330,0
139530998,0
177965438,0
176106507,0
143369633,0
43320045,0
209981890,0
83623916,0
80713488,0
96970058,0
101945592,0
82134543,0
177805520,0
58609878,0
58172487,0
161095313,0
73168708,0
104461324,0
75976157,0
67417503,0
196212756,0
66293532,0
117245955,0
60670059,0
106438542,0
145316008,0
106279236,0
33753053,0
148113537,0
179111022,0
73143965,0
36902523,0
80720031,0
160728056,0
127159637,0
36497375,0
87067292,0
106604351,0
108761027,0
121608291,0
82253195,0
43849786,0
175146343,0
147765564,0
175419386,0
173204952,0
138935417,0
104074347,0
162564947,0
133746404,0
62939456,0
178814826,0
64900872,0
31430804,0
115671921,0
154460097,0
42541639,0
39140909,0
100863271,0
174040641,0
61073617,0
65405988,0
175677259,0
203989688,0
74439538,0
41702299,0
151595721,0
90896264,0
178355316,0
82554751,0
85797893,0
56296472,0
63606256,0
112575797,0
145216137,0
95194319,0
78092506,0
209957976,0
93306412,0
37813497,0
129558760,0
39675605,0
155855738,0
35318372,0
33397797,0
87945904,0
149688815,0
128337229,0
107923029,0
111736782,0
63420846,0
56273279,0
139878270,0
80397897,0
79103469,0
82171574,0
59207709,0
151232865,0
115719276,0
133152036,0
80502505,0
134601516,0
77660819,0
41941380,0
75637550,0
32997703,0
209962783,0
100808525,0
118917353,0
84185417,0
59859646,0
112546632,0
76221426,0
152378509,0
95919143,0
56653604,0
92248587,0
76285322,0
34587163,0
37731253,0
63370254,0
153071207,0
59011117,0
74959982,0
102210897,0
91732279,0
106901762,0
151522715,0
93762634,0
64715116,0
81944652,0
83484882,0
129510133,0
86169849,0
92063049,0
155055678,0
71094197,0
167129333,0
32752551,0
203719360,0
31452527,0
101890332,0
82479071,0
34261624,0
42002552,0
185139949,0
94198091,0
134208864,0
85548518,0
58749483,0
135126915,0
60130498,0
63806313,0
35599528,0
86944031,0
155504883,0
97635131,0
43829731,0
64445479,0
75567200,0
194521609,0
79866468,0
106572887,0
161598940,0
91856735,0
163533806,0
203721482,0
62233345,0
56141450,0
90015106,0
127626154,0
39041266,0
159573924,0
125017676,0
84931658,0
106774631,0
121511697,0
119664532,0
195978935,0
164210891,0
91241009,0
94493863,0
36395482,0
78077603,0
128660429,0
150995876,0
60409827,0
31546831,0
123533002,0
140947484,0
89272221,0
120775464,0
77459529,0
166289518,0
45481607,0
150322019,0
122997053,0
122608319,0
34764648,0
36159687,0
114317229,0
142850778,0
155042877,0
74212054,0
195438071,0
125418007,0
108633265,0
131327275,0
31120119,0
87530482,0
131436857,0
166304520,0
159720734,0
85737077,0
115516712,0
116214296,0
106913881,0
64819764,0
64187053,0
160280439,0
125800810,0
31791903,0
100022519,0
95261324,0
96306712,0
210409639,0
107752788,0
106699454,0
106376501,0
115579088,0
111259231,0
38058391,0
71608561,0
164961247,0
94562151,0
38250681,0
69937972,0
76518531,0
58351097,0
75411221,0
64161648,0
79090599,0
113816495,0
107085701,0
47321508,0
147133219,0
116466513,0
38846144,0
81026482,0
134225158,0
83699665,0
61340087,0
156905173,0
100129920,0
67981698,0
84875835,0
38402584,0
40681179,0
141877852,0
83364355,0
58133630,0
117988693,0
89587308,0
121128668,0
208331584,0
110380077,0
174355640,0
45274385,0
145008461,0
194151657,0
110274857,0
139009192,0
135099753,0
194170025,0
145772487,0
67131077,0
100311037,0
33113878,0
114695818,0
63623350,0
119952724,0
95251010,0
106352617,0
121952641,0
146637844,0
84999087,0
196271244,0
82949624,0
149953261,0
115700968,0
61457041,0
35491751,0
65158972,0
35622948,0
67373691,0
63183363,0
150995481,0
107200978,0
94044865,0
43821697,0
40993375,0
57862699,0
79043422,0
178381737,0
84615495,0
179427817,0
41460039,0
160502821,0
180000224,0
70207373,0
176510372,0
64071154,0
75831508,0
56011665,0
34518766,0
94264651,0
204070057,0
43581886,0
36281645,0
77231304,0
110494021,0
161032503,0
175311363,0
149351501,0
175798092,0
35960587,0
113859655,0
127140678,0
31396665,0
89433214,0
112792672,0
31431327,0
36335514,0
189086211,0
77983220,0
181197693,0
34784535,0
37914720,0
200713542,0
121981401,0
44825515,0
120378647,0
148049552,0
99883624,0
89176190,0
124646866,0
38483673,0
196394811,0
38854444,0
115903206,0
72508096,0
108043102,0
69413541,0
122231882,0
86490739,0
40875275,0
33146635,0
139201620,0
173989576,0
102757199,0
81435045,0
82588693,0
32805798,0
37127273,0
156734834,0
212164306,0
76449404,0
177436683,0
204131544,0
72033526,0
119862121,0
85864770,0
82712458,0
146422489,0
86404953,0
140954225,0
80379431,0
107235019,0
140007631,0
32780305,0
150107079,0
97421188,0
83804737,0
56918376,0
204256217,0
118225445,0
155925378,0
104018633,0
82276211,0
212523067,0
93381184,0
55908547,0
94416051,0
208560115,0
82183190,0
156169226,0
63476461,0
177966760,0
155063791,0
146011992,0
92208843,0
72880407,0
162320654,0
118010889,0
173505433,0
180990856,0
41467836,0
75202222,0
129227359,0
40297163,0
40955446,0
93442395,0
80100773,0
55924191,0
117343161,0
196565989,0
62908752,0
135173766,0
76750792,0
31394681,0
67082884,0
64588420,0
34182499,0
162518421,0
131341793,0
133128172,0
43095581,0
127628828,0
41291526,0
75366965,0
43970659,0
40008546,0
36656296,0
79131015,0
160118134,0
208423055,0
78231036,0
139367903,0
69837608,0
71992301,0
161243841,0
31579786,0
35333946,0
144828074,0
161420537,0
104297331,0
105625040,0
174917931,0
42295807,0
65842245,0
127145455,0
78933791,0
73092456,0
88919975,0
34444823,0
60121674,0
84651450,0
62644049,0
93586185,0
86923512,0
128453661,0
155313245,0
83870892,0
111551085,0
127401857,0
76864776,0
83866599,0
99191262,0
126845537,0
121151072,0
64789464,0
32949776,0
45162197,0
90969003,0
40717154,0
75346032,0
196525455,0
134697764,0
42268429,0
108587095,0
77407614,0
177401439,0
179830043,0
67205800,0
59041801,0
134443662,0
92725753,0
97124912,0
122357877,0
118480949,0
132633912,0
118331306,0
115303933,0
103739205,0
84260959,0
55719811,0
180174058,0
75249033,0
66711224,0
95242246,0
133963219,0
80810387,0
106344869,0
42062016,0
159612070,0
143350881,0
148738243,0
64074075,0
85722924,0
78702990,0
207268943,0
80735250,0
33621817,0
107465859,0
133548281,0
35696536,0
185135093,0
84826093,0
90843176,0
74101465,0
174005693,0
115429938,0
146503272,0
44772140,0
193939500,0
212460187,0
97535734,0
71642927,0
86989707,0
177949666,0
163847709,0
180980167,0
135666012,0
147184008,0
127576095,0
61431647,0
60543274,0
154451580,0
141643054,0
121725788,0
154297150,0
35554552,0
32189846,0
78424628,0
87736885,0
120524539,0
77441763,0
99594415,0
92178612,0
127777109,0
121244932,0
38182748,0
82798382,0
41510078,0
185343519,0
130545474,0
59400670,0
155029692,0
113630078,0
176224242,0
31530280,0
64220086,0
143055513,0
131236356,0
122734975,0
58661367,0
133970730,0
163599489,0
137851419,0
135476229,0
109900661,0
32575195,0
113441736,0
86444540,0
38690470,0
38131880,0
45592867,0
196131342,0
76916542,0
195429278,0
78138459,0
135323300,0
32611979,0
79365547,0
85855887,0
107907603,0
75661464,0
130508483,0
175157071,0
102231228,0
99835224,0
77882135,0
156063039,0
75422946,0
110898626,0
112023405,0
152048558,0
95815936,0
39802873,0
196281172,0
61597249,0
107344818,0
178674618,0
86394540,0
174090947,0
33016642,0
108876660,0
155260295,0
39654336,0
32690284,0
35145891,0
112686820,0
72684022,0
92940545,0
37969683,0
160710863,0
155881735,0
148047203,0
44546235,0
103537283,0
56017074,0
107640738,0
196192237,0
32152864,0
66629582,0
102485824,0
32724798,0
86111125,0
59788575,0
41872756,0
62112531,0
34611975,0
109001944,0
91829376,0
129823601,0
146054580,0
124884299,0
136718783,0
77082470,0
32151650,0
98813651,0
100601756,0
145012971,0
63768897,0
142661518,0
56682532,0
150895502,0
32237526,0
75515148,0
78621122,0
84616719,0
91736848,0
67695342,0
95581800,0
125879550,0
90439430,0
112496248,0
164688649,0
126084689,0
89516730,0
56541821,0
155457006,0
65833204,0
35954527,0
57551017,0
118520023,0
83590606,0
121449479,0
163600327,0
193862211,0
134530406,0
41012828,0
85481878,0
40580904,0
74853302,0
97080834,0
190122431,0
83074514,0
84294733,0
212773143,0
115890346,0
89709050,0
66248487,0
31811485,0
75841446,0
81628015,0
163606052,0
72493618,0
144866674,0
91847793,0
108255654,0
160893184,0
86729288,0
40855704,0
60566102,0
116172597,0
71872148,0
114479140,0
196364255,0
152243226,0
124718213,0
80049638,0
43795681,0
110907192,0
166595802,0
106022340,0
32051731,0
112304679,0
86950821,0
35911604,0
122051466,0
103890170,0
85609996,0
153784967,0
87070164,0
102899331,0
89032251,0
58167029,0
35008151,0
185675276,0
139219632,0
106215281,0
76795314,0
123919308,0
55898974,0
121742310,0
81811511,0
104709979,0
121296086,0
32581403,0
82738533,0
99013846,0
71099141,0
36535077,0
35852821,0
154863478,0
162189250,0
145762785,0
84792496,0
79499290,0
131036536,0
161127242,0
111863922,0
80582488,0
115889773,0
126373079,0
40392188,0
76431037,0
41243441,0
137505687,0
74966161,0
76218574,0
53188514,0
110630488,0
116773122,0
130010551,0
99706356,0
93533857,0
93894324,0
33434798,0
40515479,0
65068260,0
108941187,0
196248168,0
150996429,0
59898700,0
135111330,0
88736933,0
112500522,0
86612501,0
79698202,0
36951683,0
79721139,0
126007864,0
42251433,0
49036352,0
181151138,0
33698958,0
125282735,0
88027871,0
165692516,0
39283101,0
121686991,0
76083163,0
90646080,0
121474025,0
157512923,0
119589286,0
131984531,0
84358846,0
65622133,0
143323265,0
88123261,0
126205849,0
137785776,0
121387557,0
63931499,0
33659992,0
138606453,0
35381676,0
106602614,0
95558586,0
180777870,0
56086773,0
60537500,0
99793989,0
107188138,0
116310791,0
42873899,0
159603098,0
98533048,0
104052821,0
114469300,0
156714058,0
184918810,0
109755646,0
163848805,0
100038439,0
60924162,0
117989976,0
139487345,0
125711697,0
161625765,0
176392005,0
162737961,0
38130992,0
96363067,0
93039567,0
80722706,0
92886095,0
94948279,0
41058060,0
58364687,0
102224073,0
107786749,0
86052795,0
177727718,0
91323855,0
127095998,0
42731886,0
78431013,0
110951981,0
78012740,0
109462233,0
178804472,0
85269484,0
108284681,0
88399550,0
43487345,0
67469219,0
91043973,0
208281249,0
110801578,0
131055357,0
199559825,0
90971086,0
112986886,0
83685966,0
133621632,0
133273610,0
119065999,0
34607919,0
75259999,0
66778702,0
72185498,0
122628295,0
193026976,0
196182960,0
85967996,0
73668495,0
108234059,0
110285368,0
71539079,0
143804823,0
36359329,0
97388924,0
32686909,0
36552240,0
36470273,0
77243404,0
178488704,0
122655476,0
97732692,0
44479832,0
147564698,0
127208186,0
118544430,0
89181983,0
58701280,0
99409074,0
113814936,0
120030309,0
131107883,0
196525958,0
75857139,0
178891927,0
180561864,0
90453790,0
128697104,0
99704244,0
56821052,0
115733508,0
62672572,0
45454761,0
124109288,0
150125702,0
84632826,0
39694130,0
69787520,0
150074568,0
33596255,0
156701218,0
156991532,0
78173683,0
37699809,0
208329867,0
67624666,0
39516556,0
99202079,0
177839482,0
159622058,0
129567791,0
110357909,0
121135833,0
194508947,0
163061585,0
153605389,0
165914394,0
50535535,0
149225269,0
77475665,0
43565423,0
87187820,0
93804580,0
31873268,0
192725026,0
62808832,0
89304712,0
111238446,0
144951888,0
125187256,0
177174339,0
98828277,0
179651501,0
93669791,0
80298718,0
83549874,0
108210382,0
34508650,0
175661605,0
71772742,0
195361799,0
130021803,0
82569694,0
43242529,0
177172711,0
61914034,0
136546144,0
164870249,0
140995806,0
154458034,0
140158281,0
80434138,0
77424817,0
95860991,0
31749444,0
31680643,0
88542522,0
64706411,0
56505876,0
125263361,0
123174034,0
195452086,0
195896939,0
38648367,0
81161893,0
63922143,0
79209548,0
91208124,0
92631558,0
119161142,0
110879617,0
195128343,0
75134023,0
75220263,0
116163990,0
35978915,0
78022155,0
55317378,0
44954076,0
175486805,0
143873683,0
155646019,0
90039375,0
91855649,0
166639258,0
133934400,0
104067290,0
128962932,0
96748535,0
196121798,0
84899177,0
147273565,0
80731154,0
69708317,0
148302708,0
111599762,0
79389974,0
103867125,0
101839385,0
136903601,0
203848770,0
141247934,0
105073358,0
86601388,0
127310484,0
177599058,0
82761687,0
107175021,0
194313223,0
120947620,0
32259002,0
79039771,0
160553462,0
180092939,0
39667986,0
174645638,0
162776334,0
81488459,0
68408667,0
111823279,0
103771627,0
35315954,0
94435406,0
147332378,0
91938356,0
107800310,0
69168045,0
31266613,0
114668163,0
109279468,0
60081643,0
198628648,0
56062799,0
162573198,0
129484748,0
32935830,0
85546100,0
173326467,0
154219900,0
54027914,0
31530744,0
33290050,0
164860784,0
193901265,0
32862864,0
122619313,0
117055689,0
63945415,0
119225699,0
32055511,0
176724739,0
124491567,0
134908638,0
165964423,0
137820655,0
83154557,0
67300982,0
60517702,0
119539306,0
40645609,0
142500861,0
83691878,0
157031958,0
157040347,0
198705611,0
38465591,0
115758162,0
36369751,0
156742867,0
92844850,0
64923937,0
43410609,0
148529432,0
62336848,0
81359996,0
107899490,0
148255857,0
90803628,0
105823142,0
112087942,0
121037729,0
102774540,0
37760181,0
127933789,0
85468278,0
76221910,0
83023607,0
120125363,0
56257527,0
130692255,0
82754492,0
60642829,0
93225422,0
212414363,0
61831790,0
31210475,0
111933108,0
35490162,0
45186150,0
66051806,0
129397856,0
107697873,0
96271744,0
34511818,0
69945523,0
126058969,0
145826148,0
33513912,0
114784180,0
165547028,0
66399798,0
66321680,0
72067310,0
144870622,0
62035913,0
43543651,0
33772279,0
96682448,0
106824818,0
175066044,0
81470763,0
66526188,0
96586910,0
121398996,0
195493233,0
107204788,0
76665164,0
58986887,0
115876351,0
55825801,0
98629010,0
125988707,0
157221602,0
81386210,0
125727222,0
92368296,0
64247119,0
76562303,0
141740931,0
173695867,0
156574827,0
124637924,0
85693680,0
73237934,0
83514452,0
125671153,0
90987025,0
94990255,0
67538958,0
113835622,0
87902290,0
137961702,0
72457228,0
61627993,0
59116958,0
142167663,0
63014011,0
112078458,0
83470631,0
139848227,0
151843477,0
160936215,0
82240049,0
31710677,0
62537881,0
120998823,0
156573199,0
207291614,0
40321699,0
64957129,0
148439708,0
129302200,0
163779046,0
75196034,0
60488211,0
111141339,0
43051631,0
127440625,0
69772499,0
103458474,0
149238899,0
112576458,0
156358890,0
157410645,0
95780672,0
38087605,0
80791951,0
32371792,0
163927357,0
92970421,0
56982508,0
42324084,0
69519876,0
44769189,0
117347691,0
62177226,0
62716640,0
108117608,0
153574330,0
113277062,0
190864813,0
135569211,0
130699272,0
140051650,0
87453213,0
60645720,0
34768428,0
147829667,0
74662878,0
99771456,0
87424414,0
179526118,0
134621956,0
36785518,0
82890486,0
69298343,0
132126071,0
100865907,0
105062255,0
80278820,0
86297621,0
115821969,0
65868360,0
86124992,0
34045825,0
121911288,0
56398218,0
31845584,0
126987186,0
41229199,0
166686326,0
152857234,0
83686439,0
32366374,0
160475167,0
78422299,0
73393193,0
42792722,0
181312664,0
57714823,0
84873328,0
151735040,0
177249921,0
103854225,0
88067478,0
128914542,0
125168356,0
127913517,0
90791528,0
145516420,0
193514446,0
112884360,0
128816783,0
112686840,0
133474693,0
112340535,0
62555311,0
33048087,0
87783450,0
39069779,0
63510768,0
35325695,0
85870079,0
75789878,0
116579510,0
143086553,0
95905197,0
76294570,0
64504272,0
75729101,0
142421509,0
62519879,0
96379629,0
91816082,0
115029706,0
92555049,0
155832515,0
130505166,0
75779041,0
62058021,0
66482061,0
35725237,0
60314931,0
65599008,0
63325318,0
144780848,0
39248597,0
94535019,0
125959691,0
136174070,0
116014535,0
44180082,0
213726043,0
72705222,0
71956514,0
213084617,0
75059537,0
41818849,0
112965400,0
80496998,0
179281263,0
41249975,0
36890146,0
177039155,0
36776044,0
74977224,0
129083766,0
104212749,0
85909163,0
107521958,0
143868581,0
123512009,0
174333147,0
36734493,0
120289021,0
132266624,0
38775793,0
79044232,0
66647387,0
79383894,0
129492525,0
45120123,0
115040089,0
39217547,0
112474910,0
71337097,0
85982011,0
131778197,0
60887299,0
31593080,0
100640643,0
59948690,0
43304589,0
150359592,0
88868061,0
59657013,0
110446460,0
136078108,0
31947162,0
84960033,0
115676155,0
37522877,0
59029277,0
62972559,0
87307479,0
173358721,0
117973602,0
89049010,0
86173965,0
74818107,0
126644927,0
115720549,0
63933819,0
125567838,0
130165761,0
120684703,0
73988034,0
97967283,0
62140679,0
106326837,0
195356884,0
149079761,0
99135035,0
87209632,0
82413132,0
115724595,0
87611354,0
40546519,0
42433962,0
34443945,0
83411383,0
42852828,0
132293440,0
91741398,0
65027272,0
184721803,0
129389437,0
213815087,0
107638231,0
128271014,0
91886126,0
115345573,0
125567927,0
68776458,0
134117659,0
67483205,0
40863007,0
128984093,0
153888331,0
41766283,0
145216167,0
65928031,0
150022644,0
146110876,0
82478637,0
77036458,0
75045769,0
45451919,0
35675306,0
44101422,0
107872881,0
101565958,0
193550697,0
32382816,0
109675150,0
151522261,0
121062028,0
122685331,0
44167153,0
96680661,0
34286485,0
72779165,0
94673816,0
147280829,0
33475599,0
205007926,0
161647784,0
126120289,0
88749990,0
39350224,0
131922807,0
84428683,0
57124532,0
213966101,0
194748166,0
175874009,0
39491399,0
90793660,0
33540995,0
41017634,0
74165351,0
117328110,0
108921744,0
69175842,0
71774696,0
133205648,0
131408097,0
185414373,0
185528949,0
90381110,0
39238984,0
74721582,0
195022798,0
87631735,0
40147204,0
61172580,0
33344866,0
147591721,0
33673603,0
73664005,0
144038930,0
56651196,0
131166815,0
107552415,0
154184745,0
117341385,0
147993177,0
129023581,0
106112825,0
134267568,0
109392692,0
41098979,0
73741797,0
80357659,0
37821669,0
78627261,0
41249590,0
89185566,0
78667193,0
96112488,0
83395691,0
61759811,0
78913992,0
34508788,0
113035967,0
87760138,0
37190429,0
124551051,0
81426557,0
36030119,0
43338501,0
119344776,0
31754280,0
37624415,0
90306634,0
119818636,0
128974134,0
65558020,0
164529442,0
146627885,0
103703832,0
112096203,0
125107036,0
43535262,0
81506254,0
59479252,0
179794354,0
56154498,0
32445646,0
75480870,0
196423008,0
156491015,0
133823199,0
76106791,0
137064634,0
62105208,0
95764496,0
151555295,0
115846061,0
117710982,0
33420467,0
146687409,0
144795159,0
191580645,0
44371819,0
196653404,0
60839816,0
115438308,0
73287677,0
78754371,0
165935446,0
158284065,0
56137108,0
112882870,0
113197059,0
40170200,0
138193756,0
103831061,0
162698325,0
176485510,0
45383483,0
121297902,0
118544549,0
34216648,0
102592919,0
144923967,0
106236422,0
151170736,0
73620707,0
146499018,0
111283362,0
151587805,0
132279544,0
35608144,0
80951424,0
62517925,0
89273573,0
78419348,0
128414617,0
115178727,0
100635520,0
36778817,0
120815169,0
145799993,0
34566318,0
65403432,0
43529488,0
84367274,0
164183976,0
115869086,0
62891016,0
37413679,0
208389844,0
118279412,0
112743304,0
68241812,0
185073388,0
123160128,0
61789716,0
160039483,0
166221645,0
142803700,0
93097383,0
39411741,0
83834888,0
206626659,0
78564381,0
112373539,0
65635398,0
38097820,0
116497474,0
146623523,0
193519657,0
83253381,0
128537681,0
35524657,0
145265919,0
98046417,0
205620117,0
89465487,0
198755768,0
107804485,0
60248647,0
159650699,0
64828074,0
102840883,0
82402384,0
89064328,0
155440109,0
145592218,0
39025593,0
107757743,0
64238187,0
59989333,0
59011136,0
115964881,0
62647187,0
86866396,0
55788385,0
33378985,0
61149258,0
212423719,0
42372524,0
156781309,0
56338536,0
142097796,0
35694848,0
44404596,0
38888899,0
85283707,0
56531971,0
166618245,0
41765888,0
91299665,0
65173836,0
119943614,0
162856061,0
61157578,0
157010896,0
41778561,0
199100504,0
141009485,0
129369817,0
176422641,0
59993182,0
62540832,0
134720139,0
60703379,0
62244932,0
153864624,0
105966113,0
84686793,0
73207920,0
60726266,0
34243099,0
195163874,0
143890570,0
115041698,0
33457379,0
143625867,0
101626488,0
140294304,0
90855799,0
64949805,0
83900748,0
42549190,0
91763388,0
44735968,0
74578502,0
72590784,0
34069472,0
93821487,0
112329896,0
99430807,0
32121282,0
92709251,0
121170959,0
113453412,0
96409484,0
113470664,0
73823201,0
127556267,0
125990286,0
40081453,0
88614283,0
68172902,0
58338819,0
33547410,0
43117531,0
42113841,0
137626856,0
141644900,0
132952197,0
37888466,0
118243368,0
95008109,0
155971124,0
59101137,0
97291610,0
84269378,0
174886239,0
67992496,0
137451048,0
156242696,0
40355482,0
124255230,0
207000944,0
38432666,0
194551307,0
125714332,0
84651776,0
157734565,0
40240383,0
99154172,0
173623325,0
63078815,0
62876705,0
42217383,0
38883786,0
115485781,0
74818896,0
56172431,0
80990626,0
85572274,0
155460322,0
153176595,0
118713378,0
104981877,0
99473799,0
123337574,0
36673716,0
191846049,0
145659263,0
31671020,0
136059118,0
56592807,0
134214647,0
90299785,0
139970768,0
109236940,0
59338245,0
45031158,0
179082094,0
42903202,0
206488850,0
211678110,0
105613857,0
33381749,0
34368768,0
133814938,0
62269349,0
132277195,0
59170846,0
31473214,0
185122095,0
75271122,0
141532209,0
76831684,0
133155599,0
164773833,0
143203478,0
65835198,0
160933926,0
35661558,0
38199556,0
195328183,0
124989370,0
62219310,0
66476347,0
129215959,0
56284017,0
124778497,0
85842583,0
43731124,0
106778549,0
38916711,0
76113778,0
83388052,0
149276157,0
33648188,0
96308341,0
63843038,0
43276056,0
111273414,0
85231595,0
32903023,0
33613684,0
178828307,0
162553873,0
76481599,0
79532254,0
180487950,0
106308579,0
211668951,0
81753497,0
73900421,0
70148531,0
185111386,0
146587065,0
154248710,0
100696682,0
175014623,0
135965752,0
181378534,0
76777894,0
111035349,0
43356375,0
100560867,0
86828823,0
74974076,0
84032507,0
75791516,0
69860565,0
38860010,0
139692998,0
204874035,0
112786898,0
62421282,0
140847840,0
159783317,0
111683654,0
92596303,0
80993962,0
78769748,0
198548734,0
102592831,0
75175416,0
181317431,0
145162506,0
82580580,0
133919793,0
39891068,0
120913550,0
152756495,0
152150777,0
92620672,0
179418145,0
123727917,0
99913776,0
89259065,0
195256658,0
136537715,0
90093520,0
204521512,0
80684382,0
112772794,0
67296452,0
39844671,0
95143017,0
152843861,0
112434050,0
33220578,0
109675634,0
40110183,0
140194640,0
97809833,0
66619239,0
77924861,0
167674421,0
127552526,0
89203430,0
156148826,0
146212710,0
82769080,0
109389593,0
66975216,0
39144847,0
87445555,0
178625299,0
74408291,0
67240304,0
95004220,0
41842013,0
37636199,0
150196843,0
89224531,0
117657350,0
41260476,0
123658790,0
85302656,0
39308564,0
37490109,0
63889040,0
163623057,0
107517714,0
104792834,0
66783815,0
44094503,0
78116035,0
178144837,0
185102869,0
148275211,0
73830663,0
61902703,0
116470540,0
147384321,0
60605808,0
65923323,0
122917139,0
95179238,0
175254770,0
104490509,0
153946443,0
67382416,0
41357080,0
78629886,0
98569260,0
178965732,0
85865589,0
206814695,0
58965371,0
178165514,0
72113786,0
175591581,0
75322108,0
136356786,0
126075915,0
63003974,0
88114487,0
31317363,0
91876967,0
168338132,0
44545110,0
102844486,0
41237045,0
31754527,0
196384734,0
39123756,0
34942715,0
114004333,0
60890645,0
105535345,0
98940041,0
58231517,0
115225272,0
75954434,0
134447432,0
62927247,0
94125401,0
193988532,0
61468915,0
56607750,0
114044068,0
44602116,0
42678314,0
31314826,0
176903656,0
55890851,0
111753620,0
194911232,0
196635225,0
106923909,0
84923111,0
50506864,0
115557888,0
38035928,0
102011590,0
177483919,0
140293919,0
194003791,0
92711521,0
175968599,0
126451473,0
128734658,0
109751412,0
139742701,0
80265980,0
125951992,0
63644185,0
66294727,0
99031680,0
41034600,0
33668007,0
80865460,0
76091937,0
56479682,0
112633278,0
161116138,0
66365748,0
158920438,0
83010312,0
35439245,0
84991241,0
90671158,0
157230830,0
143855849,0
135055330,0
114722979,0
79932200,0
131743575,0
149080659,0
212476926,0
141462361,0
118133184,0
116132911,0
85564832,0
78396036,0
127279316,0
213525137,0
173377592,0
140272995,0
86065557,0
111630269,0
136028098,0
142317099,0
67318264,0
76121181,0
40235596,0
70399771,0
108899498,0
150598703,0
156660427,0
143850243,0
174305522,0
71885956,0
165909608,0
102359059,0
78392601,0
127077542,0
133410492,0
105146739,0
77064981,0
75409859,0
160824432,0
55796537,0
150629033,0
82896338,0
194807305,0
155785901,0
163189377,0
153555202,0
40220841,0
77609744,0
45442632,0
108280101,0
104388576,0
174194203,0
112868835,0
38099597,0
57607570,0
76553479,0
41904803,0
80473656,0
159101772,0
81661670,0
112339756,0
138058651,0
125981710,0
131734899,0
176330340,0
33301390,0
32953951,0
141944087,0
141808676,0
136717006,0
109595453,0
37023208,0
139775172,0
175389639,0
126518439,0
87567375,0
133397888,0
36592212,0
75108470,0
180874444,0
164218905,0
195879499,0
138988575,0
74458330,0
33079670,0
75148156,0
80239155,0
107982217,0
41446005,0
185354702,0
111908345,0
72428113,0
67033003,0
72414414,0
60502582,0
128088900,0
80088811,0
87505345,0
33352377,0
142098902,0
38370320,0
56176941,0
82798817,0
212988497,0
167281867,0
112537641,0
87734487,0
37815836,0
148985743,0
150420202,0
83076636,0
84802494,0
175347831,0
40155258,0
120289653,0
152272055,0
32551508,0
114793635,0
42804013,0
33251874,0
62318707,0
38763871,0
178075977,0
102040676,0
118315219,0
77906710,0
59578570,0
32603116,0
43191691,0
177569420,0
87308101,0
101770999,0
191948288,0
195434341,0
88999662,0
166544667,0
157278284,0
110306074,0
108746085,0
38798108,0
205000188,0
79344416,0
179571952,0
87808598,0
67087651,0
120580569,0
152227366,0
193801059,0
111693218,0
65378521,0
156607239,0
99203016,0
80488609,0
41926339,0
127192621,0
87569448,0
178273132,0
80073602,0
151109801,0
131911723,0
122628453,0
35553871,0
84822066,0
145893241,0
86012014,0
106306832,0
32523636,0
73287469,0
72392573,0
124484965,0
130621638,0
158745341,0
61470573,0
97092510,0
61436611,0
74681847,0
140427198,0
65489031,0
205330494,0
97089984,0
175691974,0
41380707,0
144603570,0
79670754,0
78706928,0
87884880,0
100680723,0
182595585,0
101432442,0
60033134,0
75440869,0
103745373,0
80499337,0
79600917,0
120620176,0
99156866,0
146083942,0
34776728,0
104132252,0
70410460,0
36994359,0
101584562,0
41780594,0
82752084,0
106420549,0
111418744,0
59470162,0
116359497,0
125291884,0
198705542,0
35973368,0
104302207,0
84039495,0
40107676,0
58240458,0
119108340,0
36155887,0
141955852,0
102857751,0
76184751,0
90554203,0
154344109,0
36492490,0
144019240,0
37617852,0
145423280,0
85058453,0
89248731,0
58523548,0
33361397,0
35059779,0
103062950,0
43932464,0
102988582,0
96622145,0
85466630,0
148082191,0
77911793,0
31626558,0
118527741,0
84583952,0
78721989,0
92567060,0
72139605,0
35368362,0
160585094,0
87473012,0
43787272,0
121512812,0
108423872,0
80280360,0
34080655,0
41524468,0
122786248,0
41492421,0
93847740,0
33039086,0
165392164,0
141588880,0
140779878,0
59380802,0
73721041,0
192039730,0
77777310,0
86120767,0
192797321,0
93547536,0
159779567,0
122308608,0
96247554,0
167210875,0
77544417,0
129297768,0
73773695,0
175329266,0
148366495,0
210362067,0
148431161,0
136321966,0
119468719,0
166038396,0
35967753,0
97071152,0
127189039,0
113808037,0
67435278,0
56572821,0
205951983,0
96364054,0
65200503,0
142166331,0
113441865,0
94042279,0
37835901,0
81406482,0
44182037,0
102338748,0
166914896,0
44317882,0
133689634,0
159560254,0
32728914,0
58639112,0
122790423,0
108486731,0
97797802,0
81135157,0
40534379,0
137930869,0
71742491,0
61225964,0
38659075,0
58430527,0
152851164,0
34408099,0
66996722,0
111011909,0
139809114,0
125581902,0
135026235,0
173557623,0
125576977,0
60214063,0
84110132,0
35865928,0
95296884,0
77565400,0
32278731,0
92692206,0
77555323,0
33207274,0
74578167,0
77965711,0
154501865,0
90560244,0
82039400,0
64712333,0
114895756,0
115766127,0
145024410,0
106678965,0
83187215,0
33485952,0
127499349,0
44022909,0
99441466,0
103512392,0
95922755,0
92713564,0
196238605,0
66888077,0
84517736,0
73778966,0
128840648,0
213811731,0
60928040,0
184727370,0
184201192,0
65102340,0
35621024,0
34980447,0
143621061,0
45478873,0
160431316,0
89091992,0
94592224,0
180619206,0
131511195,0
194971229,0
95183433,0
115618586,0
111879437,0
37972151,0
108540481,0
93271503,0
61821822,0
66086952,0
96620161,0
207362093,0
123688981,0
141007077,0
181199608,0
64267243,0
64783108,0
86897594,0
86534985,0
85599198,0
42158314,0
130082126,0
134607487,0
146461780,0
96290437,0
58301650,0
208807891,0
34376970,0
75529389,0
196571793,0
67573196,0
138821887,0
139849530,0
106313997,0
135690637,0
117587108,0
206270080,0
160127757,0
127345561,0
74715996,0
111144655,0
31258787,0
97211547,0
60648721,0
149041911,0
82167142,0
129204974,0
72454100,0
211735502,0
145144928,0
83482129,0
146640311,0
80210118,0
128955678,0
56093415,0
40932302,0
42786514,0
62486846,0
212675710,0
106298176,0
88692470,0
34570098,0
96568454,0
140597103,0
117675767,0
110162738,0
72272242,0
120000217,0
93966639,0
32872141,0
38946754,0
84905642,0
66447439,0
145910454,0
67123961,0
39787724,0
160430872,0
62207329,0
164295611,0
107828310,0
205057856,0
73999828,0
144657606,0
77678348,0
79590741,0
96329442,0
75761059,0
64757990,0
159659237,0
38528678,0
115680676,0
99760748,0
75397788,0
213812215,0
137857864,0
80002570,0
111343192,0
63859964,0
88965493,0
128146815,0
155752857,0
87139399,0
140451546,0
33562491,0
196118383,0
62432721,0
73179585,0
129810869,0
58726546,0
81857868,0
37724720,0
122820939,0
193798098,0
42630268,0
33096320,0
208708405,0
32838762,0
49956377,0
44446088,0
86009784,0
156060453,0
42403840,0
42137015,0
141578181,0
141221010,0
44675981,0
132156381,0
117329669,0
74278012,0
171348243,0
104145872,0
107222267,0
200521411,0
92018507,0
133065075,0
142255690,0
161888139,0
138023397,0
34257834,0
75296812,0
163120280,0
77077851,0
36924907,0
146402483,0
96154533,0
161210906,0
81992125,0
151888828,0
174392986,0
78261839,0
32625658,0
121615476,0
35640782,0
128670299,0
43830955,0
165492962,0
33178533,0
173998676,0
88791719,0
107225840,0
32638804,0
58282473,0
33176500,0
36710361,0
122783090,0
175984697,0
32697074,0
33768716,0
82566999,0
174434902,0
76796094,0
126910667,0
35394901,0
65553421,0
82520869,0
33303364,0
146613791,0
193713437,0
83838155,0
121731503,0
128176759,0
44238846,0
133192423,0
63114168,0
43810811,0
204123974,0
63783041,0
89155345,0
92731399,0
75917354,0
154135693,0
114279370,0
82827409,0
139511230,0
110761932,0
41691511,0
32888160,0
155887262,0
177708926,0
70179936,0
74523381,0
82367643,0
95536143,0
140121220,0
160209467,0
166606806,0
41173692,0
34717876,0
164562821,0
115476878,0
89950085,0
59440148,0
72539709,0
62064762,0
36041133,0
56979202,0
77762703,0
81268288,0
31506830,0
42636733,0
116843434,0
70804178,0
118133302,0
110390173,0
89195613,0
213175724,0
33540708,0
56462360,0
120795529,0
120204478,0
125848964,0
83671882,0
66314002,0
145103022,0
204809813,0
102697853,0
117546998,0
97080578,0
35139940,0
93635267,0
41287874,0
78615348,0
117510935,0
156563389,0
115676619,0
72913599,0
34288745,0
154847617,0
35961900,0
166292736,0
85077195,0
194277603,0
63323423,0
124838820,0
80418663,0
116464964,0
56209639,0
130550320,0
83376919,0
178132935,0
76670454,0
102491233,0
39295882,0
91772537,0
60690509,0
136519002,0
64779634,0
106172398,0
107279284,0
194805617,0
160535036,0
136555875,0
157062731,0
107630385,0
43407490,0
145395606,0
56541702,0
87276014,0
88697820,0
42787106,0
132132289,0
105274925,0
65093694,0
65356640,0
34195320,0
194509578,0
152828819,0
142920911,0
146677460,0
31723931,0
34154578,0
110519080,0
104813768,0
81910118,0
60312029,0
123095374,0
56259915,0
37088387,0
43184417,0
38604013,0
157416113,0
72523996,0
45058290,0
72537241,0
78115492,0
94188103,0
83584743,0
103519695,0
127789298,0
164140639,0
96060465,0
127526905,0
211601927,0
129612678,0
84702841,0
87188895,0
32461309,0
74105798,0
130397815,0
64773011,0
137094568,0
180331162,0
67526986,0
31822795,0
128561230,0
92476595,0
55828949,0
119657899,0
77349305,0
82772879,0
140313836,0
85024866,0
125604010,0
119555561,0
127141763,0
85470686,0
209893311,0
109769454,0
78288171,0
66664284,0
56065405,0
134185236,0
59244592,0
111054269,0
38670494,0
192495330,0
113135068,0
112038910,0
40216430,0
128396841,0
37470666,0
142136021,0
97663891,0
96656935,0
150065587,0
126894855,0
42804052,0
102392438,0
56557227,0
120024061,0
77881109,0
163031276,0
180378210,0
77712408,0
59123610,0
103119246,0
153157941,0
64103368,0
85860407,0
82166432,0
145748879,0
121899405,0
107542171,0
150023167,0
95413345,0
102158568,0
114870312,0
78448907,0
213379768,0
159993500,0
133888240,0
147943188,0
44334759,0
121339847,0
173720728,0
133191623,0
192479756,0
134857721,0
194273665,0
156156050,0
112882919,0
159437328,0
42524802,0
87554515,0
89651391,0
115773361,0
166308359,0
33461416,0
44321731,0
111891646,0
101989028,0
140275561,0
138318942,0
160668601,0
41578336,0
140657130,0
165625748,0
78755102,0
131572495,0
112137478,0
149466344,0
104922028,0
63748408,0
33547706,0
41532650,0
198793845,0
160782111,0
139955125,0
41360790,0
32570201,0
88174543,0
62584200,0
90328811,0
74648813,0
78933396,0
31785824,0
87156563,0
87226785,0
40906019,0
36392748,0
64641894,0
140547824,0
60818626,0
149212725,0
115822423,0
120371254,0
44255605,0
62221965,0
126274294,0
87513290,0
124245350,0
80221932,0
63385819,0
98247501,0
98588041,0
59284505,0
129089895,0
140513971,0
88806987,0
65433426,0
92472558,0
144647520,0
169629659,0
63372001,0
60891405,0
77499599,0
99486511,0
178327158,0
179936151,0
179366724,0
124315523,0
129420556,0
130079569,0
138416049,0
103660179,0
120761153,0
164275586,0
130120301,0
58984449,0
137087097,0
36285505,0
90856835,0
81670770,0
195409578,0
123784430,0
152100650,0
62725256,0
33049153,0
173527679,0
82290956,0
119859160,0
37320856,0
102517378,0
149701092,0
59081645,0
93825573,0
110247123,0
102716635,0
35889881,0
194472232,0
40140305,0
115776441,0
115199631,0
65149112,0
64380349,0
124526368,0
125972265,0
43374841,0
118058056,0
115379860,0
141100334,0
62225193,0
131207409,0
45439720,0
103229400,0
174081738,0
67133485,0
98774360,0
77190296,0
129123738,0
36320660,0
119323408,0
60225127,0
90033513,0
82948331,0
76150720,0
78213517,0
148368222,0
178013700,0
97628528,0
68776290,0
58091043,0
41115304,0
32114274,0
36850835,0
45613820,0
164521221,0
158412252,0
129001562,0
107005876,0
207081776,0
173971159,0
65548861,0
106364154,0
87877439,0
77960135,0
31481080,0
123419669,0
113548555,0
136430581,0
93323417,0
36519069,0
59392952,0
132101861,0
133674267,0
151576149,0
37186935,0
96295816,0
44810622,0
211580243,0
59896114,0
80273688,0
193324101,0
80531236,0
82094522,0
63773260,0
78140679,0
144241247,0
123757683,0
81496137,0
96096993,0
149209961,0
134458999,0
148506999,0
176568711,0
135088216,0
78258276,0
34643518,0
88112977,0
75646344,0
127428140,0
82355632,0
41212223,0
119714975,0
107911837,0
88243808,0
118394343,0
59657595,0
123497550,0
73258887,0
85251127,0
31208975,0
66921999,0
130193465,0
127577191,0
42096046,0
41824218,0
154535678,0
89524991,0
35700375,0
103341085,0
134495566,0
194425993,0
61745638,0
177270450,0
184575585,0
124159110,0
179872452,0
162749953,0
173665399,0
80663942,0
64074431,0
180465073,0
83898458,0
80106734,0
156780875,0
134733739,0
174293254,0
123508624,0
31863794,0
76539849,0
75989037,0
42376896,0
109987868,0
39249850,0
76277851,0
166304283,0
101923040,0
101948691,0
141246128,0
167228118,0
111323176,0
88317208,0
112703085,0
83203599,0
61880201,0
139324931,0
185039496,0
207080138,0
38724294,0
194326922,0
180938636,0
125341854,0
66781357,0
63476974,0
153860647,0
65839165,0
90355153,0
127614113,0
111484446,0
97074676,0
41998910,0
173758943,0
125041689,0
151706853,0
87005666,0
73164198,0
116565357,0
35570225,0
77136348,0
142465024,0
74790166,0
102001641,0
104513041,0
199750447,0
67264376,0
195284145,0
83381015,0
150361014,0
113355318,0
76025988,0
33170756,0
118448892,0
208571613,0
81756902,0
67323425,0
102489753,0
134259564,0
128305567,0
209841495,0
84690988,0
42488205,0
90163071,0
101289678,0
148684592,0
114440905,0
64086817,0
63695250,0
34611037,0
43944702,0
140570208,0
44586167,0
164492431,0
104879993,0
86480386,0
37726861,0
44296524,0
92479082,0
57136297,0
119492554,0
37197209,0
83758715,0
67411452,0
77948163,0
139511526,0
34352000,0
160575955,0
61862860,0
155062419,0
44698700,0
39362492,0
85187340,0
125482485,0
118599078,0
102248401,0
200727765,0
39996328,0
69250328,0
198963514,0
185277867,0
60902774,0
57710925,0
145401982,0
33364339,0
194445466,0
62049603,0
62912887,0
117240389,0
105162441,0
74663855,0
152832629,0
91591193,0
124561869,0
112481226,0
40185706,0
131696665,0
126531368,0
213325337,0
96270382,0
160223048,0
162729049,0
153859709,0
39424177,0
146253817,0
127085043,0
181582144,0
110147045,0
31624327,0
33757899,0
156084989,0
107225396,0
204385292,0
179315619,0
165275683,0
131605963,0
106881065,0
90359614,0
214033797,0
176489399,0
207125854,0
67344912,0
146074960,0
133604548,0
160754230,0
32741073,0
81370458,0
122859332,0
98748018,0
41760480,0
54721579,0
78274896,0
200531735,0
75854514,0
102412612,0
132958553,0
166944534,0
38559343,0
144386686,0
102013288,0
33022426,0
45453133,0
65119948,0
90971619,0
163546143,0
38685950,0
82863127,0
157411109,0
75793016,0
40217061,0
80545122,0
165887766,0
34303579,0
56753080,0
147459005,0
102769733,0
119134948,0
93262798,0
120199918,0
71476733,0
150391106,0
61403795,0
137061110,0
127034599,0
129828161,0
41391633,0
185282555,0
40050601,0
113795532,0
82325530,0
67273929,0
103294076,0
41720123,0
179149948,0
131431695,0
43990122,0
125132184,0
153560394,0
60688140,0
146406224,0
74293853,0
67579453,0
117127619,0
76116384,0
120777181,0
160507016,0
32312880,0
193055519,0
135688801,0
142415755,0
195164772,0
193972465,0
142088588,0
203686731,0
166068380,0
128255696,0
90477408,0
185630399,0
83382653,0
105235871,0
32029603,0
135239004,0
99350123,0
57564914,0
85327449,0
156129847,0
76830480,0
147409518,0
48796076,0
77085234,0
78276840,0
60032098,0
159503998,0
126518241,0
121064337,0
71921190,0
91370459,0
31136848,0
95352233,0
73190412,0
67471322,0
39509312,0
87553153,0
180621200,0
119366045,0
110910242,0
76226499,0
86113267,0
113891159,0
37776831,0
116157536,0
178071605,0
76052735,0
107333123,0
56481932,0
41912314,0
175006639,0
62267227,0
115619514,0
87586108,0
90867001,0
114216599,0
38889274,0
153750571,0
63097212,0
43752798,0
107067739,0
145310885,0
76721184,0
86291235,0
83878097,0
154842742,0
203860594,0
82590232,0
33982847,0
35352472,0
158044027,0
117622876,0
148281300,0
88809425,0
97601357,0
178487648,0
145609105,0
81651426,0
141592601,0
160921243,0
42927975,0
76798453,0
97852075,0
58691193,0
82308317,0
145540462,0
125453972,0
36198001,0
141521589,0
98843536,0
84445817,0
41558281,0
156169532,0
61288034,0
131497624,0
54871982,0
140108291,0
125953848,0
110688837,0
45102051,0
36984411,0
84620440,0
107515385,0
90581671,0
83774684,0
36150459,0
36974847,0
84649920,0
159857438,0
167745097,0
62136781,0
176180154,0
115758261,0
45247421,0
124841751,0
93903661,0
162235924,0
59759085,0
94201022,0
126703099,0
63601233,0
38469579,0
166485904,0
86719892,0
44185224,0
79862422,0
56618290,0
129517792,0
66994156,0
73814842,0
122419849,0
95344574,0
114227179,0
195484241,0
45390017,0
31955581,0
148579757,0
147463466,0
65174122,0
129427810,0
40253983,0
36525316,0
123580208,0
79757686,0
57213408,0
131414068,0
130613722,0
72265837,0
106455715,0
74205175,0
60327376,0
115973833,0
173388468,0
90564201,0
37847310,0
62963508,0
75575313,0
33088187,0
151431461,0
144599494,0
210337581,0
183933952,0
122890382,0
37448904,0
162051046,0
65532625,0
90544048,0
164512851,0
198706815,0
31847005,0
164462714,0
57063094,0
36388820,0
63261985,0
42840807,0
74882763,0
62974602,0
80581551,0
157042439,0
80249389,0
99233612,0
32403108,0
80890292,0
106131755,0
85321507,0
122301631,0
89793701,0
61352878,0
116116952,0
87177792,0
141050888,0
111775313,0
65862310,0
71554732,0
134614850,0
151077063,0
193259267,0
32952904,0
59403019,0
159430272,0
39182796,0
174162363,0
62535858,0
132557245,0
206229506,0
111197073,0
35636696,0
165566057,0
91602178,0
90862105,0
65228415,0
64281317,0
95670942,0
112868727,0
65010365,0
141466595,0
41741826,0
72241449,0
112967995,0
32908017,0
76699974,0
83105347,0
92457428,0
70625647,0
43998600,0
77217427,0
81519834,0
75236815,0
35657284,0
133071402,0
151665854,0
74864859,0
36944557,0
33305782,0
79843344,0
37714179,0
154397721,0
80118538,0
45207725,0
139488273,0
107609294,0
100880000,0
151062604,0
162233308,0
204804108,0
66089429,0
176438521,0
34695344,0
130528597,0
60608255,0
194952428,0
77628417,0
157976519,0
124559569,0
67513889,0
80363926,0
72088697,0
107964590,0
43945788,0
90279690,0
159442727,0
121167455,0
196490398,0
124846705,0
111705229,0
117132366,0
100309054,0
108559885,0
175646890,0
109690438,0
79091033,0
79108976,0
104902792,0
41793434,0
143083582,0
85384505,0
33465038,0
125478597,0
188801335,0
96527426,0
77859988,0
100289423,0
35751095,0
106311007,0
64561545,0
63412062,0
88428903,0
107207107,0
131030012,0
42706323,0
132107240,0
78625770,0
45555106,0
138211600,0
36081174,0
65312148,0
68258955,0
117939068,0
41252057,0
73798142,0
57716471,0
34848085,0
151536474,0
59723396,0
72844482,0
74709156,0
180480578,0
40163963,0
121565378,0
135798877,0
134982463,0
37860397,0
75035998,0
105289157,0
149112163,0
185394111,0
145830382,0
184747425,0
59062774,0
88294893,0
36701913,0
60788139,0
62883554,0
75137477,0
78977868,0
64978181,0
83783132,0
35852061,0
118374732,0
86212357,0
82400489,0
108201283,0
43272148,0
136965977,0
84485848,0
31421744,0
77164033,0
191575839,0
152882164,0
76550351,0
126880594,0
114549738,0
131226635,0
83211504,0
145147356,0
90721000,0
75317992,0
125964853,0
106296577,0
92609016,0
116129832,0
194493550,0
111451916,0
41436283,0
155145373,0
211008487,0
113679061,0
99022965,0
33973875,0
73555281,0
101587681,0
162249652,0
141549895,0
60600449,0
60903742,0
86678992,0
199580443,0
178855804,0
213025508,0
148944785,0
150063800,0
101883621,0
63918096,0
61559202,0
65911934,0
31939553,0
108579170,0
149141673,0
146314456,0
133770999,0
60665726,0
100761091,0
110270544,0
176000222,0
75016427,0
109739450,0
124877479,0
72338754,0
141354161,0
84118481,0
104105831,0
152741019,0
148229702,0
137193935,0
44907620,0
83291843,0
77284649,0
44209405,0
135159543,0
96227834,0
103083883,0
67499252,0
114999041,0
63933522,0
35019205,0
211627341,0
82314180,0
131799753,0
154456337,0
95411460,0
173471195,0
176551360,0
106245838,0
34660237,0
32851267,0
73207299,0
156200957,0
86748642,0
35483718,0
116092258,0
127621337,0
34404634,0
33335430,0
176158441,0
84890511,0
194963758,0
195022887,0
163239939,0
68245829,0
119870086,0
34064409,0
123782871,0
194129253,0
38825378,0
95577250,0
152984364,0
60593115,0
79953479,0
34983358,0
32262328,0
108935640,0
151576594,0
165501006,0
126278143,0
64757092,0
68991931,0
193048808,0
142721062,0
60209553,0
143103529,0
102923127,0
66749923,0
127883859,0
139378691,0
82549264,0
87876452,0
112997298,0
40346087,0
72485613,0
90329946,0
104205988,0
57153845,0
210372460,0
150343465,0
109675624,0
133017622,0
84991399,0
68028362,0
35125125,0
36485739,0
124848719,0
75028783,0
106103350,0
73749387,0
44189991,0
127382710,0
128278179,0
162784694,0
85897833,0
64214214,0
60520149,0
146643213,0
83469417,0
114988244,0
73050619,0
37807654,0
147516071,0
114303757,0
61968642,0
107049500,0
81191127,0
122076258,0
43462000,0
160725401,0
141839509,0
33662381,0
119318474,0
38048719,0
45372785,0
39862575,0
82905951,0
138993095,0
44685376,0
31168194,0
59060317,0
98832887,0
41611873,0
180274451,0
101818343,0
38685417,0
38195352,0
41398680,0
31355835,0
117659127,0
139345016,0
89407365,0
83581160,0
185683537,0
144998354,0
134476330,0
37144111,0
64740639,0
130314111,0
106965213,0
114532594,0
61430295,0
152848410,0
85884390,0
178782710,0
90284615,0
102361004,0
115029677,0
43478097,0
103374217,0
174941361,0
63944902,0
63918382,0
180158464,0
77546371,0
114261417,0
82445722,0
160070158,0
45470948,0
110050896,0
166312357,0
35475625,0
43255212,0
141376683,0
37723565,0
79449310,0
39468363,0
98390521,0
173581695,0
160422058,0
40379268,0
174461610,0
33896537,0
84863459,0
106059875,0
194093999,0
109355622,0
125555540,0
126777397,0
151629633,0
56451830,0
127905335,0
145894337,0
103553439,0
91580218,0
90426649,0
94311078,0
154577723,0
71774923,0
143532501,0
42794755,0
64719182,0
96456592,0
102230636,0
45115444,0
83698806,0
36329829,0
57069746,0
60933725,0
63136463,0
76082956,0
164293618,0
131760185,0
45262827,0
137774535,0
90647698,0
44844830,0
130285143,0
143710894,0
95803293,0
91818589,0
97681173,0
64950674,0
35287372,0
136715111,0
90074649,0
83418134,0
156071409,0
36235574,0
163610148,0
59128960,0
149009006,0
150312781,0
196422357,0
80615453,0
156488389,0
179775868,0
166349496,0
192373589,0
83705636,0
142190255,0
76146812,0
119811372,0
126890463,0
89309617,0
77132213,0
125436375,0
81006467,0
42078814,0
63963339,0
118819091,0
140818883,0
59949538,0
133990163,0
154256615,0
79218904,0
67816787,0
32042897,0
146035975,0
81418631,0
103528686,0
122824345,0
175446991,0
33703843,0
58515692,0
181371921,0
116547444,0
75834518,0
179845439,0
73980720,0
84680713,0
142261859,0
174039951,0
73205986,0
38881793,0
204592830,0
71646490,0
36578819,0
40162709,0
88079746,0
68006303,0
115986693,0
86499198,0
82354517,0
151773847,0
81320271,0
135175216,0
96179927,0
56533560,0
98666258,0
83449786,0
73802120,0
57865769,0
145947031,0
66425854,0
88263804,0
124614039,0
87557199,0
125793131,0
146959119,0
117230618,0
206910085,0
155231851,0
41855830,0
86465325,0
78165245,0
212471143,0
40445572,0
95857546,0
120702143,0
97887467,0
63506178,0
175413533,0
184218039,0
131778790,0
149239303,0
155536170,0
99668911,0
84504501,0
163719937,0
91899036,0
81346810,0
85302903,0
127419405,0
130751650,0
151260707,0
142057854,0
61017045,0
83061585,0
65741081,0
68009136,0
31965184,0
78188182,0
110502618,0
103119789,0
136255168,0
71824883,0
44431955,0
154055197,0
82745254,0
86340712,0
136543558,0
33659390,0
137967347,0
196422900,0
107410757,0
79554174,0
87535585,0
155976651,0
114900533,0
82706595,0
124936756,0
172469025,0
129790666,0
87928149,0
34447557,0
127109628,0
193916020,0
96945177,0
213634285,0
151179362,0
142089772,0
113727797,0
106287250,0
108626544,0
63748645,0
195732195,0
82843911,0
116882251,0
143783179,0
68752367,0
148699288,0
77794256,0
131342523,0
64790559,0
88395247,0
181160732,0
174379652,0
42107377,0
61986556,0
133665315,0
112197801,0
66874053,0
151495426,0
148229752,0
75066011,0
37419680,0
175954348,0
87591358,0
82831554,0
85073218,0
198711355,0
78826331,0
192723526,0
72469072,0
178436889,0
94940640,0
73752239,0
159959894,0
139883106,0
105265914,0
72283000,0
74867603,0
207072153,0
65947326,0
103563536,0
137008189,0
32954740,0
43271220,0
56529000,0
59902806,0
96329185,0
103701256,0
156667503,0
121981391,0
166784281,0
92739729,0
113417645,0
162037081,0
113475165,0
207070456,0
95647274,0
135796143,0
174640713,0
124550637,0
149387505,0
150954996,0
32717583,0
152081976,0
173785848,0
78308591,0
90184261,0
62028462,0
93500863,0
63461963,0
205376654,0
121159915,0
143524319,0
39287246,0
110621763,0
102529290,0
117103577,0
91908866,0
107134033,0
74026041,0
136534646,0
164663955,0
119351033,0
167249219,0
159737749,0
61073242,0
141542749,0
116203113,0
71641052,0
40559458,0
111010044,0
135716564,0
166639682,0
106632825,0
74261668,0
66367327,0
79075005,0
150908105,0
113709361,0
151378550,0
75658908,0
35738501,0
159350259,0
40763304,0
73722660,0
97378245,0
151824627,0
31700481,0
90981034,0
178626583,0
34892844,0
86936470,0
93460486,0
130839410,0
94445838,0
180203193,0
93496619,0
155496060,0
42310365,0
179449332,0
78650800,0
66378519,0
74557401,0
114601592,0
76071270,0
113089845,0
62066292,0
72387885,0
128570132,0
63541413,0
116347062,0
80018895,0
124259227,0
107310521,0
135962821,0
41926862,0
43282955,0
56912819,0
196228104,0
87699529,0
97587037,0
195094895,0
42445233,0
97728902,0
139327793,0
40757610,0
44444410,0
40581072,0
39115811,0
150715846,0
167226608,0
72796950,0
61709032,0
116835686,0
140656864,0
79409910,0
118337484,0
34823490,0
74980126,0
132566266,0
69924017,0
180896522,0
38325621,0
39192744,0
144621227,0
44569705,0
196150430,0
192416571,0
96230844,0
131793515,0
142355876,0
180343232,0
135661087,0
163000335,0
112853123,0
83452046,0
103718291,0
40954015,0
44940150,0
35986396,0
120598443,0
60152507,0
102725152,0
118488470,0
104275351,0
163934690,0
79051052,0
57758220,0
91523754,0
158709514,0
161983785,0
115897827,0
32087913,0
136966273,0
194293947,0
58272031,0
102919909,0
103657159,0
175823191,0
83398543,0
175522947,0
44273271,0
153282535,0
43065844,0
66559597,0
93735562,0
63144497,0
77541960,0
90922231,0
76144029,0
192965854,0
139163306,0
124991117,0
64456848,0
60415127,0
111619255,0
144052866,0
198724965,0
61507051,0
112713389,0
206653475,0
103931021,0
82224860,0
148878895,0
77426357,0
59799787,0
152383305,0
98247086,0
75233666,0
106152106,0
90807546,0
58416848,0
41020269,0
131218976,0
33926521,0
43945778,0
212518635,0
83584733,0
62603248,0
74847222,0
132622266,0
144206654,0
72997185,0
81625034,0
137591207,0
36232761,0
106086315,0
212286917,0
89128391,0
122055591,0
80934695,0
74640405,0
177807149,0
135491103,0
167063759,0
32834035,0
160685221,0
74784343,0
35074030,0
148368459,0
179433304,0
82520750,0
94037759,0
148023664,0
161078229,0
180196067,0
39245764,0
136477669,0
87451200,0
38415158,0
129818765,0
99878739,0
61504189,0
119901284,0
174380087,0
132531534,0
179397892,0
108958824,0
110159264,0
160135583,0
164162530,0
174574172,0
96368002,0
79172586,0
111852266,0
64153555,0
108728615,0
146473564,0
32515247,0
125255129,0
135080478,0
61669978,0
59506442,0
98718942,0
148278280,0
127337912,0
140329015,0
87507624,0
45346818,0
140828131,0
136898133,0
43408062,0
135298784,0
35806691,0
63819203,0
154566333,0
31853292,0
127095001,0
40578851,0
192113258,0
73283630,0
39616683,0
119657702,0
79668455,0
65495920,0
144362130,0
59159467,0
63387496,0
87182954,0
125351871,0
44724638,0
81588083,0
35510277,0
134512226,0
73877119,0
77749221,0
41773616,0
94097707,0
97930311,0
136423978,0
82348378,0
63640445,0
93881563,0
87692226,0
108524877,0
96700687,0
32448972,0
68910803,0
116182259,0
56517541,0
151105211,0
62942140,0
38902015,0
136603111,0
140603252,0
40560642,0
83476158,0
35205543,0
124521206,0
102554645,0
164964159,0
69608476,0
125083398,0
157788364,0
61966056,0
81217282,0
122859816,0
76864737,0
107344996,0
122176948,0
32019378,0
37339282,0
88706841,0
132101328,0
67242287,0
162532703,0
57533143,0
77522339,0
149200891,0
86722132,0
139149212,0
156574117,0
136925699,0
140157116,0
87603715,0
97522075,0
141954450,0
65870521,0
145823305,0
118523882,0
104931769,0
139670673,0
37320481,0
74973316,0
57101674,0
156613536,0
93180762,0
59436733,0
145778537,0
106120740,0
31335375,0
195319774,0
78233029,0
36323009,0
83937690,0
115408067,0
56200648,0
78425871,0
164507285,0
104857619,0
88575190,0
32896697,0
149208757,0
125595098,0
62210615,0
112795712,0
126842586,0
115623363,0
95804280,0
203568543,0
115938657,0
37863013,0
36195474,0
196320927,0
80806114,0
176588193,0
86783511,0
44727372,0
112920365,0
125059948,0
65470595,0
32175189,0
36685480,0
31256359,0
161192815,0
96657172,0
122989779,0
196304593,0
31524032,0
40685571,0
162869385,0
110053817,0
195353548,0
185278636,0
174205947,0
56961841,0
120966786,0
61605224,0
38825398,0
148311965,0
84566621,0
63897311,0
133208648,0
126514530,0
78058140,0
134498448,0
81418414,0
163202385,0
160389064,0
144869161,0
62821623,0
128493771,0
175885024,0
109176607,0
36118392,0
79989651,0
87713080,0
90495489,0
127764920,0
109345357,0
62129319,0
114671736,0
81356325,0
54460538,0
100945229,0
42774019,0
165564250,0
40416714,0
86648347,0
111533666,0
90372948,0
87552502,0
74653077,0
150512818,0
103822751,0
61209828,0
135039993,0
135551159,0
37503137,0
35953560,0
67310526,0
134654911,0
107229906,0
203553886,0
103413715,0
96416176,0
83664638,0
144299567,0
89395640,0
129521424,0
38626555,0
122163871,0
100551787,0
123191721,0
44086390,0
188525351,0
71405750,0
178325915,0
150519993,0
164107546,0
181113743,0
94826893,0
138816597,0
62432484,0
42142226,0
196528524,0
124536800,0
67020498,0
117912075,0
193687273,0
92542712,0
92558789,0
109334283,0
89475120,0
37461024,0
116781768,0
77656289,0
92246219,0
43565887,0
40117595,0
205593114,0
44615371,0
77163283,0
195948902,0
32907484,0
118310234,0
99220890,0
65793291,0
106644540,0
130308870,0
77982884,0
154313918,0
109015041,0
73783585,0
81112003,0
77371660,0
40626354,0
36855415,0
45657236,0
43186805,0
65530454,0
143853224,0
161535873,0
31537100,0
152865228,0
93641050,0
174577617,0
34331145,0
66316410,0
37000498,0
85103497,0
64972436,0
74996697,0
108270577,0
86334711,0
136435358,0
194035749,0
46326336,0
195201132,0
78648895,0
88510406,0
114611492,0
142020547,0
134744941,0
123017966,0
156928909,0
116218747,0
82810404,0
176757467,0
134632339,0
166183183,0
56632216,0
109372953,0
39559341,0
71153286,0
92467387,0
79578947,0
87213175,0
160264786,0
118001977,0
129461791,0
138013399,0
140392901,0
114916107,0
163850956,0
78089219,0
149996006,0
62698815,0
141505501,0
99817222,0
66243227,0
127836179,0
164873852,0
125404328,0
104861053,0
38521641,0
76529230,0
34133645,0
85722026,0
164438425,0
129506639,0
45552619,0
77562528,0
106520805,0
138234971,0
109688888,0
122325377,0
62026291,0
140266254,0
147463140,0
180061139,0
122828588,0
85376481,0
99794452,0
94615407,0
90874531,0
34005271,0
44636927,0
31579510,0
79168214,0
116638679,0
95652969,0
134164223,0
86527129,0
111240746,0
66597240,0
166298736,0
194223380,0
32682911,0
92665963,0
96396604,0
38171073,0
32940765,0
99849663,0
130379082,0
140767216,0
158049623,0
142522406,0
37374408,0
61603743,0
154678936,0
32267283,0
37736859,0
94969667,0
110843543,0
31851160,0
99522111,0
127889475,0
109628082,0
100755012,0
75980509,0
87446917,0
103604998,0
79450514,0
98568371,0
81328621,0
37597422,0
35216330,0
102360224,0
69827798,0
127609810,0
154669530,0
78254496,0
79878963,0
150176718,0
33524907,0
73897421,0
93815604,0
142903324,0
108642957,0
92245261,0
161490571,0
64744113,0
129593580,0
78192080,0
107536950,0
100054230,0
101914562,0
73818158,0
77280356,0
124660762,0
99083456,0
86911204,0
65402574,0
89312815,0
55207273,0
36317452,0
34405858,0
196427351,0
154914553,0
121514115,0
120100403,0
94015701,0
36698952,0
93450498,0
40323811,0
196471804,0
82240641,0
185785638,0
39149219,0
36244111,0
33892047,0
39841237,0
142462271,0
180241013,0
90106222,0
45234847,0
176883897,0
151629564,0
102866919,0
119812882,0
156274841,0
86663931,0
62232802,0
115937503,0
108271238,0
85464873,0
164741343,0
82849546,0
149602071,0
76341914,0
110546705,0
65921695,0
102004010,0
73344614,0
107876119,0
114646993,0
78677536,0
101340378,0
73452035,0
98826402,0
41269309,0
32847487,0
40787406,0
195362974,0
45483887,0
161850190,0
58858158,0
40346787,0
59953072,0
41248968,0
140880825,0
180920022,0
37412939,0
57183296,0
82328826,0
37376777,0
194163915,0
38372867,0
124940940,0
80383754,0
161270509,0
133772321,0
102045383,0
159821996,0
116761259,0
106642201,0
174502835,0
95800046,0
213506661,0
192444571,0
146245191,0
109783676,0
69832762,0
61482505,0
91780354,0
82571944,0
166769724,0
41712237,0
114848263,0
192188761,0
72479346,0
59571760,0
146337995,0
130383267,0
131604315,0
88405837,0
75662066,0
100190914,0
119991808,0
74035378,0
32166080,0
88752487,0
199752302,0
97491785,0
175417866,0
113469263,0
86970994,0
163060125,0
127684779,0
99887839,0
123417014,0
129705679,0
40870676,0
71708885,0
120141164,0
155289302,0
135522715,0
113241522,0
117834835,0
133695477,0
115261800,0
144225091,0
38437828,0
162159879,0
63791173,0
109021980,0
69669174,0
63336263,0
120648087,0
111790137,0
65886589,0
112260641,0
95369741,0
126712860,0
154219516,0
78882005,0
157417119,0
156088147,0
192645437,0
60711640,0
151990426,0
142049248,0
130140011,0
74565790,0
89861555,0
87662656,0
38417487,0
81463045,0
160702404,0
74659058,0
91842424,0
87868576,0
37027797,0
68762463,0
76682732,0
176476667,0
156869455,0
85944417,0
62152444,0
125353204,0
83520097,0
180754282,0
72513367,0
152644001,0
43389073,0
110703198,0
146624214,0
80122713,0
136972225,0
174408126,0
143137075,0
84966902,0
42802907,0
123131171,0
64765422,0
85354225,0
43937645,0
203992314,0
60803861,0
92841879,0
154058207,0
60856585,0
214230429,0
39059890,0
59403502,0
120288083,0
32561367,0
56506280,0
43882168,0
62611094,0
195103403,0
130727568,0
138969497,0
78115097,0
143753837,0
98823155,0
186217098,0
129019870,0
207351572,0
65186182,0
39614374,0
192837065,0
144809578,0
175947982,0
102554270,0
61465549,0
125729255,0
82707789,0
85868560,0
63360404,0
105990689,0
176628323,0
129589968,0
99928857,0
80419176,0
204697951,0
159628611,0
75020552,0
115781958,0
44175404,0
34441112,0
115847354,0
191862945,0
129114391,0
127631088,0
94591523,0
56925807,0
32819418,0
67552341,0
44739936,0
87530127,0
122508024,0
111336806,0
45379772,0
67663848,0
31228872,0
74270255,0
160072516,0
115982301,0
113679998,0
140790913,0
35709278,0
124213886,0
74179642,0
113877766,0
97505188,0
93228501,0
205795372,0
194345151,0
147352245,0
126901073,0
59521701,0
31424557,0
65197779,0
32605593,0
33347235,0
97178484,0
73385563,0
160469985,0
166794694,0
35064368,0
33858194,0
32300464,0
105602695,0
81416973,0
31153735,0
35919648,0
166399397,0
31915925,0
80437899,0
82292407,0
88672386,0
174956975,0
61694257,0
128473755,0
99144243,0
43683760,0
32792731,0
107450265,0
42117740,0
175024868,0
43598427,0
39766741,0
85336706,0
38407785,0
166122525,0
112656974,0
101928340,0
148109471,0
99730043,0
40639540,0
100051437,0
66177959,0
129644044,0
39905231,0
87636097,0
84148367,0
125427176,0
149642645,0
70952153,0
120983742,0
56887227,0
198564446,0
35140275,0
212412310,0
139913070,0
72382515,0
121710451,0
64185839,0
145000407,0
88977909,0
145408811,0
35920911,0
90144733,0
131211741,0
74376491,0
194064005,0
78183948,0
61824368,0
122630022,0
88404090,0
77231462,0
96102322,0
92425283,0
77445277,0
153307120,0
131199246,0
90192354,0
95272960,0
124832996,0
115456675,0
107066880,0
151689413,0
90305233,0
133763557,0
58604163,0
105075332,0
83514659,0
77648206,0
110593832,0
74769351,0
102903782,0
109350331,0
72368649,0
156260964,0
85795021,0
131409301,0
146486138,0
61044522,0
61705065,0
126001133,0
78329278,0
67559842,0
106109529,0
81033085,0
164479541,0
144656037,0
144872122,0
135231098,0
31816972,0
115237067,0
185897036,0
194293572,0
90119526,0
42936443,0
42126395,0
154513679,0
207341811,0
39734872,0
107857722,0
101039256,0
121362360,0
63928578,0
115671990,0
68395630,0
132900638,0
38241660,0
130078819,0
114022474,0
105893137,0
111311432,0
87171920,0
196595963,0
85930975,0
36174501,0
123648150,0
131823726,0
174336335,0
162456885,0
62022994,0
107827560,0
133386420,0
43900013,0
42176178,0
42128596,0
143099393,0
71923559,0
34987494,0
151195528,0
64071578,0
136422715,0
55794751,0
147396096,0
134007030,0
107322759,0
82182647,0
39691110,0
99129981,0
122671721,0
153766807,0
120228056,0
41784374,0
99744157,0
114396078,0
151004383,0
43456739,0
108853792,0
173446777,0
81956614,0
43127361,0
86429035,0
84061198,0
120550457,0
44805460,0
39264427,0
177089599,0
110611440,0
87769514,0
116676381,0
143796602,0
59869239,0
39980230,0
34887791,0
66640814,0
158840079,0
108855608,0
118770424,0
39935758,0
152050858,0
125990780,0
131401583,0
151899241,0
125019443,0
123215655,0
125233110,0
115037286,0
33868794,0
149769203,0
114725920,0
125297421,0
157258298,0
182608109,0
178322559,0
73952809,0
93281580,0
153750433,0
37207020,0
44474976,0
70251007,0
198796865,0
213162114,0
128472966,0
35769285,0
114171801,0
109664244,0
92914194,0
31917830,0
196542914,0
65734745,0
94648638,0
83020616,0
82960658,0
34726541,0
118459305,0
104856977,0
42337842,0
58299824,0
178227100,0
104876381,0
42787116,0
140958775,0
90252016,0
128159734,0
127757488,0
83345978,0
131545985,0
89752782,0
66398861,0
213547778,0
38544114,0
63498381,0
165589309,0
40604167,0
134203129,0
105047293,0
66230110,0
40644208,0
137695272,0
208121490,0
62322162,0
153848744,0
117245047,0
84644926,0
179140473,0
142657649,0
93760591,0
185593181,0
183820491,0
116714615,0
32673358,0
153808674,0
77629572,0
152465174,0
92976204,0
142176151,0
84959717,0
39943900,0
88788156,0
63415901,0
134552040,0
178442228,0
160849254,0
59782101,0
147424392,0
56112740,0
130241332,0
79525957,0
89889693,0
119680915,0
175244210,0
69348895,0
161876039,0
34060837,0
142014783,0
100230472,0
73931155,0
64971568,0
153843326,0
150904839,0
74516620,0
180290302,0
194028554,0
42453583,0
179426020,0
152164141,0
72505737,0
114288568,0
97748326,0
143083641,0
61175985,0
117456129,0
39139143,0
66366844,0
57794925,0
75633316,0
121644374,0
99114871,0
41018700,0
32371802,0
77899555,0
137529344,0
58364450,0
38132216,0
56948478,0
76089894,0
115565912,0
131663138,0
89643180,0
166138957,0
57677664,0
77509913,0
127738707,0
152391083,0
59462207,0
212688994,0
97870669,0
36686655,0
41211513,0
156080044,0
92931110,0
110588493,0
78665525,0
128667071,0
193864856,0
64251945,0
35392295,0
66611264,0
183216106,0
80032692,0
113716861,0
99156817,0
133143726,0
87269086,0
87530275,0
145609204,0
116815966,0
110222676,0
84350259,0
194270704,0
163098221,0
141301674,0
133029426,0
57683862,0
110336867,0
121641976,0
72711706,0
59895384,0
64089314,0
154932565,0
57897164,0
86109289,0
156257599,0
84103559,0
150989165,0
74788745,0
41584455,0
134444017,0
140693894,0
56755063,0
75146804,0
111564330,0
38330842,0
152104015,0
67567530,0
66086063,0
43984812,0
76696894,0
124998214,0
127532817,0
62786359,0
109590587,0
74446526,0
79370935,0
163471559,0
178604327,0
82873253,0
149188031,0
59236292,0
103187376,0
191906638,0
42540396,0
174309006,0
34978917,0
166206683,0
112636248,0
74805375,0
180589311,0
103740429,0
43516569,0
44108360,0
32913100,0
125705381,0
121243599,0
154857526,0
89886574,0
124417891,0
89500228,0
118966227,0
132476324,0
91797477,0
116675463,0
113054838,0
63009135,0
151153533,0
105723193,0
133548291,0
98805390,0
59336853,0
130229163,0
34206690,0
44656764,0
166047989,0
76057344,0
86798553,0
82774172,0
150372551,0
42778036,0
127147882,0
75090251,0
160691735,0
104629572,0
116697956,0
105510828,0
89486352,0
36564617,0
111098228,0
141226488,0
134108628,0
138713361,0
72271996,0
141863492,0
72082815,0
31414500,0
115320860,0
82702845,0
33387493,0
31729271,0
106372247,0
93321147,0
167154283,0
111811801,0
94301179,0
77686628,0
126372151,0
132166132,0
77210449,0
94823686,0
83995713,0
87365265,0
35143572,0
142241448,0
41561311,0
37336104,0
151756694,0
161007504,0
57108000,0
175987924,0
199099191,0
31678245,0
89561825,0
175314590,0
164399874,0
196340943,0
109803465,0
133214254,0
90075557,0
124454132,0
36374657,0
65413943,0
196606267,0
57777870,0
127418033,0
71907343,0
72242150,0
135287355,0
33405584,0
192851988,0
66721222,0
85945315,0
107066021,0
37356386,0
110519090,0
40786518,0
61513880,0
65967786,0
96329461,0
137822422,0
136865347,0
74007299,0
31604075,0
80750726,0
33640569,0
116542628,0
35686528,0
111516818,0
85973029,0
114019690,0
164958878,0
111727505,0
76846646,0
61089310,0
58409179,0
84474626,0
157788601,0
83688552,0
39801887,0
73419949,0
93263933,0
154979347,0
209999034,0
163922294,0
145021183,0
112321645,0
150449149,0
119516399,0
43704042,0
132663126,0
147998704,0
56558441,0
127094754,0
144242303,0
31886908,0
72338882,0
66370012,0
89582728,0
34739500,0
185281242,0
147385950,0
208090489,0
32915212,0
115561293,0
145382825,0
66884396,0
87110146,0
138859697,0
156849281,0
102691537,0
91688487,0
92636917,0
95590307,0
43405970,0
100794421,0
34874033,0
177217154,0
81067708,0
114610761,0
87916167,0
124315099,0
65741654,0
32258370,0
134380999,0
103909308,0
139449525,0
194651247,0
32497738,0
35741225,0
108679080,0
105206381,0
80618443,0
41893502,0
38797299,0
151200394,0
36311442,0
112424101,0
178621510,0
33329065,0
144111195,0
93301664,0
80151118,0
80402033,0
193814669,0
140859714,0
85046658,0
43118606,0
102899183,0
31403130,0
111651647,0
56180366,0
114148933,0
112134823,0
107820109,0
36332474,0
89369259,0
65663575,0
116541355,0
149396783,0
40487449,0
142111337,0
81030450,0
106888724,0
184653634,0
116230304,0
43455950,0
207996837,0
66903957,0
60151934,0
117827423,0
126669266,0
77624657,0
195376179,0
144854910,0
143920722,0
127120021,0
89407227,0
32589900,0
33871360,0
95188081,0
78729085,0
84110398,0
94502509,0
196212618,0
95275171,0
65495930,0
136595956,0
43003744,0
97933548,0
130355612,0
144939117,0
33189272,0
156720621,0
122139335,0
152795006,0
93431608,0
118072791,0
106460403,0
117137666,0
141256373,0
76388242,0
67312263,0
115670017,0
133520400,0
91953763,0
41982803,0
143360306,0
178185776,0
105665643,0
66900888,0
61062810,0
96321635,0
77314820,0
33047258,0
97004542,0
115613010,0
103943644,0
73761131,0
102700804,0
146424236,0
107373075,0
66340778,0
175038439,0
42043274,0
152835116,0
66745610,0
139260877,0
91889719,0
84990816,0
31428149,0
132253853,0
189959405,0
74760656,0
105207832,0
194288973,0
173131759,0
87446532,0
162331284,0
93346393,0
150303306,0
212856176,0
57677960,0
110071790,0
109722070,0
77469270,0
156103860,0
78440567,0
196478288,0
117448549,0
126181836,0
44779730,0
137252038,0
83070596,0
104256836,0
78889555,0
107264657,0
195061329,0
32752018,0
144476657,0
111987519,0
58797252,0
35234668,0
43113760,0
101821462,0
176269997,0
116121511,0
31160298,0
154020594,0
82520217,0
105625799,0
152413526,0
44802963,0
58244081,0
175553365,0
60604377,0
80451006,0
162171949,0
41585225,0
88925966,0
175135092,0
128148127,0
83105100,0
72178876,0
43822556,0
130393798,0
60081682,0
194987159,0
82189734,0
145340070,0
179407772,0
77569377,0
56498000,0
61477481,0
107466569,0
78118256,0
42605969,0
140447658,0
119252624,0
75624128,0
92376961,0
179859444,0
37511823,0
115614342,0
122620794,0
118583464,0
81368780,0
111142444,0
40249088,0
33911993,0
192592803,0
174559062,0
84895930,0
35865336,0
159351759,0
166933470,0
196333748,0
165360660,0
113884457,0
177704130,0
131641819,0
40353400,0
149335808,0
154984084,0
59631579,0
138639931,0
66983852,0
36634336,0
44151204,0
61752518,0
142579897,0
44871892,0
185123299,0
166173373,0
97842867,0
166275790,0
159362645,0
85148157,0
193630957,0
77509795,0
132668061,0
108287276,0
35515300,0
115318550,0
154138131,0
122901347,0
91562502,0
87060156,0
153040384,0
42529292,0
75043410,0
36632174,0
164043196,0
107519520,0
161912299,0
121584022,0
110124276,0
75157098,0
177872407,0
120700406,0
98782009,0
62522406,0
62415745,0
151037328,0
57849060,0
151637598,0
59002767,0
117160702,0
77761203,0
105564401,0
145639790,0
85487060,0
97910414,0
118416096,0
108531677,0
151059841,0
177227073,0
72003542,0
152288439,0
57198909,0
184640192,0
75393011,0
33079472,0
112938288,0
112507312,0
31122951,0
109909208,0
109072354,0
131223466,0
38958934,0
192430122,0
56478122,0
78965413,0
67484083,0
141295417,0
107504775,0
66432161,0
75713517,0
93867884,0
179819729,0
88599923,0
45342159,0
67203974,0
139777620,0
120011951,0
194427069,0
75332777,0
111808672,0
43295943,0
140840448,0
60205309,0
40979054,0
88972185,0
120611619,0
115565468,0
146571855,0
108078811,0
152915534,0
154948031,0
109019897,0
92856970,0
185695904,0
126124780,0
92751483,0
76660140,0
102089056,0
112268448,0
61347568,0
164560295,0
72625495,0
79646929,0
155530100,0
63783791,0
145550115,0
78291151,0
58397326,0
74796443,0
54688260,0
120984749,0
86565788,0
90217759,0
43446504,0
121783911,0
184477876,0
101142216,0
118813120,0
127953203,0
77816364,0
82460092,0
138684482,0
89983563,0
138864919,0
166456680,0
86966454,0
117963634,0
163180573,0
76117055,0
146991876,0
115729491,0
66718458,0
67302541,0
133010565,0
79149155,0
73538976,0
83323376,0
206077208,0
133270659,0
55307222,0
107832771,0
67067517,0
121920042,0
73768534,0
41310209,0
125205722,0
129448981,0
120749586,0
142394911,0
120885658,0
82272362,0
60345546,0
128272129,0
63043077,0
34051194,0
91951986,0
85079850,0
129324180,0
195884849,0
36709927,0
82913590,0
98278096,0
107458782,0
98006001,0
142057479,0
174168226,0
174951527,0
157148992,0
74818057,0
139426825,0
206480569,0
147346363,0
91684362,0
122062905,0
74352163,0
113046409,0
139896460,0
82733914,0
164844292,0
119048629,0
125832649,0
140672773,0
35473582,0
112896056,0
35227996,0
93672159,0
156222976,0
114449640,0
63534603,0
103571234,0
123230656,0
78195436,0
104907697,0
33059003,0
89011969,0
65267686,0
77803662,0
63934164,0
105705437,0
155978101,0
82477275,0
184529395,0
178200077,0
35457534,0
44387384,0
142029420,0
210337966,0
149085061,0
87171791,0
128174637,0
212176347,0
76412956,0
118051078,0
56320139,0
147901794,0
113218239,0
142074839,0
142252927,0
65198648,0
162291855,0
131168947,0
57089475,0
175489509,0
148581228,0
31677228,0
142328419,0
146571214,0
63316988,0
72323752,0
85618563,0
160238020,0
115231678,0
75110119,0
126209737,0
194350362,0
127996214,0
130481627,0
160998325,0
83013086,0
161422550,0
64239559,0
194167764,0
44106958,0
66097591,0
110641917,0
95450978,0
103465175,0
118220076,0
76326774,0
141586255,0
59642001,0
35114634,0
138656285,0
125052783,0
78885153,0
104717095,0
109022670,0
140729553,0
69880146,0
152768536,0
174069727,0
35481852,0
148086326,0
37543277,0
55718558,0
183192015,0
74237399,0
112683415,0
196470442,0
76784448,0
44824854,0
103661906,0
175500997,0
86368337,0
62359143,0
33042757,0
145861510,0
42305726,0
82177170,0
92625152,0
73776005,0
138700491,0
80451854,0
175872223,0
196172745,0
193893301,0
65813899,0
178614759,0
163918504,0
95122281,0
86925032,0
128103369,0
87777598,0
90342175,0
76110729,0
88154133,0
102558751,0
120030121,0
145790736,0
59808324,0
161831122,0
71734023,0
135644309,0
126218343,0
126228253,0
85841290,0
72080594,0
122376797,0
119552837,0
37495715,0
84563018,0
33203671,0
80686228,0
76428599,0
99598442,0
66728703,0
105573698,0
43878526,0
78443587,0
69111660,0
32230874,0
130265799,0
176588440,0
94397023,0
131619652,0
61951035,0
151033035,0
100579264,0
148582047,0
38045679,0
73941400,0
36494908,0
118340988,0
73808160,0
103003554,0
82159493,0
113424889,0
129375946,0
85235010,0
79945267,0
118082316,0
63093590,0
34830034,0
60608463,0
82113511,0
152985154,0
61609892,0
37060140,0
33732672,0
48484256,0
42263632,0
105622444,0
77367830,0
74736534,0
80518701,0
126644849,0
123558534,0
58591520,0
76338351,0
176539398,0
156670711,0
132087165,0
175588136,0
116277461,0
87702677,0
141617502,0
61416862,0
125276704,0
57715099,0
131826223,0
102323302,0
33207066,0
96513490,0
189054046,0
164355658,0
195197924,0
173968504,0
141417504,0
39692827,0
39488961,0
162946891,0
114877043,0
35951300,0
161269137,0
66212069,0
136057431,0
154079219,0
31821571,0
73538335,0
212604905,0
149828578,0
161977666,0
113941790,0
140526723,0
32466214,0
56561333,0
115830368,0
196454759,0
67381627,0
31286047,0
39782512,0
178657208,0
141638435,0
150413609,0
90620132,0
178025593,0
96606156,0
194211477,0
98813147,0
131393372,0
193635970,0
147439848,0
164629145,0
56914536,0
82859317,0
104151508,0
66598641,0
55770758,0
82892785,0
82556617,0
125527915,0
95324607,0
106596653,0
39339367,0
78777575,0
67006937,0
179348307,0
162502137,0
75347956,0
62560295,0
194180565,0
92551397,0
40383581,0
125313449,0
119495702,0
175716826,0
35430767,0
56993079,0
159502063,0
86346574,0
124609460,0
121052070,0
87112534,0
159963823,0
67198299,0
94177296,0
59300316,0
143258955,0
102794250,0
142115858,0
99205336,0
32721304,0
184223290,0
113772052,0
66992103,0
158636223,0
102819407,0
76097681,0
164241664,0
39010255,0
59991149,0
79377963,0
60504161,0
166358378,0
128088564,0
120733735,0
33899143,0
131525614,0
72973152,0
144898691,0
196529452,0
98795915,0
158991035,0
39884683,0
81133479,0
128082613,0
113470881,0
162386712,0
73315558,0
58189679,0
92569389,0
63118579,0
108994216,0
39658915,0
88092774,0
165790195,0
121434704,0
86295321,0
205862051,0
102562985,0
101576084,0
134185769,0
140946655,0
129053782,0
76672566,0
96912114,0
90050459,0
76543343,0
86952736,0
140723888,0
80490523,0
41514500,0
113274743,0
43243615,0
65615283,0
60209681,0
145859517,0
166280330,0
145611020,0
34521599,0
83061842,0
65957561,0
89138754,0
132362369,0
193462177,0
77068298,0
144962646,0
146680293,0
43580770,0
102360895,0
43638202,0
195336888,0
60258605,0
129425501,0
60084308,0
106105679,0
121698963,0
141829027,0
100864614,0
96995206,0
122088901,0
180252847,0
57085922,0
41800422,0
109474126,0
63934342,0
174421569,0
71184721,0
74493189,0
63927690,0
118603618,0
76965496,0
41859975,0
56012109,0
121048872,0
101893184,0
72330443,0
192690472,0
44066335,0
77701512,0
32126286,0
40532109,0
182936570,0
154552161,0
66693310,0
76457744,0
113424060,0
178973706,0
166142797,0
118803280,0
134542200,0
194226577,0
64198097,0
120885865,0
104010846,0
43118587,0
130254548,0
128862884,0
81908766,0
32141268,0
32823405,0
79313149,0
83420848,0
194915959,0
135297550,0
138575413,0
34236989,0
130417978,0
56557385,0
71177052,0
105841371,0
66733865,0
132028244,0
138824127,0
132531959,0
152193167,0
32835318,0
66062169,0
113385095,0
150854553,0
180250162,0
109501563,0
113284514,0
62600119,0
137128342,0
44522015,0
207005504,0
121939613,0
102244749,0
133988367,0
39633333,0
66974594,0
120449856,0
113215150,0
126795439,0
107680049,0
101230500,0
120977722,0
143135911,0
33220154,0
113113592,0
146892104,0
155957642,0
41671199,0
84288396,0
144121578,0
103498712,0
119575774,0
119333525,0
85618819,0
137928431,0
106857033,0
32773159,0
111838518,0
121545096,0
87928711,0
120831109,0
94450269,0
43606254,0
159462072,0
78473038,0
36451768,0
55718696,0
109959819,0
156056644,0
128377349,0
110269942,0
42077728,0
91570250,0
76530700,0
103524502,0
63526105,0
91786611,0
121848892,0
41189375,0
146764915,0
43506837,0
70248450,0
110021188,0
92816060,0
101352537,0
34655105,0
145590679,0
81399840,0
38626940,0
36708526,0
115195733,0
128942759,0
108497075,0
142023409,0
150112477,0
185690544,0
212714961,0
41170959,0
66754295,0
149657025,0
110702961,0
111082437,0
149150141,0
93672100,0
76263461,0
63934519,0
34949397,0
119239181,0
141959612,0
56861507,0
154823871,0
81002667,0
192313315,0
95363385,0
103368157,0
90728836,0
78550278,0
76691910,0
154287330,0
77454998,0
45053769,0
176101306,0
100813588,0
36714447,0
37721108,0
103824518,0
45282310,0
65936312,0
88565044,0
81493710,0
204192726,0
76052330,0
177484502,0
43692188,0
174436186,0
105103086,0
78683350,0
67331509,0
37442716,0
167247955,0
80953072,0
115663838,0
72879983,0
153215204,0
80653816,0
176828834,0
158730329,0
84637573,0
157275500,0
63775184,0
139758088,0
84003195,0
103469923,0
95300536,0
35332950,0
109654049,0
151647842,0
83387736,0
103233674,0
79498026,0
73770182,0
78051902,0
74227816,0
190924356,0
37411567,0
102302131,0
63102581,0
163500200,0
195265620,0
66165425,0
91435302,0
83359163,0
204265268,0
33233181,0
123824816,0
75331691,0
65770562,0
157082234,0
62967456,0
81892323,0
142989554,0
128823337,0
98605866,0
73847421,0
150405210,0
125742836,0
77489907,0
34718142,0
83142634,0
62209480,0
128954326,0
145834695,0
173128048,0
153807805,0
76682524,0
65048946,0
61850888,0
75190744,0
75660004,0
206410850,0
65183281,0
156812409,0
154353357,0
105847441,0
76272334,0
139953427,0
55990317,0
62669049,0
86797092,0
147918731,0
39708106,0
84259074,0
156131366,0
149154376,0
159381851,0
195371540,0
161183656,0
177610260,0
129686907,0
121422732,0
108488231,0
36785548,0
71941532,0
78899474,0
72375222,0
135008312,0
103156099,0
144119160,0
194306186,0
119403648,0
117880877,0
59626506,0
203688814,0
58857240,0
120893633,0
45333849,0
140394638,0
77362224,0
79509939,0
79949551,0
141509834,0
102647498,0
128374062,0
90838793,0
128024017,0
94693200,0
84359359,0
107778252,0
130715192,0
192066279,0
165745604,0
141185756,0
93980476,0
42985939,0
150235936,0
209875792,0
68746366,0
143531188,0
147149662,0
127405933,0
117100339,0
130401013,0
119202555,0
114082392,0
119000554,0
56140907,0
75058303,0
110167229,0
115884375,0
166550717,0
94452628,0
41317739,0
96211115,0
76434531,0
63733209,0
80959211,0
105134027,0
38635359,0
85185159,0
114267704,0
38234268,0
127765167,0
74426777,0
74921027,0
94833624,0
157135243,0
38400087,0
191996244,0
205644476,0
38058441,0
62720903,0
195166578,0
111413296,0
113463795,0
179484488,0
154556414,0
78904794,0
87086094,0
101845021,0
150165862,0
38448941,0
93541881,0
94406497,0
86491677,0
192278959,0
176464063,0
142946404,0
62342167,0
78463623,0
126885795,0
36095732,0
75791575,0
140462620,0
75518740,0
196623885,0
193598466,0
194223409,0
40856691,0
193571325,0
173509242,0
110069608,0
165705563,0
44543886,0
38854039,0
38041850,0
39715073,0
88125945,0
66417485,0
60772565,0
86157680,0
115337924,0
110612901,0
90759314,0
133052067,0
34028316,0
87282025,0
77145142,0
115995111,0
126863904,0
64061314,0
33998372,0
127365744,0
92278877,0
56454672,0
76541349,0
140426014,0
95885270,0
120144481,0
127408351,0
37136600,0
61991856,0
144877807,0
42366266,0
171767099,0
132170869,0
78184027,0
162026432,0
65284681,0
75793786,0
114007067,0
101507678,0
146715646,0
135315819,0
150015153,0
60242695,0
72584161,0
66713425,0
126738975,0
86312050,0
115130741,0
140308703,0
93355138,0
102066652,0
93307922,0
38511939,0
84569355,0
80688833,0
66908764,0
117235474,0
32231950,0
127985693,0
79466335,0
131291044,0
59026247,0
206272400,0
33224950,0
112859361,0
157059011,0
92781753,0
64220323,0
92933577,0
191649288,0
33457221,0
62426158,0
85161728,0
59141889,0
73976239,0
96256239,0
136970803,0
119371088,0
104878661,0
55970400,0
96888476,0
91329826,0
135991008,0
164536084,0
35152356,0
102971498,0
156088286,0
145107838,0
120365767,0
91805610,0
36253695,0
96600076,0
113452840,0
76363341,0
35880426,0
92271130,0
131624281,0
159987756,0
135604574,0
148922756,0
117745101,0
166855698,0
104047304,0
37951958,0
164065324,0
37950753,0
79684424,0
128702730,0
180980118,0
80107297,0
33773305,0
80777709,0
36383431,0
178506391,0
60486849,0
76730441,0
108401774,0
109239881,0
152873686,0
122007349,0
110068039,0
37555505,0
86155785,0
35853620,0
157353125,0
146524225,0
129254224,0
78295346,0
176361232,0
60171081,0
194961182,0
133988466,0
134250494,0
96455625,0
64978802,0
68883178,0
33609815,0
92642306,0
212272231,0
41145337,0
42090510,0
70420241,0
72770766,0
144393881,0
96631886,0
69916230,0
102890271,0
83325419,0
160699266,0
176999035,0
94260210,0
95171944,0
150225218,0
106788143,0
114321533,0
80867819,0
137893838,0
153485335,0
109279083,0
97711384,0
122220068,0
160422048,0
142784652,0
160471446,0
114240000,0
178187652,0
45352641,0
75884310,0
89101684,0
61617057,0
77373199,0
74662266,0
73838312,0
191547858,0
127290005,0
101873011,0
193810090,0
96771373,0
127161088,0
40361108,0
37447354,0
122174184,0
133826130,0
163202079,0
115772730,0
138888842,0
146977753,0
39007186,0
110762297,0
104591169,0
84550928,0
85290753,0
118159664,0
81362996,0
35495680,0
78452588,0
96547116,0
36453594,0
85782358,0
120077565,0
198810456,0
100512032,0
132368015,0
146249139,0
67165630,0
175768296,0
162196149,0
40663848,0
66121703,0
56179281,0
38505070,0
124189123,0
130078494,0
61137276,0
68867565,0
102688882,0
41097035,0
97091632,0
42937766,0
210573445,0
165464409,0
208421062,0
76570109,0
179661332,0
106715917,0
76036391,0
132194438,0
82779156,0
158316043,0
185125006,0
101598922,0
196560976,0
65971142,0
39044019,0
85088239,0
71714748,0
107915725,0
40454100,0
42534997,0
121959905,0
39106040,0
112541007,0
73129595,0
133786425,0
39732730,0
60973638,0
124505414,0
144362614,0
79390112,0
72708735,0
45430097,0
41797392,0
119741110,0
161146507,0
126090542,0
96059794,0
83060026,0
193002737,0
113304519,0
212225103,0
108575350,0
203303938,0
113648396,0
75580761,0
43697409,0
160635775,0
81753280,0
64975042,0
85768186,0
126887976,0
62773775,0
192193607,0
45679601,0
99487676,0
44316391,0
116139622,0
43290209,0
122502359,0
78300626,0
109416576,0
90096737,0
32916259,0
111198040,0
195095596,0
63680130,0
162390659,0
91866821,0
34895835,0
153852810,0
35652853,0
140041563,0
115644010,0
63731117,0
73877573,0
99365292,0
65158330,0
108124734,0
97039303,0
158800907,0
140466795,0
58163683,0
165471920,0
138878993,0
142252028,0
115583194,0
36210801,0
98622131,0
75133431,0
173122897,0
132131924,0
113554270,0
151402563,0
67513218,0
90348245,0
33338717,0
99285122,0
183064983,0
68089741,0
33844031,0
177807474,0
31617320,0
114130447,0
108468088,0
144871836,0
117190301,0
84963616,0
138594866,0
39366055,0
212340814,0
62479878,0
159656828,0
177801957,0
42415437,0
94167771,0
61130525,0
56772266,0
88106334,0
103861568,0
151570790,0
31633990,0
62980306,0
80214964,0
34292131,0
82767036,0
58210011,0
138979060,0
44752628,0
31714072,0
62783161,0
154939740,0
73097183,0
96695249,0
105631711,0
135239102,0
102417843,0
81081614,0
81882809,0
62503624,0
107107424,0
122296331,0
105147173,0
193361990,0
160213504,0
63016074,0
108430484,0
90977767,0
83185675,0
59476261,0
43492664,0
77815614,0
120515666,0
44064450,0
129831082,0
66734378,0
154322396,0
77582070,0
120984897,0
77935283,0
176488027,0
163753445,0
31666096,0
37086650,0
71960629,0
78573195,0
128218892,0
115998852,0
98946723,0
144232197,0
166957927,0
67674418,0
126906057,0
36240815,0
112089196,0
143161039,0
108876166,0
135694772,0
112793511,0
194693775,0
76409186,0
96183727,0
175513394,0
175611152,0
98493372,0
73073210,0
89297931,0
40831365,0
124782563,0
119884930,0
112119802,0
33239991,0
194089044,0
73592746,0
33411120,0
123055333,0
64763754,0
31492262,0
39255939,0
82165010,0
106548755,0
77315215,0
66872256,0
116131213,0
195419428,0
143140204,0
123702729,0
91829692,0
67667687,0
91488470,0
60444756,0
61678456,0
38856625,0
143561241,0
136800227,0
83405166,0
86599848,0
154414085,0
131165463,0
63186028,0
79867159,0
102313156,0
180155147,0
77341962,0
179373860,0
37043352,0
113767719,0
112500976,0
33532753,0
31650620,0
148006008,0
59976472,0
45183791,0
35201792,0
59818707,0
106104465,0
92972553,0
76694763,0
194460349,0
127555329,0
93994096,0
155518198,0
114177426,0
45328598,0
110760165,0
196352480,0
37595132,0
69768423,0
184495760,0
111290804,0
77424492,0
126177661,0
60467920,0
113590067,0
167043793,0
88751175,0
110703049,0
73758457,0
109092301,0
39721232,0
145134881,0
110714173,0
159928558,0
64122348,0
113754534,0
149921491,0
126967358,0
127568012,0
141406934,0
108150563,0
36970376,0
65092441,0
180003155,0
35083031,0
32913041,0
78149976,0
126001824,0
41085932,0
191932092,0
136036951,0
76091177,0
63541916,0
92346741,0
171189520,0
32188780,0
120166371,0
140317853,0
83844462,0
31722066,0
196151565,0
60215731,0
37024560,0
119453549,0
103391686,0
130668943,0
91233844,0
126078610,0
175200507,0
176552771,0
35395612,0
92492209,0
114529742,0
155363225,0
119037752,0
63511469,0
195505945,0
68624229,0
92933360,0
147079301,0
125065317,0
66602510,0
32716350,0
60897415,0
126697819,0
128130717,0
100677170,0
65124369,0
132027089,0
117985278,0
159430489,0
72111052,0
41256982,0
38617090,0
66367337,0
39785789,0
66341380,0
97731389,0
144945868,0
44100139,0
95057487,0
158369684,0
133520942,0
38710506,0
37330972,0
196651904,0
74200329,0
32285936,0
195344833,0
114235943,0
63307997,0
119688929,0
140086104,0
154918560,0
106866231,0
159523875,0
143312409,0
66613100,0
127288100,0
205922394,0
77925137,0
34098163,0
113726938,0
147275509,0
195380847,0
112767573,0
129159101,0
43649877,0
96740886,0
39092459,0
59698002,0
120797384,0
65158715,0
119937554,0
132643712,0
57523984,0
103904067,0
109669100,0
112339015,0
155466402,0
75225988,0
35697997,0
155569885,0
73635491,0
119518609,0
74777710,0
45631743,0
175990678,0
126812336,0
105715534,0
81398073,0
83533530,0
60197729,0
103608709,0
59332096,0
196447367,0
112722321,0
77226172,0
36601322,0
157260311,0
137085972,0
107084724,0
118766309,0
125582474,0
84695409,0
143688490,0
108950385,0
42522660,0
146679079,0
91958569,0
64502456,0
194718883,0
127254247,0
61680637,0
62614815,0
104671182,0
114709704,0
61771546,0
92367368,0
82563288,0
36410819,0
72145023,0
124973234,0
41632511,0
40270831,0
31945721,0
156996052,0
76604999,0
151122710,0
159436697,0
100762986,0
41108770,0
90925735,0
129449790,0
175984588,0
83912947,0
144967364,0
37204226,0
32223067,0
134484778,0
146838739,0
125024526,0
162259256,0
135769021,0
96015993,0
129377535,0
87950444,0
85422039,0
79129466,0
84824040,0
67181994,0
84285347,0
118243575,0
93756554,0
74934321,0
126341940,0
147657611,0
66615193,0
72038589,0
75279975,0
60173371,0
82601770,0
78106787,0
115223713,0
145485962,0
136647554,0
139188069,0
116345068,0
151031851,0
35479602,0
88536817,0
133009934,0
86691714,0
123676003,0
101733770,0
39366953,0
35431744,0
78522544,0
173298368,0
66960125,0
162426693,0
131408354,0
122718878,0
41884748,0
159739792,0
89364729,0
164586488,0
98815358,0
43341758,0
121649398,0
141125966,0
113424682,0
117059213,0
171079533,0
114807492,0
96387060,0
33139519,0
102131407,0
79148771,0
92458731,0
59919219,0
33893211,0
80777561,0
125239930,0
150921637,0
134936737,0
44531233,0
143422781,0
74625541,0
131025778,0
135430661,0
72152494,0
38365553,0
157039005,0
87528538,0
59394857,0
45632562,0
34723511,0
78663551,0
109875552,0
75336991,0
83220061,0
59637945,0
192557055,0
85816468,0
42713272,0
75985868,0
36527438,0
37747923,0
121084008,0
92186212,0
73720784,0
37288365,0
39828860,0
95782725,0
38219513,0
113628686,0
164970061,0
102461970,0
41853718,0
41011989,0
67258938,0
75707546,0
36817407,0
92510241,0
78084196,0
140613684,0
36791420,0
95491443,0
94471025,0
108769298,0
134040232,0
87684241,0
62549478,0
115667786,0
196072105,0
87178858,0
73217227,0
35849288,0
42380686,0
154266751,0
45262561,0
126925905,0
41913113,0
79127038,0
111547197,0
194400016,0
94805289,0
112880679,0
86505702,0
61487785,0
140954886,0
69854426,0
82251567,0
58124372,0
152780675,0
74628285,0
119482941,0
71538526,0
138788548,0
98677727,0
99202227,0
118150189,0
32987902,0
127609977,0
61652154,0
56584941,0
58364036,0
34726216,0
34777952,0
131157814,0
83318047,0
38269048,0
147167397,0
37346842,0
145427564,0
82450883,0
192770090,0
88860244,0
35716147,0
45199178,0
93973133,0
146498850,0
113885424,0
59354470,0
63655663,0
71821468,0
44110699,0
141529870,0
161386970,0
89107191,0
95346923,0
56491851,0
147545571,0
142513287,0
78952563,0
121953431,0
66484183,0
59355882,0
66356096,0
59447225,0
167008805,0
191804626,0
131230237,0
90004269,0
40951281,0
184962059,0
157274178,0
60821439,0
185664420,0
141540746,0
152776145,0
104849328,0
81368889,0
135119048,0
196113399,0
119925030,0
155020345,0
79679923,0
106153488,0
71940722,0
134389704,0
69441798,0
105131964,0
98016137,0
61124505,0
196674298,0
68091182,0
173457654,0
206688867,0
81089707,0
41001774,0
206051903,0
117443900,0
140377031,0
164653799,0
213597116,0
33436949,0
121416307,0
75815864,0
131693062,0
149408311,0
44582723,0
42020574,0
35689874,0
134615176,0
60549176,0
120848864,0
165279621,0
67056166,0
114987958,0
88781672,0
112170087,0
145146477,0
149059134,0
42119250,0
112997594,0
53138969,0
122161334,0
58574633,0
72501780,0
33550805,0
72261198,0
78332367,0
41632382,0
195482998,0
40804066,0
62232457,0
106193223,0
86434710,0
90186423,0
58996125,0
177050249,0
59669735,0
174192456,0
81271870,0
196598520,0
174526492,0
130674213,0
56322202,0
89435020,0
162814065,0
121275231,0
64379678,0
136066629,0
116183088,0
107758522,0
43662984,0
77658204,0
59885080,0
97928061,0
108899626,0
148059698,0
82920005,0
121083248,0
40842084,0
33378689,0
130173114,0
180907942,0
101801703,0
198990043,0
81366461,0
64051454,0
194307182,0
116084876,0
86685911,0
135711363,0
76419707,0
134646058,0
98172768,0
65851729,0
60376468,0
113414022,0
66978098,0
78139831,0
162611018,0
167016632,0
155338166,0
34024092,0
86662362,0
139638113,0
73147647,0
139902095,0
130006209,0
120538880,0
185348642,0
77632414,0
84052069,0
164406832,0
119385281,0
104838235,0
37859736,0
34178295,0
39501199,0
86735358,0
89853284,0
32033028,0
106024995,0
78092072,0
88633203,0
155147831,0
199199279,0
117599307,0
114865575,0
96194366,0
198628727,0
71973322,0
195442789,0
89444643,0
83878571,0
181102570,0
60321514,0
212684247,0
108038720,0
89881393,0
41110547,0
125238233,0
111573637,0
106432728,0
75382243,0
157300638,0
37283430,0
159714615,0
78285713,0
97512620,0
43714592,0
146059662,0
132832784,0
77297016,0
62300123,0
89718070,0
167100533,0
143718504,0
175853105,0
129041149,0
126102593,0
119647724,0
80610508,0
65769358,0
39238648,0
86057641,0
61452946,0
179943336,0
34959750,0
185361008,0
167414722,0
65420053,0
62584792,0
111531622,0
77825928,0
183240524,0
75087547,0
130482417,0
44963897,0
92329498,0
118169977,0
77983891,0
165492864,0
146565687,0
77197352,0
66632129,0
44710356,0
131907677,0
111060981,0
106480369,0
159399409,0
41862630,0
95791065,0
42871373,0
136606210,0
205130161,0
146026629,0
184527609,0
185140255,0
92288480,0
191595094,0
178935708,0
142044007,0
135511928,0
195389079,0
71486681,0
37385768,0
105461609,0
60969789,0
36163408,0
142520620,0
123796560,0
56543518,0
137772195,0
102239558,0
89757628,0
133052107,0
61796921,0
78783210,0
192769291,0
133721246,0
78963883,0
116998021,0
82239319,0
100577714,0
135901146,0
107789000,0
85735201,0
114152822,0
135545248,0
126080791,0
58509563,0
75677670,0
92556263,0
157083724,0
45113125,0
74401629,0
104030042,0
120817439,0
90670428,0
153664952,0
119964469,0
133820268,0
122856371,0
213084943,0
112645101,0
31913398,0
38108983,0
101262763,0
84610254,0
75603786,0
38029444,0
106919705,0
111334517,0
96712935,0
100683072,0
103887989,0
44466755,0
162800475,0
150026523,0
122641135,0
43623486,0
98108152,0
84223622,0
191688323,0
64568760,0
163018771,0
75243339,0
40322804,0
88906404,0
39547774,0
31578256,0
35099395,0
35852328,0
109080635,0
78002317,0
87306156,0
44211862,0
71310923,0
78529295,0
142462310,0
148329948,0
80424673,0
106729132,0
56195654,0
146526929,0
130666357,0
34192537,0
41537328,0
88116026,0
37812609,0
31194259,0
38261863,0
112341118,0
104905230,0
31482146,0
108565027,0
151018704,0
137264197,0
117336549,0
33656953,0
180119331,0
43066673,0
41290223,0
45191776,0
211654689,0
155362771,0
73411234,0
151945105,0
70163286,0
164118087,0
107247977,0
61558007,0
79749987,0
67406685,0
160173581,0
111566442,0
154232129,0
112960435,0
174929192,0
192772183,0
151323517,0
178966640,0
193560261,0
195212719,0
198699472,0
36190204,0
92930656,0
146718547,0
122676695,0
133090282,0
44880735,0
115773440,0
160778272,0
76720957,0
58991289,0
133431573,0
148143481,0
64577613,0
88127534,0
81594656,0
113313135,0
129047574,0
42866853,0
97070096,0
78991419,0
141064607,0
176328465,0
93322282,0
103783816,0
43011521,0
66805883,0
139930984,0
63170493,0
74827858,0
180485325,0
99321027,0
42244426,0
144991742,0
94052544,0
150550234,0
87047977,0
193890567,0
116536824,0
92278867,0
155864858,0
99803444,0
142672069,0
144738705,0
59173333,0
76169700,0
151755648,0
75664366,0
151494390,0
135095588,0
133369701,0
127532728,0
120242417,0
40732205,0
35251733,0
110593892,0
79767437,0
97634036,0
133102757,0
111035616,0
185402421,0
178406421,0
142195989,0
122573992,0
76062634,0
77907155,0
125810610,0
131279476,0
77494141,0
61854323,0
34086596,0
67457198,0
35212984,0
40661766,0
149215725,0
129963681,0
177242923,0
40959404,0
144663725,0
92425717,0
163987700,0
85077284,0
42043895,0
144624553,0
188233714,0
99289020,0
96197248,0
165443999,0
130852290,0
110160557,0
74263583,0
60908548,0
125285972,0
194958665,0
92361229,0
154280816,0
176156714,0
195720549,0
79711506,0
126256874,0
118404588,0
145363569,0
114094759,0
151222897,0
77878681,0
194731674,0
60568718,0
166095650,0
160622954,0
34241292,0
130743310,0
43616666,0
33901600,0
132898358,0
71730904,0
143199007,0
94736606,0
65320498,0
95776290,0
195239880,0
193547588,0
78408363,0
62537240,0
128305814,0
143637405,0
78207832,0
133535313,0
84200369,0
44257322,0
65314083,0
112437386,0
71159750,0
35978599,0
198657961,0
177662845,0
112958067,0
120395297,0
138769114,0
174533066,0
78425822,0
65583168,0
42955018,0
161270519,0
207142760,0
115955751,0
92128988,0
66555087,0
67413032,0
160969061,0
86553895,0
76206415,0
31520884,0
60561197,0
122978409,0
82992281,0
112266503,0
34904865,0
198679516,0
100668771,0
185610344,0
70786058,0
176439932,0
111918748,0
112077826,0
34185549,0
63605546,0
180614410,0
192035150,0
94559101,0
121863341,0
192781233,0
141520513,0
145368080,0
166916041,0
58619106,0
192382511,0
155225416,0
116667695,0
89365883,0
135835266,0
127660806,0
151666121,0
85908462,0
97103613,0
71308762,0
130522241,0
72657966,0
41372940,0
89433806,0
75807989,0
61600269,0
32715906,0
115912937,0
45608382,0
116444741,0
31392372,0
121895506,0
141569259,0
65848798,0
121326928,0
135601899,0
165394720,0
72096524,0
61489147,0
111058197,0
66416083,0
36648814,0
103209691,0
106097942,0
41617400,0
31707844,0
91889502,0
178106356,0
81560241,0
76970717,0
87955260,0
90942020,0
137436451,0
34298911,0
209793746,0
129100061,0
109942824,0
179755211,0
96705434,0
108930271,0
134958845,0
56048439,0
76162919,0
66674775,0
139329816,0
81918063,0
76261250,0
180108948,0
76686699,0
141435565,0
68858721,0
100008287,0
138661526,0
114172215,0
208255213,0
159955799,0
117011306,0
96164758,0
74433024,0
135101411,0
104720717,0
114747692,0
42454964,0
95338484,0
126278479,0
40541189,0
110561934,0
199376379,0
101821304,0
74040895,0
156129896,0
87487550,0
156172088,0
115729501,0
44836993,0
40027022,0
94750127,0
39900464,0
40048331,0
149820643,0
43004632,0
102713990,0
127006283,0
194031011,0
137180720,0
85868244,0
100232683,0
74975033,0
176163672,0
140057937,0
157583244,0
160542260,0
166983233,0
122270127,0
66595868,0
162957155,0
92652610,0
75508564,0
91748426,0
43367705,0
65712894,0
34688060,0
180293697,0
41734385,0
63871147,0
164479640,0
151306423,0
135030104,0
110168295,0
115513021,0
44387176,0
159945880,0
141259650,0
154831875,0
132183246,0
147607651,0
67320396,0
94798883,0
36184005,0
116772076,0
144146242,0
177364694,0
167094651,0
65433317,0
139801218,0
98793260,0
32795237,0
121226584,0
82433503,0
89516118,0
139730858,0
130347233,0
120898232,0
82242822,0
156211182,0
105682727,0
166316818,0
154269367,0
135734191,0
77715339,0
80460984,0
88564185,0
177235945,0
43581432,0
146543678,0
149011819,0
137070930,0
129244611,0
143549447,0
118769852,0
73457246,0
89214819,0
157383523,0
112726249,0
138090984,0
34402167,0
155215339,0
57199304,0
125828030,0
31139148,0
91980430,0
63939553,0
129552276,0
82734793,0
159362349,0
140703448,0
140511109,0
61773481,0
78531269,0
80683306,0
117105087,0
88763472,0
152983920,0
122206300,0
45147540,0
56912375,0
142732234,0
102661730,0
72051489,0
81990911,0
137462468,0
138022617,0
94526719,0
86839413,0
177603677,0
84073377,0
151465106,0
56097392,0
119823541,0
83310516,0
79711447,0
133892563,0
135220113,0
80112044,0
92443680,0
32399437,0
111609691,0
39120134,0
108261684,0
76998648,0
112195422,0
82706388,0
84993451,0
193789314,0
36791262,0
45325667,0
167100622,0
107243349,0
75194780,0
115378626,0
42122161,0
55801729,0
132549290,0
164636902,0
132804064,0
31764259,0
36697077,0
106228872,0
115921849,0
87555482,0
44100050,0
35166193,0
59659737,0
78598471,0
63878440,0
151132836,0
115883605,0
81351054,0
185793968,0
107367281,0
157606487,0
63455113,0
31471654,0
116673469,0
35224216,0
67421628,0
92546916,0
62643901,0
181194042,0
38267706,0
43774461,0
184961635,0
95071738,0
138908789,0
185767389,0
123333162,0
89835065,0
140458021,0
64928250,0
118801622,0
138000025,0
78778591,0
135180684,0
131681061,0
175033119,0
135856890,0
109556517,0
85763853,0
100428209,0
90943362,0
64420597,0
74620616,0
207390675,0
124689601,0
141656536,0
154119339,0
134255626,0
195968750,0
114576237,0
140352357,0
100056096,0
198858570,0
75153535,0
139360580,0
198796194,0
118232630,0
99766433,0
37877639,0
120405374,0
132860824,0
179353805,0
119753013,0
93544920,0
75801573,0
68210012,0
100949058,0
193583375,0
135650418,0
60417851,0
87642581,0
112898178,0
83667589,0
159456801,0
44278423,0
132151387,0
207252915,0
58114611,0
86883569,0
119339733,0
126721476,0
83044076,0
211592037,0
119268839,0
41608656,0
121456052,0
135735168,0
33100583,0
42539873,0
124646244,0
128157089,0
141244006,0
118457755,0
196350151,0
139426183,0
60562204,0
87118575,0
160605169,0
40958594,0
116850619,0
106082397,0
154074314,0
115773894,0
68402588,0
38378838,0
153871484,0
67026114,0
141419557,0
131311000,0
140815873,0
191996748,0
62327363,0
194603399,0
154648241,0
84545855,0
63915609,0
85034973,0
133318379,0
113231247,0
184567206,0
58813636,0
56140582,0
88501365,0
134155183,0
85038526,0
45521243,0
127349114,0
77341991,0
98683323,0
165542685,0
66335893,0
178582386,0
80779417,0
36291071,0
66894088,0
97072771,0
34220428,0
111908661,0
78966785,0
143864732,0
104233554,0
68555942,0
87797801,0
34872542,0
206710265,0
137219567,0
92570208,0
66112198,0
167087535,0
154156972,0
153631258,0
76789609,0
132156993,0
108319372,0
81435844,0
77159660,0
107851267,0
37646385,0
84175024,0
164169577,0
163507997,0
85037470,0
179936861,0
121441396,0
76062693,0
166292637,0
77315274,0
142604551,0
37105244,0
67330018,0
62819432,0
207392136,0
142585276,0
106779457,0
45574194,0
98645384,0
36043897,0
69866625,0
141831445,0
79617004,0
44203217,0
45154025,0
127303872,0
85051583,0
77387411,0
130371660,0
111915501,0
75182591,0
88668181,0
181159488,0
90178922,0
40041422,0
83244775,0
144853182,0
153561766,0
56604424,0
96065627,0
132567825,0
75311113,0
118234337,0
91242283,0
196307485,0
91565305,0
97679653,0
146896230,0
76273883,0
45098518,0
56947886,0
124327900,0
146026264,0
33078692,0
165610006,0
154653452,0
44074093,0
31525434,0
114816681,0
59124173,0
139867493,0
162345782,0
193890823,0
177572075,0
36063577,0
116630240,0
162357123,0
132902197,0
114857126,0
106237577,0
96199439,0
145483366,0
99025847,0
97641615,0
196618180,0
60295705,0
40450635,0
121211020,0
76317250,0
161569469,0
31908750,0
83945053,0
137640930,0
134074746,0
117400129,0
88067695,0
196676401,0
37227114,0
196579452,0
84969685,0
63016834,0
192469896,0
32918933,0
81341017,0
85180767,0
31430064,0
42925034,0
86236637,0
105982566,0
90503148,0
32352309,0
162220527,0
64174064,0
55721430,0
166470093,0
145779741,0
133912519,0
83688591,0
212290785,0
136859336,0
62833831,0
174933781,0
45297045,0
161817196,0
36859422,0
61334964,0
42680801,0
34727627,0
32582172,0
55883893,0
175323522,0
139944555,0
56218315,0
141689826,0
62510385,0
77745214,0
155513875,0
136066570,0
83105396,0
94780200,0
99732096,0
136638908,0
33059911,0
94474953,0
88617896,0
130417781,0
74679557,0
62557611,0
122517499,0
57729144,0
58209685,0
177859014,0
44547113,0
86931328,0
90600334,0
126295474,0
77589225,0
119005716,0
195106916,0
95334211,0
185451118,0
79349785,0
86848266,0
141546964,0
111671613,0
73902740,0
144080688,0
127868591,0
76103514,0
175490990,0
59623032,0
164064890,0
148171935,0
130106602,0
106352627,0
198716083,0
81022702,0
67459212,0
115076824,0
44049369,0
44900909,0
126254377,0
131567205,0
105938538,0
85544096,0
85558239,0
122777701,0
177251066,0
96156003,0
39082738,0
38209090,0
37705069,0
99681090,0
75536565,0
121975904,0
95862570,0
84374588,0
116689635,0
161231711,0
105719018,0
84708269,0
150094998,0
161827214,0
114138165,0
111864051,0
67061407,0
36051200,0
130643124,0
78066924,0
109076874,0
109672150,0
33895748,0
120242555,0
128750469,0
151259572,0
156065043,0
149980452,0
107349792,0
74151997,0
150908234,0
167180507,0
72175412,0
129940901,0
82759269,0
45660493,0
176659215,0
131335792,0
192394364,0
89163379,0
165529194,0
145828250,0
176426569,0
103328442,0
90839287,0
74301561,0
56055831,0
184477373,0
78347369,0
135472005,0
117194160,0
135403372,0
195267288,0
107651417,0
43612432,0
39402118,0
131077465,0
120271098,0
150507607,0
37944763,0
62057271,0
167109949,0
34585367,0
62535937,0
148632658,0
84378615,0
160047300,0
61838571,0
163946346,0
149696513,0
75511979,0
55853949,0
178779581,0
127387911,0
120765940,0
136028019,0
98478499,0
151229203,0
134200287,0
106909361,0
65339329,0
127778975,0
129610487,0
61801086,0
82484470,0
62999769,0
107650490,0
34985628,0
83595392,0
154302203,0
131263882,0
80974174,0
45354309,0
122214117,0
165671572,0
115716877,0
81826769,0
174551512,0
82711865,0
102342419,0
82684132,0
104606477,0
177123531,0
138602802,0
116638037,0
102996813,0
100185328,0
94438268,0
31365862,0
191616008,0
98268543,0
75442961,0
35300252,0
34246040,0
162975414,0
104875887,0
143572276,0
128690087,0
74947073,0
176478572,0
44183339,0
116265627,0
34553616,0
66371561,0
133642299,0
146484411,0
43124933,0
32475077,0
107085919,0
107674917,0
164234627,0
39409560,0
144470607,0
101978882,0
185572089,0
38753133,0
167039371,0
71885847,0
112664564,0
41197379,0
161206485,0
113792393,0
61801204,0
31228092,0
64177055,0
34854333,0
135870727,0
77808034,0
121379010,0
119336298,0
137850007,0
72426129,0
135647437,0
32320825,0
89779262,0
104856592,0
31369662,0
103230111,0
82080892,0
88718487,0
43915350,0
96351086,0
32862252,0
32091061,0
96096855,0
84869637,0
159603217,0
33544646,0
101376826,0
153885647,0
119761540,0
144850794,0
43263295,0
87661600,0
76307845,0
159378367,0
58167325,0
34160075,0
155097456,0
180309044,0
38877470,0
146775288,0
41993886,0
118304342,0
38080529,0
31834135,0
60427148,0
32872990,0
63979130,0
129639523,0
166901552,0
37272889,0
192719242,0
99874781,0
161742769,0
76925879,0
37270748,0
74001259,0
122091941,0
64380606,0
166436052,0
33569508,0
100348848,0
45163746,0
127228280,0
137831354,0
115934848,0
96113751,0
112123009,0
131246275,0
132094785,0
136847423,0
43773119,0
76374701,0
116962333,0
203858600,0
131522180,0
32984487,0
33775408,0
38074262,0
62968542,0
107611653,0
79453041,0
178645049,0
175293252,0
153646348,0
32853517,0
161459068,0
77859277,0
56087375,0
116575977,0
31730781,0
124513054,0
131988982,0
155001662,0
106770831,0
134085573,0
185211809,0
72406558,0
35295346,0
121768090,0
113701820,0
71913660,0
79450326,0
72393757,0
81439417,0
39537549,0
179557217,0
180809127,0
129823463,0
79752218,0
133598873,0
180643703,0
105080277,0
156268633,0
151943526,0
157243612,0
175462012,0
148385839,0
35216646,0
64576014,0
42583032,0
57772728,0
39547300,0
75855540,0
135427908,0
178028731,0
102092501,0
111553612,0
130313390,0
64203575,0
73381033,0
140597143,0
99863717,0
43272750,0
117339944,0
161617100,0
104947215,0
107719912,0
180028491,0
194748462,0
141955101,0
40368362,0
196678079,0
79541877,0
59781508,0
44865704,0
62146759,0
62303143,0
89808476,0
193033461,0
159536390,0
116819164,0
137887265,0
78663482,0
185250597,0
157373940,0
56938056,0
204981445,0
100642518,0
31681216,0
130760631,0
130240789,0
44545978,0
72043198,0
43963237,0
75245362,0
166411132,0
89210950,0
62977928,0
141585011,0
131190078,0
129265001,0
79652180,0
124420901,0
103068151,0
72380245,0
105955750,0
116636725,0
67292060,0
178574274,0
87445160,0
89711783,0
146581992,0
72005862,0
76466775,0
133029150,0
96341354,0
129043241,0
179145625,0
41745083,0
93591140,0
102916662,0
155116840,0
132455696,0
125794829,0
66598582,0
88799970,0
32210187,0
154890895,0
111459900,0
200125304,0
180989652,0
109639560,0
131758409,0
193984249,0
61897857,0
35870172,0
44699885,0
128669588,0
130807828,0
110466051,0
176580041,0
134475521,0
50538940,0
110926813,0
74460383,0
194077310,0
100668663,0
154113832,0
165519117,0
68687819,0
40719552,0
32835890,0
113392457,0
81564327,0
91099055,0
116315982,0
142757984,0
120904302,0
92010424,0
181000045,0
98897493,0
62509250,0
39313440,0
77162256,0
36297743,0
41292216,0
118072367,0
94063706,0
98925572,0
148179269,0
121128559,0
42872745,0
113610201,0
213944240,0
67558036,0
108472134,0
118197701,0
153916617,0
100623677,0
34101864,0
99136949,0
82351141,0
62199453,0
125400212,0
146238026,0
101231871,0
138604292,0
45013837,0
74488531,0
130835176,0
130395367,0
129473112,0
34760197,0
33338135,0
83823193,0
80591667,0
113400580,0
155448340,0
32809065,0
181057071,0
160462030,0
106394168,0
129433949,0
43968261,0
62351543,0
80330893,0
155167955,0
96388867,0
198672518,0
62697730,0
79195355,0
88706732,0
117541738,0
144318191,0
143156025,0
146061488,0
140652630,0
131059009,0
153871928,0
87670276,0
140421247,0
60141107,0
148889841,0
94380501,0
89834315,0
167202940,0
118218427,0
75580159,0
89704993,0
103950720,0
178207638,0
153246461,0
129572884,0
193526181,0
33813504,0
35205711,0
45403134,0
193458929,0
111502833,0
83014704,0
180835153,0
58344168,0
145374258,0
63655979,0
87794909,0
94767567,0
198847013,0
89475061,0
60800663,0
65463953,0
88888984,0
165609029,0
146577609,0
200155633,0
81294827,0
59720781,0
138119813,0
141536462,0
116302086,0
122063438,0
115794660,0
149511793,0
150211667,0
205874131,0
112717475,0
203694281,0
152741355,0
91989195,0
98727282,0
157202495,0
199582239,0
106193716,0
84147991,0
88479445,0
208592270,0
60158784,0
125671439,0
125203738,0
85376362,0
44630136,0
137630942,0
164057438,0
86307905,0
74354245,0
133563244,0
79757932,0
121687978,0
43328424,0
115824772,0
84864939,0
89355807,0
93318078,0
92780243,0
126357446,0
56084246,0
160014987,0
41106480,0
43117491,0
71755174,0
43500600,0
106113022,0
63864820,0
93103364,0
105046513,0
35322468,0
80953546,0
74089306,0
124491942,0
164301148,0
76187879,0
33286319,0
91580682,0
145640086,0
43219770,0
113591014,0
87549363,0
192287783,0
94052860,0
92248528,0
85445371,0
86466026,0
117096707,0
80958599,0
115729619,0
60953909,0
108269718,0
125444961,0
87745107,0
79510946,0
135823916,0
97725280,0
64585114,0
37080254,0
113862596,0
66515776,0
59533564,0
78294655,0
116369525,0
110105830,0
111547147,0
171704980,0
175633911,0
75292578,0
63325614,0
43248145,0
174466910,0
87126658,0
156281720,0
100168905,0
124462047,0
56771437,0
127572848,0
40072728,0
129357973,0
60036934,0
36256399,0
75065577,0
40658045,0
128287328,0
199381738,0
113612125,0
97211824,0
60709587,0
111601154,0
39998963,0
36455893,0
36452064,0
133318892,0
125984345,0
64995877,0
35393223,0
143359526,0
82486611,0
61827408,0
89477844,0
118362711,0
44517011,0
61087810,0
195923379,0
164905129,0
189153611,0
59796263,0
181217936,0
31973573,0
78871849,0
172929275,0
167141986,0
139133016,0
38399337,0
83711538,0
38015241,0
78874889,0
196597118,0
176042503,0
84516463,0
213647254,0
142936239,0
113863247,0
40102949,0
157306136,0
134228070,0
81322334,0
116206982,0
177172691,0
180463849,0
72363743,0
153898043,0
75839561,0
73708477,0
106788715,0
141763552,0
35234323,0
175384052,0
45272095,0
131897975,0
60110462,0
106682548,0
121142505,0
144304847,0
79884885,0
176362288,0
87980793,0
123614693,0
192202371,0
35433600,0
103267161,0
183666752,0
154784837,0
153979023,0
112925714,0
44693627,0
63589794,0
36059836,0
66354418,0
102730117,0
109221839,0
103731516,0
108432537,0
36922558,0
72882243,0
82164793,0
69362752,0
31182199,0
194661896,0
154361125,0
186833395,0
129297601,0
140745236,0
34381599,0
176555574,0
129068310,0
121925678,0
113636750,0
190502213,0
212417936,0
163543962,0
143262952,0
64939729,0
195098103,0
78442788,0
107459315,0
44824370,0
74924235,0
41505508,0
83105732,0
75334366,0
184531527,0
148934007,0
107436270,0
89012858,0
83681840,0
135343424,0
84538285,0
37703855,0
138250210,0
66147600,0
153785628,0
136020617,0
33579743,0
151735070,0
89270800,0
35299126,0
42206477,0
137149295,0
146670137,0
56094056,0
126718614,0
36592163,0
87760365,0
76104925,0
153264858,0
85377063,0
128521534,0
134571315,0
75098542,0
84709009,0
67273594,0
104805023,0
79672758,0
90125626,0
101139097,0
151631103,0
118522786,0
36502685,0
42777345,0
42692990,0
127500879,0
33285964,0
89465221,0
84486173,0
121594779,0
98781397,0
44443996,0
161210521,0
142237550,0
74077482,0
148270158,0
204144543,0
125926894,0
78817922,0
91434878,0
34269450,0
95297358,0
107767898,0
82888452,0
145914639,0
59281662,0
81899123,0
79139631,0
113100228,0
42817524,0
185886160,0
148886189,0
120058319,0
110151013,0
59453502,0
64459957,0
91166395,0
37021471,0
88479553,0
119641456,0
101872004,0
109429051,0
120229764,0
108531006,0
45654216,0
131135074,0
35866076,0
81225434,0
39755460,0
78970812,0
60724213,0
36591206,0
128538411,0
102594913,0
193871193,0
104793979,0
131802585,0
100509900,0
39782739,0
33054976,0
63879259,0
129638398,0
105620105,0
118770740,0
78195742,0
111985762,0
194084593,0
116001418,0
42827720,0
173552096,0
60958607,0
145893133,0
151316145,0
184739677,0
166408368,0
128602830,0
75771451,0
113304618,0
106820584,0
157314692,0
31445263,0
108734814,0
143606336,0
132815779,0
43425048,0
39511740,0
57725196,0
141121791,0
118300483,0
93604444,0
199193663,0
180252383,0
132794401,0
135528578,0
101080600,0
58168470,0
122559701,0
102930203,0
76588082,0
57017920,0
177196773,0
35754549,0
136029312,0
66636866,0
113101126,0
86587462,0
114859436,0
92919247,0
31461963,0
40011793,0
208038161,0
74146786,0
84143471,0
116060300,0
79588254,0
43116465,0
109706259,0
73815118,0
176628797,0
114579277,0
77932450,0
120738542,0
135890131,0
60741998,0
125128591,0
106435541,0
75307580,0
95417135,0
179995477,0
196238664,0
38418662,0
57182782,0
136735157,0
105579472,0
75884399,0
180409142,0
83700523,0
63931716,0
151252782,0
34731239,0
61649953,0
178865772,0
35682008,0
66786035,0
71992074,0
31723191,0
143248730,0
102210512,0
134208804,0
180453101,0
84622739,0
144684294,0
109054381,0
154366504,0
136729580,0
75111224,0
123362504,0
37689150,0
41935616,0
132613936,0
84574408,0
71830943,0
78253390,0
121728572,0
39226025,0
59384178,0
58404373,0
44377948,0
78237244,0
75363442,0
97576377,0
80622658,0
88341211,0
156989163,0
66783913,0
118372067,0
146584666,0
124778802,0
118809972,0
159978054,0
112124746,0
102048009,0
87134238,0
180644117,0
94336186,0
89122459,0
38246526,0
116389027,0
121599872,0
109912761,0
119261348,0
72171967,0
67106936,0
124894642,0
58899797,0
40720786,0
82239704,0
108528904,0
36274460,0
121599487,0
138515613,0
109653970,0
39344598,0
90679241,0
122508942,0
133697806,0
135865733,0
117039059,0
148925450,0
101099352,0
174274966,0
130503558,0
58744055,0
92866918,0
120826885,0
116724979,0
59319009,0
44554446,0
34748639,0
63170207,0
135165367,0
151322599,0
173443747,0
96804091,0
91975772,0
176574248,0
87899201,0
43418810,0
34261505,0
144949648,0
85435264,0
72932706,0
107270460,0
153923033,0
133599504,0
192962340,0
65020383,0
126900254,0
161581391,0
62215520,0
104615251,0
31399774,0
56330364,0
143162272,0
166941761,0
93328026,0
59410135,0
38023265,0
164986661,0
81418256,0
33322008,0
43663961,0
43088109,0
77588445,0
65866396,0
164345335,0
82205950,0
128685675,0
71341874,0
77306106,0
67263162,0
151522814,0
152436019,0
192654725,0
193471099,0
76290671,0
60654554,0
39776719,0
43429499,0
71153414,0
38813673,0
128675056,0
64181901,0
33712361,0
39085166,0
115873084,0
102239884,0
63499832,0
60420348,0
81887151,0
94945733,0
64510894,0
42952679,0
86675627,0
121705911,0
153902474,0
83446736,0
84599161,0
72255128,0
55798965,0
127287162,0
124746509,0
66312166,0
112565029,0
119862693,0
213079317,0
38066346,0
40028058,0
81482813,0
98818743,0
101079909,0
103240227,0
36157733,0
206760461,0
33344343,0
115455096,0
85188860,0
75780008,0
95627328,0
95500277,0
143007517,0
101951879,0
100432216,0
157071199,0
119981030,0
44589858,0
177083529,0
77363843,0
75395054,0
152458216,0
140767926,0
35766057,0
181114601,0
107593887,0
127345403,0
71865634,0
38297996,0
99015474,0
63541689,0
102626861,0
110367611,0
43205666,0
39399374,0
178271277,0
32763862,0
77427847,0
45345791,0
154611724,0
76284108,0
173583087,0
134821539,0
127202471,0
147730438,0
40822167,0
34074802,0
127280787,0
139647292,0
182252113,0
106137637,0
80018529,0
111258136,0
82415284,0
74453830,0
116006659,0
78261987,0
180664577,0
99740584,0
55962248,0
192184961,0
74479678,0
34443007,0
176551242,0
106516748,0
175490388,0
31196243,0
119672457,0
65334473,0
194571915,0
60538941,0
113324949,0
160899777,0
137832538,0
135490432,0
38373459,0
102481353,0
94715327,0
120779886,0
138015649,0
109192793,0
195492512,0
76235352,0
59841654,0
119019365,0
58939750,0
33495881,0
103050395,0
91884596,0
130829965,0
159770941,0
192068677,0
58727563,0
87345950,0
180590140,0
157570286,0
56326397,0
78924652,0
94649023,0
72176063,0
76618303,0
98672417,0
78129941,0
36102413,0
140400293,0
43648802,0
72042873,0
161763535,0
125830034,0
61306402,0
144875882,0
159352894,0
145935207,0
96394532,0
44459402,0
148199610,0
177387010,0
179741670,0
83835915,0
45311396,0
60043744,0
99136969,0
125988086,0
184312698,0
113638062,0
33494430,0
160738172,0
109948469,0
115989387,0
120012504,0
61898844,0
112858749,0
161198322,0
130193346,0
36004507,0
78299777,0
86383259,0
128048573,0
125210065,0
76547557,0
90348699,0
108262129,0
121717745,0
120479731,0
106057466,0
39176766,0
59322621,0
179343747,0
102702581,0
81140299,0
73513079,0
92364871,0
72824713,0
58127491,0
150277191,0
128209102,0
78262342,0
74929900,0
41490892,0
88848035,0
79167809,0
73699802,0
174861378,0
127056174,0
38793075,0
144590789,0
108824341,0
84620252,0
37574988,0
97806102,0
87224880,0
135428628,0
133038911,0
123019526,0
85096480,0
63930502,0
36226721,0
57973880,0
143289255,0
126272429,0
74460422,0
43418494,0
154084598,0
76164706,0
66262897,0
41430539,0
95294258,0
130608304,0
65038000,0
62152661,0
121390301,0
65918142,0
88680568,0
90537425,0
111345590,0
78613720,0
85545439,0
74371566,0
72930999,0
119520366,0
82127407,0
95826793,0
33648198,0
86781370,0
145240979,0
84733861,0
94753651,0
65262563,0
35215630,0
108411732,0
73994577,0
191702209,0
176238622,0
160175871,0
91822971,0
81448842,0
100875855,0
195374254,0
195103758,0
208130037,0
40026361,0
35110864,0
84292798,0
171030619,0
81160324,0
83110430,0
36304178,0
166082464,0
74763498,0
81416904,0
66143337,0
61761992,0
64830482,0
38764828,0
144475946,0
43162112,0
66575764,0
208561171,0
137719808,0
85247821,0
71583808,0
146204213,0
60108478,0
144307176,0
57526116,0
140409689,0
71788938,0
115835402,0
35411492,0
81833392,0
161138444,0
177899706,0
204804829,0
43854622,0
43103644,0
80399753,0
113149172,0
83401425,0
118179442,0
36860271,0
127135802,0
104850749,0
126835085,0
102400413,0
113580681,0
41752495,0
151139824,0
35403172,0
38115072,0
204526180,0
95704962,0
89680724,0
83157123,0
143243637,0
194062416,0
139314933,0
74508695,0
78427569,0
107480417,0
128385067,0
78059897,0
76764462,0
84347229,0
118197642,0
58471042,0
123927747,0
94802772,0
61818358,0
40334016,0
143655980,0
164783002,0
106182504,0
120932292,0
117690660,0
112098957,0
119402306,0
99808556,0
110787750,0
90848012,0
112491392,0
101887026,0
128671305,0
90924570,0
45034751,0
83694760,0
123931546,0
87723117,0
205504248,0
149071767,0
116175903,0
94433945,0
193933519,0
90039592,0
55877330,0
94405422,0
196324135,0
74019458,0
43818657,0
75244671,0
136955476,0
57823744,0
102027766,0
110942516,0
90900380,0
209846716,0
37322445,0
85180342,0
106312013,0
57602931,0
74098386,0
101340960,0
41722778,0
97316994,0
89081274,0
146057649,0
147004361,0
41286749,0
35645707,0
81338569,0
125174505,0
142572485,0
142493538,0
124174921,0
125750238,0
41971364,0
99108426,0
177343613,0
121840128,0
81503411,0
192175644,0
96673032,0
76032335,0
111764664,0
96015115,0
38887823,0
84652940,0
154353308,0
99963746,0
59909872,0
89006758,0
124006151,0
35012533,0
72417079,0
73313703,0
42368181,0
111527694,0
87950000,0
110669572,0
77864794,0
117150171,0
82198883,0
94254644,0
116392156,0
125669278,0
83128254,0
66919542,0
86819180,0
44096201,0
104478192,0
66676582,0
95671337,0
72462726,0
164200873,0
44839806,0
84210999,0
143086977,0
61321700,0
108197779,0
185193176,0
194732385,0
70957354,0
115617974,0
144032130,0
194026757,0
185292099,0
85627879,0
40976113,0
97880470,0
111987875,0
36060300,0
41317631,0
113156692,0
127689497,0
42912144,0
135374237,0
122984706,0
123099914,0
178755953,0
56036329,0
157520355,0
75603698,0
147149553,0
66748442,0
56383058,0
81367398,0
193532725,0
128575925,0
40021396,0
125352148,0
101673368,0
35112354,0
33016534,0
139752364,0
77416675,0
80669706,0
99141588,0
94325389,0
36434052,0
67251289,0
113079640,0
32479499,0
176680632,0
159595104,0
42806283,0
61171691,0
85970009,0
56651334,0
109152811,0
144443989,0
39648039,0
74171658,0
102940527,0
64017009,0
142010184,0
126908890,0
161139500,0
127566995,0
115250815,0
72220239,0
32919121,0
144937015,0
40195871,0
157400637,0
114450716,0
95863073,0
124025525,0
160776782,0
38764127,0
74502260,0
117282236,0
85776802,0
144216790,0
97714453,0
32870385,0
34333662,0
92041365,0
57074503,0
155473172,0
98788108,0
165725599,0
196126378,0
115768614,0
129396178,0
87568253,0
154113101,0
57145456,0
74156537,0
159683901,0
122454836,0
145303710,0
174901508,0
94217208,0
106480438,0
149385828,0
180450140,0
74006223,0
115674695,0
82164320,0
205376950,0
138531750,0
127182949,0
194697032,0
112760911,0
138249144,0
143776221,0
116233847,0
37531927,0
77449906,0
74084894,0
195332447,0
63998573,0
195207320,0
115078521,0
103438281,0
107871707,0
44188945,0
123381148,0
138710588,0
81299387,0
155046944,0
77887850,0
131701580,0
143561034,0
131570462,0
185125421,0
180873289,0
79144142,0
76783875,0
42312743,0
136042330,0
154160476,0
108083430,0
42012905,0
127032892,0
109824990,0
107943281,0
161673248,0
95328930,0
95836988,0
122598873,0
125138974,0
129451162,0
72071110,0
142846613,0
58445085,0
103507713,0
149854456,0
35421539,0
90781056,0
135436978,0
33256878,0
139300000,0
151830311,0
156542593,0
185146285,0
213182109,0
155790608,0
147821120,0
139297671,0
191618692,0
82670591,0
38144178,0
38278799,0
92392338,0
122711831,0
141728969,0
70315287,0
204324199,0
39529900,0
59364162,0
85564191,0
137150134,0
152938253,0
114142113,0
31780780,0
92709666,0
205447133,0
109789065,0
125160411,0
113286912,0
59306909,0
194854867,0
160210375,0
66315492,0
148054398,0
81284099,0
134676022,0
35160083,0
117641440,0
154614389,0
80818787,0
149618681,0
208102037,0
100780377,0
84196471,0
115344803,0
115784869,0
133894152,0
161778783,0
84115609,0
84574743,0
38609086,0
95621377,0
33033954,0
113568600,0
198799737,0
75998906,0
86713773,0
36558113,0
135997650,0
124909289,0
212512398,0
41454710,0
80123374,0
111299539,0
41173988,0
76117726,0
141264130,0
76845146,0
163480017,0
212450031,0
78575514,0
78250745,0
84650354,0
116277807,0
74855078,0
84578356,0
103513675,0
42693513,0
121231223,0
128522235,0
107265022,0
81381245,0
124947286,0
43896677,0
59139797,0
129562303,0
97797940,0
96032515,0
124831457,0
108166315,0
127145820,0
140950070,0
109193908,0
123447640,0
150285136,0
128091802,0
65836303,0
124815083,0
141343275,0
132489717,0
159981154,0
67303923,0
85089581,0
116192523,0
77489868,0
125241105,0
154854763,0
35576285,0
32601112,0
34469043,0
139840035,0
148651934,0
159344643,0
67529631,0
166013090,0
164788983,0
122091566,0
66802903,0
185768909,0
73328033,0
212272448,0
155660734,0
141498099,0
78611588,0
154559020,0
90428642,0
37785299,0
77823125,0
66448179,0
72546341,0
32522856,0
91327211,0
76817343,0
192922023,0
127661842,0
31673962,0
174137995,0
32794556,0
113354706,0
67465627,0
139080027,0
58093372,0
131891402,0
106892958,0
62199591,0
121520155,0
166680364,0
61573898,0
37836207,0
177660496,0
143186019,0
127114296,0
159580566,0
74026555,0
111043837,0
79906312,0
100594759,0
35906689,0
102573180,0
92949171,0
136378667,0
128955905,0
75024293,0
39067381,0
60965742,0
122822756,0
105503722,0
74984873,0
80546109,0
142575426,0
166332510,0
113068991,0
195541564,0
178585969,0
206837030,0
105078944,0
94487655,0
35516761,0
85113140,0
96167639,0
31377804,0
161732870,0
89831541,0
67878453,0
71238243,0
90199549,0
110294537,0
55893368,0
31186443,0
43239016,0
99132212,0
63226780,0
44425460,0
120088806,0
146292062,0
134110809,0
74519581,0
32872408,0
78151052,0
45587034,0
60603607,0
40329298,0
87305495,0
159119063,0
212516207,0
39461217,0
128477595,0
126605627,0
79636625,0
68356349,0
41029951,0
84353832,0
103950701,0
90188564,0
129640727,0
59352427,0
141841858,0
99264563,0
86827777,0
62425052,0
159448373,0
40930989,0
78138962,0
131277443,0
59987369,0
156891513,0
89119281,0
36140135,0
84584988,0
36591186,0
99916786,0
111577319,0
152830349,0
109640981,0
134196043,0
116025322,0
62202246,0
90149560,0
78851281,0
76428530,0
74022321,0
36958444,0
44686127,0
109090652,0
34584695,0
115123477,0
138802237,0
106377774,0
84012383,0
140924330,0
34650111,0
110778503,0
144315279,0
131603259,0
174183010,0
147116816,0
96184033,0
116040630,0
75321012,0
96216652,0
75633820,0
130342249,0
115805181,0
179004154,0
35103560,0
194010976,0
131921089,0
72866383,0
125973044,0
167255318,0
121210191,0
150183558,0
38789236,0
40645037,0
31189611,0
105946029,0
199940575,0
132054230,0
39959119,0
132972074,0
65575124,0
129542939,0
90448105,0
58234922,0
140921408,0
62610512,0
62145654,0
79162045,0
37825873,0
192631876,0
68393379,0
89386935,0
111120475,0
84132496,0
174161692,0
58542034,0
161872851,0
128426766,0
75705532,0
78188547,0
66283998,0
163748243,0
174121582,0
72167654,0
63244516,0
100524902,0
103183339,0
126915157,0
121342335,0
109713375,0
125589057,0
131185626,0
164275329,0
84148761,0
61000809,0
44111420,0
63766391,0
87646223,0
117037065,0
80277291,0
213099698,0
90825144,0
107204758,0
40223161,0
131215196,0
90946244,0
81177853,0
74990252,0
166033955,0
80757289,0
126506487,0
31587760,0
33703073,0
120031710,0
86410263,0
37414350,0
45318699,0
110982399,0
119214872,0
132796819,0
70733966,0
80731608,0
134588538,0
94548225,0
181136008,0
102745207,0
198680898,0
75389359,0
130104293,0
198864650,0
152986052,0
155070660,0
38823799,0
204470161,0
178914410,0
88811399,0
177524888,0
123755176,0
130101500,0
92145509,0
109277967,0
69460037,0
166454479,0
144852857,0
80764040,0
128432293,0
41493961,0
90361420,0
90939217,0
55782957,0
31379936,0
89435217,0
68988803,0
106293853,0
195490400,0
95990934,0
204517347,0
89406132,0
65640934,0
194386050,0
59173383,0
194083557,0
139028803,0
44357360,0
75525787,0
109687724,0
145523269,0
139947792,0
39788632,0
85858631,0
31722836,0
114368917,0
42104672,0
213466137,0
140039105,0
194152822,0
96474703,0
74726655,0
100199610,0
125590074,0
115556615,0
99506615,0
42828766,0
37942887,0
111219062,0
139118202,0
174252147,0
37490070,0
115637546,0
144187951,0
91826761,0
42732073,0
35571449,0
96466817,0
152250105,0
120268966,0
175537377,0
174222124,0
39221593,0
160655425,0
44409600,0
32460342,0
101833838,0
82316529,0
38900436,0
62431181,0
72856691,0
33097228,0
108731724,0
76529210,0
77758301,0
38599502,0
62336068,0
58861316,0
103007186,0
194043960,0
88878177,0
100906027,0
159681009,0
74063585,0
159509002,0
113511435,0
59009616,0
190689677,0
105136010,0
122947882,0
74979682,0
150665313,0
83505125,0
86570002,0
41166409,0
35449816,0
120251862,0
123683296,0
89012640,0
38717355,0
32139373,0
128051316,0
43907869,0
122463601,0
83456359,0
40988825,0
116459802,0
65597923,0
94508500,0
122555230,0
84686023,0
62545600,0
102454429,0
32932583,0
116896374,0
56129755,0
73555232,0
115930515,0
34513378,0
100765829,0
41644374,0
121709138,0
93136793,0
39780183,0
33684972,0
33194522,0
87907867,0
142499410,0
177899864,0
84058642,0
143963112,0
62513661,0
150236814,0
82253442,0
73386540,0
80499228,0
63014455,0
114662893,0
110876488,0
58317816,0
39548642,0
41357316,0
78139219,0
83237076,0
42982534,0
71801294,0
191902463,0
71492682,0
185134590,0
185190057,0
85720812,0
39404980,0
129572588,0
157071723,0
112900872,0
91562018,0
176947763,0
78555785,0
60724046,0
66719830,0
33727185,0
164236670,0
60893507,0
61699824,0
67503842,0
41403427,0
31438779,0
44151934,0
75990191,0
38277625,0
41806443,0
136427087,0
88601453,0
103694584,0
135243958,0
75036580,0
32020029,0
83372853,0
123423568,0
133518337,0
79564182,0
85796689,0
84582155,0
100606356,0
191715168,0
107792227,0
96146430,0
92625952,0
115718901,0
43854612,0
77568410,0
119149970,0
199072790,0
191762789,0
103418384,0
76289102,0
196326336,0
88992240,0
106872311,0
157396393,0
114819582,0
151573485,0
138026081,0
143086464,0
43672429,0
65577048,0
59555060,0
150205775,0
83186031,0
123906606,0
119223449,0
154748645,0
135124921,0
43893321,0
99171631,0
79561123,0
118922357,0
62388702,0
32564930,0
44743716,0
64036670,0
114650457,0
178646006,0
143784334,0
135423881,0
175278823,0
75097841,0
35998151,0
36586824,0
130186487,0
140862368,0
115036852,0
65940684,0
146407527,0
211581161,0
125565745,0
135621688,0
79536301,0
31316800,0
141754206,0
189286268,0
124322758,0
106226503,0
97756211,0
148204397,0
42291800,0
33617287,0
123838269,0
40389858,0
52664912,0
132535482,0
84783594,0
40891027,0
117922931,0
57234529,0
163125422,0
113222365,0
91844486,0
58034707,0
77803622,0
133939285,0
158491317,0
79687434,0
119617572,0
102569015,0
143625374,0
177401133,0
59185661,0
82920884,0
99244992,0
63477349,0
33979649,0
104295249,0
34615567,0
35852357,0
109228284,0
199033835,0
62989929,0
156842353,0
120748254,0
75868726,0
195719878,0
42085950,0
36050924,0
76099852,0
60127339,0
89806551,0
71842095,0
39063285,0
59714543,0
84647640,0
118723396,0
116544690,0
135528598,0
69166011,0
212219655,0
118157226,0
112555041,0
88971593,0
59425788,0
76760159,0
60296258,0
81806961,0
138272357,0
173378657,0
102889837,0
70502445,0
65980932,0
162700289,0
116785104,0
44702619,0
133094615,0
35774713,0
87008005,0
199194640,0
116515022,0
127535363,0
154901189,0
131994875,0
162434204,0
60784833,0
94601580,0
85087677,0
86629881,0
43415514,0
32021559,0
109551178,0
63875361,0
93958427,0
38464081,0
133664812,0
99860401,0
131922590,0
157425508,0
114413764,0
40023716,0
195368550,0
74494621,0
37211263,0
87421413,0
31282346,0
59623062,0
62446953,0
34080260,0
198741092,0
75795049,0
175218993,0
39506114,0
76609775,0
81634036,0
78289355,0
141862771,0
118656194,0
34041719,0
99982992,0
117604054,0
174559960,0
94857223,0
31907003,0
65722645,0
139735684,0
58665671,0
142462320,0
34136280,0
128843500,0
41979674,0
130312127,0
196471587,0
114355060,0
62992130,0
72142319,0
177048729,0
148377490,0
33712193,0
128055639,0
36803896,0
35351593,0
179961752,0
142102514,0
103160668,0
122353298,0
129059358,0
72591623,0
179818850,0
126876439,0
213627515,0
37369858,0
39547596,0
84961553,0
76713801,0
195105624,0
123635142,0
79188930,0
67310615,0
130255061,0
78508510,0
135136597,0
34900335,0
146538990,0
133788300,0
152803287,0
111859688,0
121340923,0
43259130,0
113618521,0
63928943,0
173609132,0
74468200,0
143226524,0
76383071,0
75774333,0
60642661,0
94250360,0
130081622,0
164350378,0
194709468,0
126940789,0
136395672,0
79664911,0
206546182,0
99873232,0
174089358,0
67304525,0
194879205,0
36065570,0
41428180,0
150337070,0
69270659,0
88657285,0
65102607,0
132964060,0
98606606,0
61330375,0
35369437,0
174043395,0
75926108,0
46031136,0
93709496,0
85981547,0
56533461,0
82182687,0
130898105,0
212836841,0
133530842,0
173804452,0
143651874,0
144979494,0
57175854,0
105148180,0
60893398,0
89140531,0
67215038,0
45185726,0
192061591,0
136211999,0
106756491,0
100364847,0
140543551,0
196272941,0
168069264,0
161104976,0
76489603,0
64325306,0
131754915,0
72100057,0
155250248,0
98287334,0
107820276,0
123807476,0
165698082,0
56202494,0
84783268,0
112136442,0
33001680,0
62818159,0
211701896,0
59539022,0
84788924,0
154943293,0
77518539,0
41660669,0
174045172,0
37281969,0
157571865,0
128026623,0
83831651,0
66505344,0
87641289,0
59429420,0
76411377,0
145005263,0
119747150,0
146400509,0
66773185,0
122492124,0
111945149,0
145512975,0
129329628,0
80991593,0
94122105,0
177070689,0
60366865,0
146681240,0
42428948,0
94682659,0
111585974,0
37373224,0
143677140,0
132907399,0
42873426,0
41058652,0
112097250,0
128016585,0
73870605,0
192295895,0
100145514,0
108276351,0
98543006,0
119694328,0
88242565,0
100726854,0
88788689,0
60543481,0
34962454,0
67237432,0
177047535,0
45352157,0
85728668,0
94273011,0
150946706,0
193460972,0
78372270,0
64343743,0
94103826,0
127118659,0
62244379,0
155901592,0
63398876,0
113542505,0
142016915,0
104800099,0
115831937,0
103566289,0
77291064,0
62448295,0
42270926,0
94107814,0
79601341,0
111294032,0
150161115,0
32510766,0
149415525,0
115728899,0
67498423,0
89223949,0
72423336,0
212372506,0
162671213,0
85895148,0
67351850,0
163751796,0
82274218,0
155323095,0
154927985,0
41868730,0
83713245,0
42634956,0
110416476,0
77677617,0
59772547,0
107475955,0
112264717,0
110413041,0
135266481,0
129802431,0
107729496,0
79436055,0
34967083,0
198790638,0
174360614,0
61762387,0
119876511,0
96539260,0
118590985,0
63172477,0
65360233,0
42598715,0
125026115,0
83219943,0
81916869,0
110223890,0
78379247,0
176972782,0
175543437,0
128479243,0
161198480,0
60649649,0
42888941,0
37797390,0
115782875,0
33757484,0
55839964,0
142206125,0
135620395,0
38352219,0
62786438,0
77559616,0
82111083,0
42690246,0
155346012,0
76266955,0
31172675,0
65347146,0
32150279,0
118191799,0
65636819,0
159401798,0
90843758,0
196205907,0
135592503,0
86917471,0
75656993,0
125818309,0
203828241,0
105944716,0
74312753,0
113421671,0
38645445,0
83530342,0
119903070,0
56989457,0
35476325,0
64632478,0
36666876,0
34576168,0
155339202,0
139827590,0
65876344,0
139627306,0
90288198,0
122625482,0
35132389,0
101393003,0
127954969,0
101974865,0
81633187,0
135229805,0
129751987,0
196265697,0
145899972,0
104828543,0
178871122,0
38739177,0
75911511,0
115202187,0
103625122,0
41999847,0
39659093,0
33039678,0
31528967,0
158989693,0
51564451,0
90836178,0
191979061,0
145704485,0
147130820,0
72490440,0
80475314,0
106946579,0
148022707,0
92367516,0
40468440,0
173809614,0
145883372,0
107491313,0
119090584,0
62605765,0
146479733,0
86909783,0
134638182,0
71968732,0
80545280,0
96033798,0
43643334,0
62795192,0
102468839,0
66268740,0
177338836,0
123690540,0
111740453,0
135429526,0
93436345,0
146036350,0
33897870,0
134158104,0
99107834,0
40138272,0
176759816,0
87023520,0
127947942,0
131348297,0
56913855,0
91655661,0
56799812,0
64891585,0
207310504,0
31823466,0
126553752,0
32441195,0
79752553,0
97769782,0
60593698,0
83610315,0
75989283,0
94211701,0
77914034,0
102824293,0
193967767,0
67215640,0
65203168,0
44257786,0
157226024,0
161702462,0
38713555,0
38199122,0
140480553,0
41824346,0
81461554,0
145662895,0
68232396,0
37147585,0
35671684,0
62202108,0
37421081,0
85015757,0
112494126,0
77904332,0
36277717,0
129602956,0
59530120,0
135686067,0
95211561,0
131276693,0
142423197,0
66329201,0
94005890,0
124612588,0
74697155,0
63283718,0
129011244,0
111177965,0
115721082,0
139934468,0
141681516,0
37721532,0
165331545,0
115485968,0
77600664,0
115560326,0
121820389,0
140065743,0
128421960,0
203851790,0
76400569,0
145436022,0
129320913,0
166781627,0
96253021,0
59722399,0
48960928,0
44587312,0
125206472,0
139762046,0
176889789,0
65728369,0
114610169,0
87556094,0
192627494,0
85123256,0
135770363,0
75295884,0
142425358,0
112245185,0
122872666,0
128545557,0
86450945,0
161794101,0
144710991,0
163929903,0
83482790,0
33151560,0
35942684,0
206142289,0
45002704,0
164370719,0
124126797,0
192557687,0
110840158,0
38828270,0
108294758,0
60641970,0
179198941,0
194234009,0
44936015,0
155890933,0
180914021,0
63996303,0
61148152,0
34133931,0
82016275,0
111254780,0
38264034,0
82351960,0
157151765,0
72537725,0
114653191,0
75109102,0
199577581,0
109115149,0
127942198,0
138698418,0
144798070,0
114593154,0
86971754,0
145540048,0
130248882,0
70064234,0
76097721,0
195196513,0
99796920,0
130140445,0
180487911,0
106528128,0
162099398,0
33146191,0
165572807,0
104962098,0
154441147,0
115723993,0
61018989,0
128016793,0
73279465,0
108407626,0
41317986,0
86358289,0
36654243,0
124272275,0
145274042,0
177111569,0
130730529,0
127377420,0
135958261,0
61125225,0
82154776,0
102812854,0
204143941,0
89237500,0
159881372,0
87814806,0
35630370,0
76019938,0
117879959,0
180898042,0
212476551,0
34203699,0
63162292,0
32452752,0
148581603,0
82278846,0
160913130,0
141510880,0
35005219,0
205147531,0
112927392,0
116794391,0
98626266,0
67387904,0
61479593,0
182395617,0
82758786,0
59281139,0
100161059,0
116491799,0
156360450,0
74724405,0
125941491,0
205345841,0
86761344,0
81357134,0
72821762,0
76949280,0
98751354,0
44522350,0
97765449,0
162302682,0
37529864,0
57823941,0
176291217,0
37881469,0
59365228,0
90438818,0
134405210,0
75314943,0
61545207,0
36545154,0
134432272,0
63197072,0
113823433,0
79883642,0
103384452,0
42541708,0
43788042,0
106688558,0
139834765,0
75159447,0
131630884,0
34934000,0
93979558,0
111951722,0
55743508,0
195332437,0
140978139,0
65560704,0
67552292,0
56755330,0
119549314,0
81811817,0
105108583,0
152737012,0
201221403,0
180459210,0
74936068,0
81241847,0
67232694,0
38669734,0
109694040,0
203780670,0
140739916,0
85006440,0
104796565,0
141565213,0
122581098,0
120789193,0
37323639,0
174262253,0
108333565,0
179614737,0
94053116,0
150021252,0
162258239,0
36910152,0
108380139,0
106422770,0
212358639,0
53002679,0
95280796,0
123623121,0
38002845,0
39468620,0
195319735,0
96396279,0
89237046,0
110600692,0
149242699,0
60250176,0
36968136,0
99550693,0
93875138,0
127832330,0
167010947,0
142180691,0
140621086,0
151119522,0
94433915,0
76030410,0
71986438,0
36365093,0
74899817,0
119455079,0
42567162,0
62781365,0
60314467,0
60383130,0
149670852,0
78285239,0
55927546,0
84062373,0
57629510,0
133658169,0
35472308,0
45107223,0
94292938,0
82810621,0
210485437,0
35367937,0
58982495,0
144507243,0
87758599,0
39405977,0
151382952,0
134575184,0
111753866,0
113718707,0
199935907,0
78925362,0
66379635,0
140374326,0
94453161,0
86609431,0
130589788,0
62176220,0
84508686,0
143379088,0
179140197,0
161632842,0
151109959,0
48850073,0
141145873,0
199059910,0
109501218,0
132822056,0
36597552,0
152162503,0
38998807,0
72443431,0
149182909,0
38883500,0
84238150,0
101577752,0
42446891,0
82707621,0
65146043,0
76987268,0
69879850,0
107462029,0
127640721,0
65306108,0
92290000,0
112428266,0
132977413,0
57098259,0
97225592,0
78247755,0
39677776,0
56515084,0
191644186,0
130537460,0
34468491,0
129625202,0
104084730,0
151256019,0
41843720,0
126004528,0
149367046,0
33091464,0
72161229,0
149143766,0
184723165,0
185065423,0
37750173,0
117486951,0
31192167,0
192097418,0
117685459,0
90961463,0
38596907,0
159089731,0
76792620,0
99930900,0
121153944,0
73537170,0
132785469,0
175537683,0
61671133,0
147429504,0
111966309,0
179183090,0
135168466,0
134263502,0
145050900,0
105190629,0
140306137,0
204470990,0
88108979,0
128102036,0
101813517,0
33580779,0
97271851,0
34984306,0
33373794,0
110715002,0
87498515,0
84925381,0
143217365,0
102480416,0
173516329,0
121779528,0
67480421,0
129772329,0
130039430,0
98169876,0
177686493,0
42346705,0
100344851,0
120137641,0
145807849,0
178799883,0
91185256,0
132132260,0
105486974,0
104628634,0
79068284,0
129116405,0
94645460,0
84848763,0
47050153,0
79605871,0
92799232,0
75376164,0
154932219,0
37180490,0
86660901,0
78944016,0
56295515,0
132459013,0
45680726,0
124944266,0
89659297,0
72227888,0
93963668,0
102826385,0
147248594,0
32163415,0
82797948,0
142392996,0
91788230,0
178106129,0
113404873,0
109539561,0
43829889,0
90825233,0
134879414,0
146759832,0
103341598,0
68829646,0
152438970,0
101883739,0
82959474,0
82696716,0
191981331,0
38509225,0
87832759,0
144115834,0
164589518,0
32994436,0
57847559,0
34000849,0
69716765,0
44139824,0
141744928,0
177441046,0
90531099,0
105549320,0
179252098,0
58118875,0
55894088,0
41490072,0
146928099,0
87989686,0
73413228,0
84343143,0
122584118,0
111761801,0
50132954,0
40163706,0
77528596,0
150606629,0
142235793,0
39720166,0
78255591,0
100628335,0
38461200,0
66665774,0
75917028,0
34296167,0
142364226,0
116718030,0
130599431,0
36093235,0
156737558,0
135934663,0
132465902,0
142400763,0
125725505,0
167230901,0
142509053,0
87627599,0
119558838,0
62652122,0
103329725,0
37159132,0
144305469,0
79176376,0
107810298,0
162218613,0
77397834,0
141062968,0
42420825,0
90970691,0
34247737,0
96639900,0
41174906,0
114855133,0
68314344,0
75247050,0
96289618,0
44826453,0
73547435,0
84973456,0
133887914,0
59098887,0
148108178,0
115559734,0
75212427,0
123722005,0
162741257,0
145327229,0
63105522,0
125048598,0
76532289,0
94289266,0
109680618,0
31653719,0
116309557,0
161148106,0
107908718,0
150099716,0
130083073,0
119031949,0
113249092,0
100553415,0
86915399,0
65070945,0
165321211,0
122808040,0
84258778,0
84570677,0
115343727,0
151422578,0
115958170,0
76592099,0
38109289,0
131679541,0
117107485,0
203372957,0
103454279,0
83653228,0
45106947,0
112220708,0
128877846,0
144553867,0
176724512,0
41503495,0
102091356,0
141947235,0
137849958,0
120717569,0
149617635,0
86930874,0
142462596,0
37824847,0
121996680,0
80183243,0
74789801,0
57724515,0
129160670,0
83247647,0
59556057,0
37592704,0
77105634,0
76204766,0
91587442,0
192463047,0
149703974,0
107413254,0
162848589,0
33618570,0
40568291,0
159357404,0
78403783,0
112984458,0
137432326,0
61990355,0
193654308,0
179342839,0
42398412,0
206742005,0
92376527,0
107990468,0
114409106,0
157053296,0
114724390,0
177099636,0
108983241,0
103189458,0
143521033,0
63566087,0
83470986,0
58705652,0
140251647,0
92176638,0
99711716,0
87068062,0
93998527,0
153711073,0
85295165,0
75753143,0
105203765,0
154576410,0
40761794,0
147781968,0
184923913,0
129500530,0
60637025,0
175758880,0
82384471,0
152458028,0
79624140,0
96889305,0
124410044,0
59265141,0
149427862,0
81498822,0
63926278,0
89048280,0
109541407,0
41506397,0
83997204,0
44545366,0
161089688,0
126736754,0
41243994,0
86294088,0
123914117,0
160072319,0
84177778,0
173983023,0
44805657,0
77982420,0
121955494,0
84364462,0
192500680,0
131430353,0
35703820,0
129520693,0
133136531,0
146074773,0
103031929,0
178142775,0
161887310,0
40018820,0
133932811,0
91215694,0
193840804,0
203987399,0
101602978,0
70977814,0
75455506,0
166183864,0
130771103,0
37071786,0
95386322,0
115666947,0
95409131,0
33888691,0
33096349,0
85251107,0
160542872,0
64462346,0
114464859,0
163947136,0
205688089,0
112035821,0
88471135,0
73223218,0
93572773,0
142204822,0
60437975,0
156693213,0
94727802,0
102044673,0
78485168,0
123856991,0
92944098,0
137840681,0
40874762,0
153040868,0
89413563,0
125788601,0
131669770,0
110637278,0
99630647,0
164312883,0
44542119,0
40537833,0
102411358,0
75763131,0
108632821,0
93675624,0
109332625,0
44207036,0
102535123,0
111581938,0
117571248,0
102397077,0
154581217,0
111988319,0
39387955,0
33219798,0
74871334,0
95159499,0
195291054,0
98605057,0
155184575,0
65764472,0
31246450,0
87847928,0
191630023,0
74513383,0
76878209,0
74995454,0
180046976,0
61677262,0
36157762,0
111473086,0
152364000,0
109148005,0
159825707,0
121216477,0
161414842,0
63840995,0
174307091,0
84804606,0
94765652,0
123146380,0
156100751,0
68983907,0
44317753,0
38620613,0
45482653,0
85225269,0
86203189,0
72312431,0
127010744,0
40025305,0
86919199,0
32376342,0
98081050,0
61386651,0
39391676,0
41174985,0
61020825,0
63923919,0
40598423,0
144919575,0
86769556,0
104096228,0
33109762,0
99764173,0
176755918,0
87400381,0
164407266,0
37393555,0
59369255,0
96327754,0
81699826,0
175155423,0
39086547,0
106085299,0
181010516,0
62342069,0
87880084,0
63122093,0
130485368,0
196117534,0
77788325,0
88517828,0
74780849,0
59383063,0
91998383,0
36354207,0
135280624,0
84196520,0
114755341,0
71721084,0
115813274,0
63936089,0
198780354,0
145100840,0
191564666,0
142441170,0
184919531,0
85809756,0
135794050,0
66629573,0
181072191,0
37616233,0
39924733,0
126113666,0
73964731,0
74800213,0
31649633,0
89168847,0
112802897,0
56437854,0
116665376,0
35416111,0
31896827,0
41558252,0
126180030,0
84489963,0
80799383,0
63985673,0
206363466,0
76542899,0
65852213,0
105688777,0
61664293,0
99107508,0
62386511,0
66378579,0
66067943,0
106300150,0
147764410,0
213097152,0
119928139,0
212771504,0
60340197,0
120665773,0
35852022,0
88965483,0
196382326,0
73006442,0
176428750,0
42490446,0
141479929,0
149146144,0
166553866,0
154665957,0
34608373,0
90153201,0
32027086,0
142117752,0
212419465,0
51641049,0
90691174,0
98497744,0
76388913,0
118351687,0
57631080,0
83386206,0
75436743,0
73846030,0
37309239,0
70976857,0
99248219,0
37254364,0
150346397,0
43614801,0
143437881,0
192181803,0
76195598,0
61209127,0
144616509,0
99108387,0
43053891,0
92561355,0
110157399,0
128652069,0
107723534,0
33353581,0
150543088,0
110471005,0
99793554,0
61149623,0
59153525,0
113738969,0
87716722,0
151322797,0
88676314,0
129529448,0
175329849,0
131693605,0
39602521,0
143104328,0
107959477,0
137290648,0
66505097,0
86891929,0
112317756,0
177209584,0
160432165,0
76757375,0
116066340,0
154947389,0
87597497,0
66719327,0
40911753,0
33846173,0
104037731,0
162889755,0
98268276,0
32388857,0
131369250,0
141258554,0
179627281,0
140616902,0
124116315,0
98354675,0
144582064,0
145223056,0
117414657,0
65022367,0
44552709,0
64047901,0
82706970,0
141163668,0
137899809,0
198870048,0
44838582,0
96365841,0
145346485,0
118650864,0
74093628,0
75914926,0
136760127,0
142890464,0
78490379,0
118538972,0
111666165,0
57701479,0
89120130,0
112289440,0
40484093,0
63515959,0
132190165,0
41032399,0
40554049,0
95116418,0
90166259,0
89149127,0
123253949,0
76013128,0
61166066,0
123936817,0
143649712,0
77948913,0
56464848,0
67088687,0
73532857,0
57035755,0
59154167,0
143242384,0
79019459,0
94234263,0
81426428,0
59246132,0
142328607,0
89963616,0
79791795,0
97007661,0
156802440,0
41376088,0
154500197,0
95367915,0
105962333,0
71567661,0
106799118,0
38946202,0
125978048,0
62518251,0
96786957,0
43791309,0
66271306,0
38290495,0
59102736,0
77162118,0
162453124,0
205164477,0
36820220,0
133837165,0
201558677,0
44117598,0
95384427,0
42430813,0
94108692,0
87685228,0
140402613,0
141537311,0
108928959,0
142738215,0
107050368,0
105230759,0
37676882,0
35837089,0
100745112,0
79282622,0
121508835,0
149359288,0
192117680,0
59391096,0
189060807,0
139837983,0
79032102,0
81815794,0
122078696,0
109215740,0
110965847,0
129266166,0
90362141,0
130087682,0
108519182,0
77851046,0
128205045,0
78087295,0
56442039,0
84448363,0
72938855,0
71901688,0
73125934,0
99113203,0
136111743,0
163701244,0
147380107,0
44247916,0
42466670,0
92887733,0
71928533,0
67428053,0
73788737,0
32503472,0
193163700,0
65450412,0
100428999,0
126217968,0
179170388,0
114642206,0
161754228,0
161633000,0
88292870,0
191557965,0
39774844,0
128190813,0
42278348,0
85398095,0
35926221,0
157413872,0
161758946,0
77079085,0
198952025,0
136972333,0
129076275,0
98947848,0
64381079,0
130342190,0
119807888,0
74743798,0
177224072,0
194723374,0
122500296,0
143194664,0
150379677,0
43350976,0
62397812,0
109929766,0
156519104,0
104868130,0
90937233,0
78320504,0
33347422,0
92586394,0
181338957,0
133038200,0
83990107,0
139096953,0
121900204,0
38400965,0
40054312,0
115885924,0
66287423,0
164140145,0
98667620,0
208342164,0
31919241,0
110957912,0
74859599,0
100787650,0
102052578,0
121063933,0
143685598,0
103808055,0
127762344,0
86109635,0
42964572,0
82141491,0
120765486,0
121115126,0
117283450,0
68273089,0
37629419,0
104796476,0
64767030,0
164442511,0
76508849,0
33042037,0
44968437,0
123860959,0
63775224,0
75100259,0
64049540,0
162993258,0
130213895,0
155095009,0
213977718,0
125303036,0
36321775,0
40386661,0
137474301,0
192839464,0
125900740,0
130963264,0
98771557,0
105682342,0
97888523,0
135851156,0
213136186,0
196384616,0
57914090,0
138685124,0
145601920,0
44294511,0
63918313,0
103282874,0
132466879,0
31647205,0
115602696,0
94781809,0
68466829,0
204895610,0
92494489,0
67504789,0
100425199,0
78238823,0
35020142,0
100685411,0
173643094,0
101696878,0
195344961,0
94441169,0
149287645,0
57908988,0
124810533,0
164246954,0
208194406,0
138150162,0
61562617,0
144333755,0
134457676,0
77675643,0
42908354,0
138039474,0
43371772,0
84289847,0
78766906,0
37673378,0
32392666,0
73815029,0
75945166,0
85798574,0
145143043,0
59244000,0
40755498,0
93636392,0
103576070,0
126242988,0
139563302,0
142229101,0
56175145,0
106878203,0
76869228,0
154297673,0
64670703,0
209817206,0
35846475,0
94440321,0
113625104,0
36267650,0
106172970,0
64766339,0
31969625,0
143883958,0
208079741,0
83431152,0
136354575,0
133922517,0
111130749,0
99624103,0
114063660,0
144528097,0
191024582,0
103080922,0
36653690,0
119353846,0
108894060,0
157079954,0
152478310,0
35752033,0
39080912,0
93820815,0
42219861,0
103129530,0
196490773,0
124533691,0
141580175,0
78702428,0
61928720,0
183457773,0
109242891,0
100572868,0
101604903,0
175675798,0
39391972,0
105761931,0
62024267,0
66042390,0
134147100,0
67189061,0
192912055,0
83765959,0
38467970,0
74986078,0
143638422,0
89848250,0
198908925,0
206156521,0
64160938,0
80302468,0
137940127,0
108461524,0
85230243,0
38655887,0
207213772,0
173571727,0
38374011,0
180713116,0
82837051,0
126921030,0
85876909,0
88515597,0
62381310,0
163814093,0
78562556,0
109143326,0
63692615,0
128323086,0
192855196,0
109311317,0
141252534,0
60905113,0
139527426,0
78506911,0
175435917,0
36975340,0
78639006,0
174322024,0
160016645,0
106570755,0
72992418,0
198930332,0
82553893,0
198677907,0
150884201,0
33805836,0
193597153,0
45634240,0
179307714,0
127181715,0
75967116,0
135762359,0
173708687,0
93966343,0
89337814,0
115340076,0
163881039,0
72901666,0
73823063,0
157248418,0
32571533,0
97104660,0
162962554,0
77685394,0
65064411,0
34128966,0
36950045,0
152791453,0
178151795,0
63448885,0
194022109,0
110599330,0
124676524,0
76716782,0
35793771,0
98957688,0
44369253,0
80650757,0
33904196,0
67222025,0
38394817,0
42824522,0
61244904,0
56394961,0
71298645,0
80995443,0
199077715,0
59952637,0
97359216,0
44889608,0
161591616,0
65429093,0
125491289,0
195457692,0
112398124,0
106215646,0
115966648,0
137659968,0
95005967,0
87977260,0
163974178,0
31407068,0
72506113,0
111713746,0
109608688,0
83625702,0
34073706,0
165368812,0
83691582,0
42539053,0
132567322,0
128687373,0
166541756,0
156048126,0
33935187,0
149521969,0
65963414,0
185367433,0
173698344,0
37080975,0
194345713,0
137372634,0
152637329,0
125935846,0
112824916,0
38491746,0
76519242,0
31536715,0
160158708,0
78235566,0
66526159,0
135545869,0
97043823,0
177128061,0
68090925,0
141664718,0
104360240,0
166267825,0
106138259,0
78244350,0
153917042,0
121916726,0
44613802,0
122273364,0
144889443,0
111522592,0
192492922,0
135655215,0
131657423,0
69478582,0
124465610,0
79578898,0
123367952,0
101950240,0
81529941,0
34687339,0
66573454,0
121250932,0
77132401,0
198981180,0
85491985,0
193756261,0
65364684,0
59864650,0
114520662,0
101831312,0
71307005,0
139209802,0
104085727,0
45500892,0
142440074,0
65854207,0
149808030,0
31948208,0
199021359,0
120580214,0
58485718,0
145448951,0
90088674,0
41838588,0
105500327,0
184585652,0
106771266,0
102222099,0
126064693,0
152986131,0
33465867,0
63927670,0
125787437,0
174408639,0
95718494,0
120058980,0
112723920,0
84790098,0
132753768,0
37937439,0
42518623,0
66881060,0
100273553,0
144886364,0
77484805,0
114356323,0
79861563,0
35150638,0
100892683,0
198909290,0
116026526,0
175676884,0
91524060,0
40675682,0
155464221,0
84696436,0
142938864,0
78404553,0
101544689,0
151157185,0
83651777,0
78132813,0
162506529,0
81268939,0
86991938,0
83993295,0
195210567,0
80791260,0
127052453,0
133863418,0
78188961,0
38355950,0
61306550,0
52180058,0
154283747,0
80560548,0
163554819,0
95205481,0
116108188,0
156062368,0
174518202,0
154411381,0
44633610,0
129029384,0
89241625,0
113498644,0
96034153,0
134428137,0
132634859,0
61927871,0
163023104,0
72486265,0
125915199,0
77378795,0
31801201,0
131903699,0
109382368,0
95810074,0
94084077,0
142424490,0
185798932,0
141109849,0
61497280,0
196285298,0
121899099,0
93745540,0
84840551,0
142640595,0
76238402,0
121939989,0
140734182,0
98548642,0
81439377,0
132525830,0
136687092,0
90038300,0
87769643,0
137111218,0
87859278,0
77635148,0
136481715,0
87490540,0
123029178,0
80270046,0
138762837,0
106841271,0
44592948,0
77891817,0
81237880,0
101503226,0
118059586,0
129031260,0
87048629,0
118657783,0
42976603,0
42730770,0
72042281,0
32475561,0
77547447,0
195390520,0
153897461,0
144798909,0
128850123,0
65622202,0
39186556,0
154471536,0
85347415,0
44107975,0
81441440,0
86112013,0
176318882,0
94558578,0
45188559,0
31179741,0
84375989,0
78002002,0
66677499,0
142887424,0
100525800,0
86748326,0
159581977,0
174552923,0
77442573,0
97078634,0
74699020,0
87001975,0
137385652,0
212313653,0
93572723,0
78387005,0
79318725,0
176976661,0
154663371,0
136208840,0
83345395,0
139231900,0
39474462,0
151271810,0
32074450,0
72100472,0
62249896,0
119800910,0
35254920,0
82384037,0
69241169,0
35212333,0
84109885,0
147549894,0
130265819,0
148124295,0
99239791,0
93199366,0
156897031,0
62933653,0
116153637,0
125631852,0
141226132,0
35597840,0
134559047,0
125522842,0
107894960,0
213604676,0
115611184,0
162997512,0
37523636,0
139342568,0
88823282,0
41839792,0
177045136,0
42118135,0
102753281,0
107621364,0
61203442,0
166254017,0
78344477,0
119077942,0
133038190,0
166976581,0
112028458,0
71695236,0
160814119,0
126933682,0
76639345,0
78572001,0
42815077,0
161474247,0
120681634,0
36092090,0
40469713,0
44007729,0
85888170,0
59667465,0
102910484,0
143313080,0
101806855,0
77091718,0
162088008,0
42261984,0
86605770,0
42683584,0
60235658,0
115944086,0
63915945,0
31254651,0
161857760,0
122579865,0
133728471,0
143060764,0
80412090,0
85386114,0
133603058,0
59573309,0
35740248,0
79342353,0
38239814,0
80381385,0
42294465,0
92831279,0
84415487,0
111766973,0
143295680,0
40111723,0
137125519,0
203577475,0
100894380,0
130783657,0
35366427,0
39328333,0
118808551,0
69855137,0
60422973,0
66327188,0
91898947,0
140228237,0
72705597,0
98976302,0
138601124,0
114925631,0
110908614,0
31154218,0
100115037,0
71927319,0
157479288,0
126506565,0
178814460,0
179489245,0
85673931,0
83452490,0
57106974,0
102477110,0
94572514,0
148378743,0
194460082,0
145696658,0
75281366,0
142285082,0
80571227,0
98689886,0
104769819,0
194074872,0
45090514,0
37923099,0
100863123,0
96772646,0
103202614,0
161084042,0
87568678,0
96504973,0
83801124,0
138546476,0
54586524,0
89323464,0
110566138,0
118647943,0
103790112,0
90789386,0
81791702,0
163707837,0
159793355,0
77995734,0
115830950,0
147161456,0
63122942,0
86403759,0
77641119,0
83804756,0
86519894,0
124436189,0
137709158,0
39829660,0
100529531,0
127130601,0
75484473,0
31573992,0
159736052,0
40627143,0
105106264,0
79926574,0
123975802,0
109541052,0
124733590,0
75756815,0
72333019,0
106225171,0
38744329,0
56529454,0
86323647,0
150316956,0
42568800,0
105729371,0
144667111,0
150950199,0
100326977,0
130633313,0
124854492,0
118889393,0
81332697,0
92131337,0
74425820,0
66762625,0
113386980,0
58687591,0
40765259,0
192171469,0
143306665,0
144734263,0
93301131,0
145523782,0
33862527,0
66197925,0
157780558,0
73917801,0
66609981,0
113243653,0
78592737,0
58866547,0
84258403,0
184564502,0
116181726,0
67120033,0
143861771,0
93760532,0
78784987,0
43483969,0
82396344,0
45212739,0
116906757,0
164010360,0
31859826,0
83620747,0
116184637,0
55909909,0
162269964,0
72001420,0
143760528,0
59581501,0
107613301,0
83169213,0
81440759,0
90087628,0
78308581,0
89206706,0
106918027,0
182163849,0
157300332,0
116399943,0
113288353,0
131429573,0
196398591,0
61608717,0
148175271,0
115114684,0
73285160,0
156638437,0
174477776,0
84111671,0
89222172,0
185053807,0
61304438,0
84339926,0
91264361,0
161495210,0
88126301,0
139627790,0
132851349,0
99507740,0
195474569,0
74517755,0
76080301,0
91640936,0
185173821,0
159470323,0
68539459,0
147774556,0
122152432,0
55749183,0
113214360,0
152970034,0
75816032,0
118903210,0
110049771,0
37715166,0
209993457,0
164639261,0
112902540,0
181030640,0
74051959,0
161062842,0
151349257,0
66025138,0
155714731,0
66765763,0
159781215,0
63888774,0
76330446,0
31822549,0
118556076,0
118151205,0
153858258,0
102532004,0
90230431,0
96416956,0
208165439,0
153036367,0
124786876,0
71961014,0
143258343,0
145670109,0
66972285,0
86988582,0
184471688,0
86878970,0
191661053,0
31696642,0
157414316,0
98546944,0
129177369,0
78447081,0
145041781,0
121160438,0
37823584,0
118431216,0
40339000,0
101537474,0
63826309,0
33770147,0
102675933,0
79780356,0
38629664,0
146069118,0
194469074,0
134226619,0
93023983,0
108893635,0
71933962,0
121801873,0
65927331,0
88817193,0
149145098,0
102913613,0
43748889,0
108956416,0
37796363,0
41266723,0
91489013,0
142449726,0
99245545,0
59420508,0
42625551,0
43965823,0
144921914,0
141383227,0
144069023,0
124538152,0
120108664,0
77451524,0
33327407,0
180394722,0
98947058,0
98141452,0
58454392,0
78710906,0
163122155,0
86970274,0
134757100,0
121557897,0
91599740,0
66628704,0
85478345,0
66354349,0
185885489,0
83666621,0
70284919,0
75983648,0
125915080,0
68395916,0
114938610,0
60573830,0
84703285,0
43900042,0
45652015,0
141654937,0
150961767,0
80332738,0
134149468,0
104741424,0
59969327,0
153018562,0
95411045,0
79251375,0
119000475,0
88494684,0
59236084,0
76051383,0
181148049,0
206182784,0
118441569,0
155963159,0
94476049,0
104015100,0
101857733,0
105647838,0
85758849,0
31959825,0
106765255,0
181209497,0
163969697,0
124018715,0
97103288,0
32130322,0
86545486,0
56775592,0
92382923,0
88704541,0
102657121,0
59218457,0
124417230,0
114976164,0
177179659,0
39148154,0
107696324,0
162883893,0
91865568,0
78586322,0
137619523,0
129742009,0
79174816,0
140334858,0
145357164,0
74311243,0
175694787,0
113873492,0
43803616,0
101616026,0
145255783,0
39204085,0
80095749,0
204643066,0
38338974,0
195490084,0
104872374,0
149420174,0
44838839,0
159762196,0
112991327,0
116621101,0
41467165,0
143390902,0
102572420,0
81775457,0
39484707,0
73476166,0
64918943,0
34248606,0
96279442,0
118127627,0
112889710,0
72714894,0
130999890,0
94314434,0
77639639,0
89755851,0
130063334,0
117132327,0
40827082,0
76818942,0
34305080,0
91839206,0
79832083,0
31247417,0
34095617,0
155566983,0
146384955,0
154396626,0
57993304,0
154459801,0
91925832,0
65021607,0
100753265,0
38988996,0
91320450,0
148193945,0
85391996,0
159519937,0
102910356,0
120190739,0
81241936,0
178201400,0
152685226,0
103636837,0
76815004,0
61907915,0
192787629,0
138542202,0
62299392,0
41238703,0
41398640,0
73823843,0
166243082,0
124873945,0
159831185,0
144557736,0
143881184,0
114609518,0
34342811,0
144983678,0
138549141,0
212673815,0
43463559,0
134286340,0
145804819,0
74199500,0
151323803,0
87013532,0
66067814,0
31441069,0
127404611,0
145364635,0
41155542,0
85853153,0
122947794,0
78332505,0
62485957,0
132233532,0
64109162,0
115830713,0
194566911,0
44285016,0
42293429,0
122633348,0
200722494,0
39003524,0
43897595,0
81406364,0
145370705,0
112065006,0
119657879,0
90432274,0
149646898,0
40969263,0
86914560,0
58896807,0
82860344,0
97624472,0
62486135,0
37727296,0
188218693,0
128176749,0
145321663,0
42249114,0
67264237,0
109099594,0
142573235,0
131201062,0
103385399,0
136741483,0
122008414,0
103435261,0
36460384,0
130537480,0
68909876,0
126756188,0
76268583,0
59098897,0
111462585,0
136905200,0
87861302,0
129851937,0
125523158,0
81879493,0
140001512,0
108386278,0
166932247,0
87425736,0
85368921,0
72155801,0
151388627,0
133522620,0
93589867,0
184939142,0
112414607,0
141708519,0
176570201,0
60485132,0
112195867,0
177014985,0
40324837,0
71262325,0
107134714,0
71619516,0
74981123,0
88410012,0
35531269,0
86001523,0
35675770,0
162378086,0
151926274,0
76150326,0
119407043,0
176874432,0
81296308,0
39892647,0
114619782,0
74105709,0
131468114,0
52079575,0
117233273,0
130402730,0
96343309,0
78153372,0
123624009,0
98209532,0
195414611,0
81803062,0
91317420,0
195071652,0
119442722,0
147726037,0
115888757,0
165875143,0
43570970,0
83821979,0
63248148,0
77978512,0
60171289,0
194373102,0
43580731,0
65405307,0
120658509,0
92887240,0
164207160,0
127994339,0
57703572,0
144746452,0
78213349,0
88288152,0
145000457,0
40630657,0
72154123,0
209902371,0
32411596,0
88759238,0
119311693,0
136506725,0
39303699,0
93989990,0
155060337,0
143184134,0
115667194,0
126527065,0
67024031,0
165641085,0
45374976,0
121770251,0
38970481,0
129004868,0
166337593,0
42963802,0
66723028,0
74759412,0
147339612,0
75045759,0
112568513,0
35406350,0
39894759,0
66495889,0
181377083,0
105211197,0
74646534,0
135872573,0
194173676,0
93946998,0
44559756,0
36728768,0
60421207,0
93782373,0
86459709,0
45397705,0
140258329,0
119564266,0
80326244,0
88539294,0
139752798,0
62462537,0
58656926,0
122527200,0
32692890,0
106913289,0
88275065,0
130825366,0
126654945,0
182067827,0
132908366,0
42285227,0
80264865,0
116301119,0
78384488,0
176007486,0
41984540,0
180459319,0
164152206,0
38858540,0
140209188,0
72393935,0
77782205,0
43676367,0
116447643,0
35338378,0
130006317,0
147379525,0
83182379,0
113971734,0
91331188,0
135167429,0
210453825,0
143153123,0
180404898,0
149092424,0
66258120,0
104876341,0
59123551,0
33770729,0
36104812,0
133186777,0
33904216,0
109954272,0
70000220,0
75647400,0
44946112,0
34439967,0
77657641,0
143446833,0
66731259,0
185785194,0
75127381,0
149565978,0
62643486,0
141557514,0
141846082,0
111642448,0
155838733,0
143858889,0
38861688,0
178356007,0
157256768,0
85186106,0
123251363,0
74126682,0
96364726,0
107180529,0
116965905,0
35421973,0
142590773,0
110794018,0
164754430,0
104156048,0
58230135,0
178816257,0
86520348,0
161190002,0
212294506,0
144901257,0
80407599,0
37491096,0
123648338,0
112408724,0
73877928,0
43482854,0
121794422,0
56080357,0
150211045,0
94096503,0
108503697,0
134493651,0
129236103,0
82682523,0
213268301,0
123796728,0
33971576,0
128528561,0
76325501,0
82649825,0
74019912,0
77707137,0
137618999,0
146634508,0
31457215,0
82897463,0
36087816,0
78194686,0
38059704,0
60356788,0
145106654,0
56879628,0
106852562,0
157388754,0
131440302,0
158056008,0
40674389,0
64331435,0
74828894,0
134462078,0
150890459,0
67560977,0
97428096,0
77072393,0
139856172,0
75301875,0
111055769,0
126984600,0
101097714,0
78089111,0
75473537,0
78237698,0
43700578,0
78747739,0
79832764,0
95298404,0
191546250,0
127766391,0
180497899,0
179260014,0
193536741,0
83330561,0
134351795,0
81499049,0
93627253,0
154914888,0
140678063,0
31405686,0
114398762,0
196481427,0
41018463,0
57197468,0
82137968,0
31336668,0
178023856,0
130204144,0
63907289,0
126054774,0
106266732,0
110877692,0
92987860,0
144483605,0
102169553,0
195257852,0
75474050,0
40975205,0
58969072,0
50695906,0
37788152,0
84147409,0
161194552,0
111619117,0
198794783,0
32796451,0
122867741,0
78457158,0
66614640,0
194165327,0
73076418,0
161153801,0
59243595,0
91893499,0
98542533,0
145945165,0
133537395,0
81308358,0
102469253,0
62195041,0
75348785,0
91675420,0
100073673,0
105659583,0
161754563,0
62005130,0
65019130,0
83027012,0
34114596,0
83560414,0
105253488,0
163887898,0
115065888,0
33130597,0
99068869,0
74744973,0
195415796,0
39234108,0
104001095,0
108014303,0
38944948,0
93008508,0
89786950,0
173586679,0
77261090,0
111880444,0
106069823,0
184470276,0
74650649,0
82493540,0
62211494,0
139535529,0
85134537,0
165799887,0
116806975,0
133253930,0
123097130,0
108732701,0
45102693,0
97480563,0
72304960,0
108370142,0
193962161,0
117925616,0
87491882,0
34592877,0
166798898,0
135382379,0
115717134,0
78213833,0
62021148,0
33423487,0
43454943,0
36098811,0
33646076,0
140959772,0
105844105,0
66499373,0
37975418,0
89067446,0
85024708,0
173680618,0
128470350,0
137949444,0
139900585,0
63549812,0
133277588,0
74090115,0
97311941,0
173773609,0
107771491,0
137960784,0
78173752,0
60811944,0
77118978,0
66949111,0
99586539,0
81484097,0
160385531,0
212414629,0
95559899,0
84966517,0
61103858,0
140816623,0
69907949,0
114186467,0
62704155,0
140616290,0
90090500,0
131952504,0
151295191,0
122773674,0
175159302,0
148615920,0
111419198,0
102400087,0
36708358,0
88028730,0
132248237,0
79226148,0
128979454,0
43127815,0
121156391,0
136766581,0
132053026,0
143461262,0
82363952,0
34037001,0
66749755,0
113635003,0
64381227,0
44783697,0
40005437,0
89078895,0
159325595,0
139109132,0
40258889,0
100244378,0
147648491,0
112920138,0
34490875,0
134720563,0
38860228,0
164059027,0
40996967,0
179188854,0
33497282,0
203969002,0
146220823,0
111916922,0
38241788,0
34349957,0
63090165,0
86910158,0
89960813,0
75905382,0
41518536,0
104891353,0
162690182,0
78351376,0
192417163,0
136648324,0
82392130,0
99020972,0
125299779,0
77027191,0
37012085,0
81502947,0
195165315,0
77464276,0
107803113,0
33995164,0
35648609,0
105677941,0
63983028,0
80504667,0
152999860,0
90540879,0
132112106,0
120359036,0
128486773,0
59145333,0
116191832,0
127542637,0
37053172,0
112764326,0
142268244,0
87229242,0
140319807,0
96280735,0
90739673,0
87202881,0
105544760,0
60754918,0
181178675,0
82455838,0
123731174,0
79652880,0
156146487,0
195723046,0
61521421,0
87669466,0
123362248,0
74757063,0
205727262,0
91739267,0
136173517,0
120609832,0
60412502,0
185826242,0
84318834,0
63604697,0
156246041,0
71426990,0
95486607,0
135046102,0
93949051,0
39345013,0
87048115,0
127859925,0
61341922,0
83304594,0
102117639,0
177952005,0
91801534,0
194427680,0
126283858,0
144558101,0
43571858,0
83426612,0
136404120,0
112007890,0
67329880,0
63780484,0
31751527,0
183077981,0
91973462,0
91893716,0
161910444,0
59940073,0
76176075,0
137100954,0
124458711,0
75248481,0
194306501,0
105072973,0
118277892,0
78490399,0
41539006,0
175509614,0
101800331,0
169187352,0
117499673,0
118563015,0
140784428,0
79589922,0
114669091,0
39502936,0
103454033,0
65743045,0
104874456,0
85531819,0
63766529,0
160654014,0
207225063,0
74954584,0
87423753,0
108155113,0
175461124,0
78944272,0
112259851,0
88778642,0
181299804,0
82877211,0
103415531,0
32327527,0
98709753,0
84541749,0
129389684,0
149489004,0
177398705,0
98806752,0
170043698,0
160630287,0
110772482,0
75437099,0
131481547,0
134916731,0
105797471,0
66452828,0
114467425,0
74514162,0
92157511,0
44102211,0
136390135,0
126902534,0
35817498,0
77868150,0
63454995,0
118418682,0
177789887,0
116174403,0
78961603,0
43776445,0
120585652,0
45423297,0
38818667,0
108306591,0
104364405,0
103918901,0
120590468,0
45467947,0
102772230,0
151964341,0
66898677,0
80756894,0
184726926,0
123058353,0
120721290,0
74930956,0
107871539,0
206607315,0
44527058,0
92203750,0
140244502,0
127592794,0
152049811,0
66355326,0
57682372,0
65935809,0
74317846,0
60718371,0
159375199,0
102948462,0
147955090,0
180951654,0
135229233,0
115180237,0
146772613,0
134769299,0
154352884,0
57651658,0
193482587,0
76060581,0
161690796,0
56241676,0
108929817,0
112902530,0
96314164,0
60902735,0
115846485,0
162641870,0
117924135,0
38471444,0
38459660,0
166424564,0
63251306,0
41865562,0
76136212,0
79551036,0
61439059,0
92687380,0
137851142,0
135694920,0
115401879,0
41107684,0
178877764,0
212237361,0
103666742,0
69823584,0
125252445,0
84522128,0
185549685,0
104252947,0
177434038,0
72048232,0
106581365,0
33217706,0
108130754,0
35933910,0
72314682,0
152379811,0
73873951,0
134405575,0
75229334,0
63133117,0
180828393,0
116860350,0
36848852,0
128822152,0
76083568,0
135875031,0
63876121,0
94044885,0
37647688,0
75037913,0
113100139,0
32902599,0
73957063,0
73705921,0
122960515,0
78672789,0
89456496,0
61552046,0
124555828,0
92200542,0
144140706,0
81800111,0
147617264,0
91693807,0
141798727,0
121717162,0
194027004,0
120774063,0
147603772,0
100535798,0
77186575,0
41431674,0
116713796,0
135074941,0
194460369,0
59841456,0
32816467,0
120413378,0
162002389,0
89389008,0
61182469,0
67522298,0
179239801,0
36761970,0
131364375,0
66645384,0
66656457,0
63053933,0
39251607,0
99182764,0
97231070,0
165341030,0
180824928,0
98957303,0
31133818,0
44174131,0
180431990,0
97603973,0
91400038,0
199028169,0
37212991,0
152873538,0
159184410,0
66003287,0
36927680,0
67164051,0
82483611,0
56667461,0
99561994,0
80019092,0
43700923,0
195546982,0
99427037,0
116818908,0
156768410,0
76214843,0
38349091,0
72102623,0
63927068,0
62362854,0
58238613,0
60750773,0
111969566,0
154503839,0
83460268,0
69001929,0
116624259,0
37234753,0
40674596,0
79641293,0
141540292,0
200716977,0
149786267,0
163752842,0
43352595,0
98202643,0
36340458,0
87026254,0
143320137,0
112753766,0
149573705,0
58286786,0
180879290,0
164485029,0
90471348,0
42490406,0
213007940,0
79616985,0
109479416,0
110975845,0
56467285,0
149883532,0
39399384,0
66238124,0
176676744,0
66153581,0
106703195,0
89256548,0
178869858,0
151117973,0
133107248,0
79754972,0
108568609,0
132482640,0
78283858,0
194140001,0
64744616,0
173749834,0
85081942,0
76370743,0
61546282,0
192133215,0
121664005,0
103550893,0
33054245,0
61436453,0
91768708,0
194337255,0
62679994,0
64908432,0
78284134,0
112467172,0
142881206,0
86860376,0
144967650,0
160306545,0
94693802,0
177493572,0
87100641,0
42053479,0
61717668,0
105802722,0
88284895,0
145364053,0
43843785,0
131811537,0
112572135,0
135037091,0
95382157,0
111248868,0
145090171,0
80493524,0
146469251,0
78199265,0
137070605,0
123979611,0
84422880,0
127490407,0
41484901,0
101778243,0
101966891,0
39412491,0
122245670,0
134384296,0
106734649,0
79128025,0
45681377,0
40653732,0
34947680,0
89373621,0
80255420,0
178926076,0
147678712,0
102217934,0
87814263,0
98174278,0
74836237,0
132380293,0
136590764,0
34412757,0
127132328,0
86869091,0
32437366,0
78179506,0
155179117,0
66151637,0
62807223,0
130567700,0
149647194,0
203991712,0
56958002,0
90207178,0
142709080,0
44779690,0
166543897,0
113277526,0
155850033,0
135957570,0
138763923,0
196217217,0
133680840,0
160032683,0
102186775,0
118128871,0
194052724,0
41456753,0
94381774,0
86361211,0
105003955,0
40374866,0
93293038,0
67530914,0
184709071,0
130262779,0
141938945,0
130672979,0
102880539,0
72797078,0
84167958,0
62862325,0
117545834,0
113444046,0
66401437,0
135166265,0
78146660,0
59663912,0
33532260,0
211728514,0
85867829,0
69907910,0
110656741,0
58465752,0
162670561,0
90687413,0
140897317,0
199371286,0
143135901,0
135323586,0
81531757,0
35216656,0
95898367,0
145901295,0
44578420,0
103177121,0
112291059,0
140483494,0
79700097,0
98732177,0
116889998,0
64139896,0
180811348,0
78003640,0
124221792,0
178372499,0
121504769,0
36514371,0
37506236,0
138058424,0
93393935,0
177533317,0
128041101,0
129446069,0
88108752,0
93358592,0
113194749,0
92936262,0
70880125,0
166572411,0
31430666,0
191956332,0
61707226,0
104811212,0
196245849,0
41730141,0
39060699,0
103919029,0
90471131,0
93801056,0
144554094,0
95580941,0
60967776,0
111479995,0
161465433,0
93549520,0
138982870,0
43640876,0
107305310,0
95266870,0
59728193,0
110234658,0
34076756,0
33294274,0
56132410,0
98063640,0
98738681,0
74851890,0
113689986,0
132490635,0
77180377,0
114148163,0
34991787,0
106930591,0
135466034,0
107473024,0
142552666,0
194266687,0
107621177,0
65349870,0
90075478,0
56419556,0
121418034,0
159814969,0
35392819,0
112622727,0
135020185,0
137942318,0
125197037,0
116444672,0
144944318,0
88828691,0
67331311,0
87107442,0
66575211,0
34385566,0
95476688,0
213551045,0
88271729,0
135091344,0
166231890,0
38845167,0
77204528,0
74971944,0
79969191,0
106990736,0
146670492,0
96540710,0
91589574,0
45562419,0
114797366,0
113663723,0
81139894,0
178064775,0
120335605,0
59868134,0
142685117,0
80360827,0
83690674,0
63110082,0
56660108,0
112639416,0
180671732,0
85519718,0
206521143,0
84834876,0
135235332,0
124338095,0
96621237,0
35268215,0
103165939,0
108852726,0
154583951,0
60835691,0
74123247,0
180192691,0
76002430,0
190656870,0
206153382,0
80324132,0
72099870,0
63293015,0
97639267,0
92597152,0
122426254,0
95860369,0
133221775,0
193659697,0
56962996,0
131254684,0
93297687,0
68403180,0
131748983,0
126919895,0
213977669,0
62415104,0
76759695,0
121531407,0
75356484,0
73536302,0
180156282,0
84950706,0
128708375,0
154884312,0
106020169,0
137838638,0
90182445,0
115198990,0
67284747,0
80613341,0
141617847,0
86960375,0
125197678,0
133164975,0
81402761,0
77094521,0
65575074,0
194024329,0
126454089,0
79571288,0
105276623,0
81946606,0
84173860,0
91804712,0
116424844,0
76529644,0
75040676,0
206858289,0
127633418,0
139461033,0
184991865,0
66141175,0
98774932,0
88537439,0
106784708,0
108372747,0
108919780,0
121277600,0
80767731,0
130527817,0
116154960,0
62125342,0
209854711,0
193040231,0
82462796,0
99345672,0
117597511,0
43366185,0
67466120,0
194278452,0
63919290,0
86974311,0
77233219,0
87442140,0
122694145,0
143118511,0
81420270,0
95231044,0
153141705,0
80445133,0
35424836,0
32973463,0
156086884,0
117575225,0
209829129,0
123792414,0
164885380,0
56574825,0
178435270,0
112064443,0
85432915,0
78117101,0
123062153,0
97281247,0
64812105,0
32031705,0
136902298,0
123604635,0
40175264,0
185583814,0
104964931,0
135709794,0
84691767,0
36471872,0
94340401,0
120163746,0
40994243,0
56996227,0
110589342,0
32059982,0
90788745,0
111324598,0
69897310,0
80783424,0
204621027,0
74032220,0
156656252,0
67429889,0
39900257,0
78164959,0
159801576,0
101775479,0
157203610,0
195257388,0
74621060,0
45054914,0
211714943,0
146151835,0
115671635,0
116452943,0
142619622,0
115660739,0
115137581,0
136895409,0
36202136,0
125548701,0
175776330,0
131911990,0
131689608,0
70126265,0
117408843,0
156006279,0
92336318,0
135541270,0
151106623,0
89867003,0
130206216,0
112386370,0
37946381,0
97183873,0
63931203,0
85904218,0
140893320,0
123989313,0
76114795,0
104375321,0
179665842,0
166265130,0
36341998,0
85866763,0
77841206,0
96883699,0
112929682,0
165458162,0
87379231,0
93480590,0
49772911,0
79757844,0
35430027,0
92113818,0
73517046,0
93811311,0
42078932,0
36302342,0
66014598,0
145177853,0
45362994,0
64936600,0
67567294,0
155615936,0
92159998,0
64159161,0
87514958,0
87715616,0
143223296,0
39685642,0
36985763,0
42441206,0
119293829,0
75814907,0
181103370,0
61801560,0
43719932,0
90276670,0
114070726,0
90249627,0
35787405,0
73349658,0
177138049,0
34398732,0
108398763,0
99089368,0
34095587,0
165949757,0
77440441,0
165560500,0
42695585,0
87606666,0
120458857,0
131220298,0
131554601,0
90711525,0
82430513,0
115810856,0
82133832,0
62026212,0
65374810,0
109932628,0
175661655,0
136909523,0
129235669,0
132092159,0
80031182,0
133866082,0
137822343,0
159695912,0
37941594,0
153643012,0
44267961,0
207310080,0
155803765,0
96841891,0
162753525,0
74815254,0
195519535,0
60306473,0
146053524,0
39444814,0
40979271,0
63005819,0
95762838,0
85241702,0
41833268,0
78240639,0
80230232,0
31907881,0
151592671,0
111841341,0
209870719,0
94119558,0
40694809,0
74023643,0
107024253,0
125328145,0
88240373,0
88142487,0
87118624,0
158839941,0
35707481,0
59307915,0
39406184,0
180254544,0
107531087,0
65109357,0
31725994,0
80409909,0
39040940,0
80023109,0
62518784,0
140887437,0
79962500,0
78347951,0
94808092,0
132958266,0
145414072,0
180319289,0
107703766,0
39441034,0
59506038,0
92602946,0
181204770,0
142783063,0
106166111,0
67462084,0
192099915,0
58830908,0
64366107,0
123769300,0
170826013,0
61672100,0
98526159,0
157414543,0
179333108,0
67081216,0
150070600,0
103323931,0
98873697,0
31329700,0
176829120,0
92070066,0
160604370,0
73192938,0
75394117,0
99961900,0
82701364,0
36983601,0
94002712,0
75863693,0
86489841,0
73644808,0
85408597,0
101530042,0
183887003,0
99346116,0
60714591,0
114013561,0
139129128,0
42702918,0
94865799,0
146148785,0
83946257,0
74618346,0
32901069,0
141387935,0
161571877,0
181383341,0
43639800,0
40933910,0
127794016,0
112904109,0
114829876,0
152835215,0
179857766,0
34279912,0
151062723,0
213214225,0
132896660,0
63326719,0
67104458,0
100637859,0
159958009,0
87692156,0
43947791,0
105088952,0
189714333,0
35273801,0
32271458,0
93334678,0
138190588,0
119628379,0
60926106,0
87508454,0
153868128,0
157269154,0
34218800,0
76269886,0
139935711,0
145051630,0
153909709,0
123581698,0
113388046,0
59770987,0
122648616,0
91636317,0
33079926,0
77933585,0
193827638,0
37178141,0
121670943,0
93933507,0
118568068,0
154072310,0
64193419,0
82068357,0
104081779,0
76753882,0
129565955,0
205835354,0
35990522,0
75034498,0
177074597,0
87761935,0
40762584,0
125801471,0
130499422,0
83386532,0
152463150,0
115669997,0
83527953,0
75766053,0
45484883,0
212198554,0
129849766,0
121219498,0
142612545,0
75796313,0
92628320,0
32094496,0
59010426,0
35753118,0
78489797,0
86025318,0
77639155,0
119740784,0
135540944,0
143181054,0
60740873,0
74688884,0
160080007,0
112713172,0
110329890,0
59518089,0
102294443,0
76616655,0
104628693,0
160884360,0
113667079,0
104933437,0
118060524,0
101273196,0
115670194,0
101256141,0
102679703,0
127885981,0
61430729,0
67497693,0
78046059,0
113617573,0
116054704,0
84814910,0
173756012,0
37817928,0
56279210,0
72300213,0
190274235,0
76194818,0
132462901,0
67677764,0
116126644,0
80457648,0
161173421,0
43778350,0
145186133,0
110528515,0
67464057,0
209898591,0
115851755,0
101876880,0
113486722,0
79623321,0
65504043,0
121547168,0
78969529,0
120149238,0
37757497,0
117665147,0
78265056,0
121231864,0
62969904,0
177599482,0
179753218,0
121713738,0
89758407,0
57238279,0
117210208,0
180831284,0
185276297,0
39919690,0
165522828,0
34916916,0
175642794,0
161280151,0
130806545,0
91583031,0
115570679,0
107323727,0
94548274,0
32811256,0
85410837,0
61651690,0
37480003,0
59144337,0
43961402,0
38941612,0
67006789,0
116194626,0
198652651,0
185504404,0
141096170,0
72053552,0
57663185,0
103141245,0
161531076,0
120665951,0
120295910,0
62234095,0
41256025,0
62194577,0
194369045,0
140677422,0
83055801,0
120779530,0
140459560,0
116307524,0
96787845,0
148607521,0
153868957,0
150482854,0
184263814,0
131488228,0
118531422,0
99059049,0
153400713,0
32401322,0
147056779,0
162792569,0
123445547,0
133467242,0
145401607,0
173960421,0
115927919,0
67535859,0
153393380,0
34847691,0
83772552,0
121442412,0
32651467,0
88459597,0
42119951,0
208061374,0
93652173,0
195702004,0
120232083,0
198767839,0
32199538,0
100768138,0
93655648,0
139637679,0
93714895,0
97106239,0
32690373,0
75635340,0
43840331,0
60195538,0
106559326,0
107359415,0
138815028,0
42164946,0
106872182,0
157901184,0
71628794,0
65809537,0
130848648,0
41604580,0
93270141,0
77446116,0
204780086,0
75738171,0
35137729,0
68306705,0
37451046,0
134741437,0
153303449,0
41822362,0
66128878,0
74935782,0
180724742,0
163904667,0
128950467,0
61882826,0
115920803,0
60689305,0
80006637,0
108180852,0
56349877,0
85972092,0
131262432,0
82076322,0
125410487,0
142403142,0
128711988,0
41113705,0
82527778,0
58638727,0
67083219,0
92625034,0
84561370,0
210335696,0
78643634,0
97482991,0
116288801,0
31390773,0
41595292,0
95862017,0
206038677,0
82551790,0
43138938,0
185791649,0
144601853,0
165675037,0
94564441,0
92967114,0
94493597,0
92047435,0
141846733,0
173535377,0
66642956,0
86584432,0
71714560,0
154808879,0
192967660,0
139166465,0
98678338,0
144515671,0
173344775,0
109928345,0
176416492,0
104565429,0
175655447,0
83064121,0
42185110,0
147562991,0
107912942,0
79895505,0
150749392,0
40273871,0
113787548,0
56034464,0
94910222,0
99502806,0
102960227,0
157181621,0
131369398,0
56075048,0
31944201,0
106174263,0
108502355,0
133353722,0
117718147,0
115554039,0
106293251,0
73677447,0
109912415,0
208116505,0
112746028,0
150125900,0
114324424,0
90940885,0
79636240,0
57191339,0
63524279,0
62843514,0
38669626,0
152711134,0
161448517,0
151000070,0
104174050,0
119123687,0
91844733,0
68725936,0
183506115,0
32897329,0
85170650,0
149134745,0
83134827,0
75883086,0
62570708,0
81320389,0
134524316,0
81809290,0
78204555,0
105515714,0
37837204,0
92375619,0
66470149,0
134750014,0
95362191,0
161221013,0
157417810,0
108730807,0
82736993,0
177374219,0
112090874,0
63528020,0
135590381,0
150925881,0
47694885,0
127606039,0
66216954,0
85503355,0
75329905,0
38862557,0
58698063,0
136998991,0
33212435,0
72423385,0
60198914,0
61762062,0
81435035,0
110854656,0
60095589,0
32323283,0
65973560,0
60082433,0
87028613,0
63425248,0
173315147,0
155925516,0
122855503,0
64173571,0
195488456,0
180787898,0
119978089,0
56039981,0
78387015,0
44456352,0
95369731,0
84994675,0
161935236,0
90391256,0
185900313,0
77102555,0
204309977,0
191991487,0
163569465,0
84302786,0
109207607,0
119851294,0
103829630,0
108297452,0
107856626,0
64813654,0
34531153,0
213480408,0
156490887,0
119506687,0
78704451,0
127252125,0
148274283,0
99514027,0
75089235,0
31219308,0
34214773,0
181379195,0
154014751,0
62478654,0
97116385,0
107638873,0
80602553,0
101359298,0
173674153,0
130596766,0
62049948,0
100002701,0
35875373,0
118780442,0
107676200,0
153970999,0
80347888,0
62278331,0
37522955,0
78108830,0
61718813,0
81321140,0
173812219,0
212327046,0
68338455,0
125139418,0
140461396,0
35063648,0
158503190,0
66544437,0
94507394,0
165794962,0
161948472,0
36534199,0
121292108,0
115830358,0
206872452,0
179409992,0
72573848,0
63544295,0
121532621,0
125026056,0
98677490,0
32990340,0
144615503,0
32204236,0
139772853,0
166213167,0
101380606,0
34717353,0
82299069,0
152067616,0
111452064,0
110562990,0
154114246,0
116039238,0
153891223,0
32646049,0
94390894,0
126616454,0
148014367,0
41651016,0
132522060,0
57685570,0
128514290,0
140418256,0
106165953,0
143170178,0
87804196,0
143959756,0
122439114,0
107462069,0
98540894,0
66793329,0
120109710,0
43349496,0
61660829,0
130410004,0
76049557,0
121030199,0
102724698,0
144990478,0
148648746,0
134188927,0
79858188,0
149696612,0
104853592,0
64445686,0
58324962,0
43804031,0
147989585,0
155000330,0
119546540,0
99689736,0
86504833,0
96608564,0
32472294,0
81335460,0
80147456,0
147690723,0
41232959,0
136608155,0
120421323,0
117048593,0
97397106,0
37391532,0
40434035,0
126065335,0
41090334,0
59241236,0
144342559,0
42783139,0
162604030,0
84131470,0
72988637,0
97684864,0
66455729,0
165795406,0
116468300,0
127252342,0
129611800,0
176028617,0
80210957,0
87235283,0
90106716,0
60754681,0
133450108,0
140026926,0
90207514,0
79396202,0
88827526,0
138786968,0
96248817,0
92631005,0
164340716,0
41306942,0
31576045,0
112855107,0
106794370,0
160596188,0
33074843,0
109395218,0
71277445,0
63523983,0
69260888,0
60580700,0
80485352,0
140686768,0
124786066,0
92832690,0
134641883,0
37823426,0
95637513,0
115043603,0
83735393,0
130648740,0
38144691,0
100244181,0
62554601,0
152966313,0
62102543,0
86840952,0
212304830,0
63383262,0
129771835,0
88962799,0
101597047,0
56959216,0
159673765,0
60052735,0
95124501,0
115386631,0
88985025,0
73539075,0
71282568,0
103826186,0
31785449,0
139139244,0
61243424,0
141916018,0
173619199,0
89911070,0
138098090,0
110855446,0
67481092,0
93899289,0
42930166,0
82458937,0
60685377,0
41224995,0
160940272,0
88310082,0
89299530,0
64821066,0
122547147,0
144148937,0
33299100,0
97213482,0
33882118,0
62105405,0
45263222,0
103033647,0
58532174,0
34630777,0
64830285,0
108633867,0
56910549,0
84395511,0
32875803,0
55765537,0
62974760,0
81749036,0
108967105,0
67223585,0
143434377,0
73794589,0
92441104,0
75229630,0
74939789,0
32854810,0
109816828,0
95425317,0
77771675,0
67520877,0
91208252,0
179765762,0
150517812,0
67413851,0
120043130,0
135568431,0
163895922,0
82734181,0
43221290,0
147839715,0
128139077,0
74645191,0
94077030,0
60211981,0
116768819,0
89596299,0
82122295,0
56638316,0
120667757,0
115953817,0
146010660,0
135434797,0
41070062,0
173445149,0
140486978,0
206410604,0
40711795,0
61956167,0
141676936,0
44939134,0
39263026,0
90128863,0
81499404,0
174176250,0
178914745,0
74676330,0
150461812,0
84123722,0
179481744,0
143106874,0
115493439,0
83327541,0
62525890,0
205876332,0
121811644,0
108843448,0
108405248,0
61179666,0
115623738,0
35715170,0
89673706,0
131193877,0
121447041,0
36229110,0
42117917,0
193703923,0
40291646,0
79597739,0
35966993,0
175216476,0
149207474,0
34544970,0
212501403,0
91660556,0
56497664,0
81947810,0
76764669,0
94254979,0
65259247,0
83017478,0
42495598,0
142576531,0
115379643,0
89427559,0
112495784,0
78386827,0
86053950,0
58585006,0
137623510,0
122514340,0
66451239,0
212956658,0
42005809,0
109701176,0
35315747,0
99839892,0
118547559,0
142412479,0
147120961,0
61107756,0
76342082,0
63647264,0
67477184,0
78051626,0
45164773,0
99130554,0
137914199,0
140424434,0
195455077,0
37464429,0
90979050,0
42969516,0
60328294,0
74969043,0
117069507,0
80799906,0
129861135,0
129018913,0
206077248,0
129329292,0
43758719,0
38761956,0
126322724,0
133018461,0
94677694,0
79865442,0
123589614,0
63934796,0
194009436,0
138188170,0
72038737,0
34761243,0
71786924,0
95949807,0
56665062,0
125192023,0
39651770,0
35115187,0
83226753,0
123890370,0
105885587,0
45245615,0
126735076,0
59916771,0
35592402,0
34611057,0
65860691,0
140013810,0
185347339,0
135471946,0
185120111,0
178521876,0
58389282,0
104554355,0
148208739,0
180951575,0
84596239,0
67787632,0
96508299,0
78241033,0
79129268,0
72353094,0
71121525,0
124856950,0
111274361,0
76856654,0
114479328,0
191912738,0
35406409,0
153068621,0
55979806,0
85011306,0
151853535,0
75919012,0
88783162,0
205086715,0
41267385,0
74309181,0
75296743,0
133784185,0
108269708,0
137807055,0
175730278,0
36278201,0
174507839,0
92094029,0
84536568,0
77106680,0
141745984,0
38332924,0
118622282,0
112479539,0
78920131,0
143235288,0
64137922,0
136743230,0
80347375,0
145307164,0
121916874,0
103665252,0
113043172,0
32213977,0
41152236,0
111177343,0
61262817,0
123882899,0
113144345,0
130271523,0
173814509,0
150204748,0
152315629,0
126680103,0
66280949,0
103446048,0
128702434,0
134700380,0
64326451,0
94715169,0
83182981,0
81927508,0
87223755,0
35236612,0
80353869,0
56132508,0
131847521,0
39714896,0
72431577,0
129500589,0
90522966,0
74969418,0
140285668,0
63071867,0
92380130,0
126645441,0
159807449,0
32927490,0
63904407,0
108044652,0
125482199,0
36821296,0
145336359,0
33006141,0
80959576,0
67091983,0
110150164,0
63557994,0
114821675,0
69575462,0
134339448,0
159377104,0
114787832,0
204517683,0
92707524,0
153585719,0
75025822,0
121422278,0
112051889,0
36105503,0
174502657,0
93271611,0
99191203,0
101970957,0
120815446,0
119346424,0
31866261,0
194956089,0
164824612,0
143068067,0
65740153,0
123441343,0
39403934,0
108500746,0
89789635,0
87905942,0
153968709,0
84716668,0
34866670,0
35836970,0
86721283,0
143641975,0
41954842,0
57675483,0
194453292,0
38166671,0
152279990,0
81734163,0
104912503,0
101681383,0
134810515,0
150376864,0
31467016,0
77891630,0
179690378,0
80578738,0
159610086,0
62373533,0
62667677,0
84653128,0
60103869,0
43542210,0
192042641,0
63655279,0
31833148,0
33961696,0
82344844,0
159553237,0
65860721,0
119413636,0
141682414,0
154972329,0
114340384,0
43948601,0
180770892,0
160842928,0
97813702,0
110540625,0
78972726,0
80422433,0
36789703,0
81157501,0
97580009,0
57854271,0
160622056,0
91854030,0
41160566,0
159590712,0
106262419,0
159406091,0
167103178,0
41559910,0
193701732,0
196555715,0
70714059,0
174979487,0
127731837,0
193778132,0
84660096,0
37857199,0
43206949,0
175795536,0
63022232,0
43337968,0
75747439,0
61469013,0
34874980,0
123782377,0
155617239,0
195495532,0
87303896,0
86398429,0
121115393,0
100667587,0
36490970,0
111951752,0
80740787,0
161105331,0
195098281,0
89543783,0
157196030,0
112931507,0
125237729,0
84172883,0
90898366,0
38633937,0
59382194,0
115633104,0
146197788,0
114925315,0
34223873,0
140131011,0
91599937,0
62845754,0
68761229,0
173532278,0
102299279,0
138755652,0
131776075,0
192716400,0
61634566,0
42437545,0
42485067,0
41872983,0
76309404,0
133999006,0
122808514,0
82470119,0
75793421,0
102817779,0
160760763,0
36382621,0
175628927,0
92561701,0
125761785,0
81596353,0
73043552,0
63243163,0
34568687,0
131132784,0
107794744,0
93471905,0
61882944,0
43017038,0
67657827,0
162976667,0
55750584,0
109576237,0
141645472,0
63323709,0
72159749,0
131557118,0
207317087,0
154597620,0
77192487,0
134022822,0
96563904,0
185150638,0
174684505,0
182665205,0
139387001,0
126404731,0
109258011,0
126785273,0
117306259,0
156225986,0
139331741,0
141475409,0
67002545,0
77890327,0
116219428,0
75772409,0
96639130,0
89229041,0
131257072,0
31884263,0
119584598,0
81590915,0
98816582,0
142393470,0
116211730,0
75585409,0
212629589,0
115714301,0
35382219,0
132588383,0
94005969,0
91250780,0
175638451,0
34741592,0
87742195,0
211003710,0
73875579,0
37852669,0
124983271,0
101784974,0
103744258,0
71496867,0
36309813,0
62643210,0
88766986,0
106607756,0
143549092,0
64257640,0
36653799,0
82686994,0
44097859,0
151781161,0
63907032,0
106444473,0
106715493,0
78261197,0
87943900,0
108683719,0
60529466,0
85150990,0
75557005,0
105628987,0
71477463,0
92862230,0
35707225,0
97206040,0
33890132,0
122749424,0
58236698,0
134626614,0
108180833,0
115219163,0
142379978,0
61382111,0
90062727,0
122779527,0
62195288,0
148993521,0
45487410,0
135036282,0
41432552,0
127419682,0
191897548,0
92721697,0
76610318,0
64287417,0
150256583,0
110054765,0
99957883,0
124451674,0
94410959,0
89310051,0
193536771,0
95693642,0
124916000,0
76183438,0
70987417,0
185526669,0
107482608,0
105030366,0
84454689,0
43088850,0
87498594,0
144879751,0
146515796,0
38267617,0
131647198,0
122153557,0
42136650,0
62897125,0
34280465,0
118802481,0
35299383,0
72212906,0
74545025,0
155553728,0
119562134,0
131791087,0
44986518,0
78053383,0
72436216,0
83417690,0
103029531,0
91849323,0
128387781,0
156945263,0
194806190,0
90391049,0
117360186,0
144308193,0
134189973,0
90935289,0
143276562,0
77422547,0
91663488,0
41948318,0
132251652,0
67267662,0
87898165,0
35561105,0
110137955,0
180377806,0
80289539,0
89199995,0
109257626,0
113964243,0
87233121,0
123346368,0
190509033,0
94487941,0
74354551,0
109836232,0
139755058,0
102216207,0
61940208,0
56402896,0
72602598,0
97248647,0
105128421,0
152842459,0
151875544,0
99403123,0
89285861,0
159485936,0
135975819,0
92442861,0
148214483,0
103267685,0
104085973,0
42733958,0
45468470,0
149617921,0
146577876,0
102559491,0
108288550,0
34591772,0
107208183,0
31183551,0
145513577,0
87680323,0
34825405,0
35733014,0
77946159,0
92509402,0
115825483,0
40233820,0
56511807,0
63305993,0
196688333,0
56540844,0
36047835,0
194360399,0
39333307,0
74272653,0
33043991,0
151069967,0
86750221,0
180323000,0
111067139,0
122232227,0
71873767,0
139300326,0
124502325,0
63314718,0
86297019,0
124191956,0
94071582,0
90453455,0
107308695,0
194362965,0
127571002,0
106034786,0
174397852,0
122057072,0
166797290,0
62456586,0
115828522,0
150630454,0
178223054,0
95878134,0
102655522,0
118160759,0
129449366,0
120773372,0
125371887,0
143184519,0
59479962,0
163900896,0
159708200,0
159702239,0
65847762,0
123344907,0
35915533,0
151461405,0
166255508,0
120576039,0
110316497,0
99511402,0
61005004,0
110986406,0
94487152,0
106572156,0
44764866,0
33810287,0
63926791,0
73691630,0
115516426,0
57054083,0
100000313,0
150023138,0
71732375,0
180631464,0
114434678,0
82408118,0
99717687,0
122005631,0
56934789,0
78637535,0
95931637,0
162999762,0
42120484,0
138229484,0
131268225,0
129988828,0
58872992,0
78758309,0
101825864,0
107656224,0
180096127,0
54141474,0
34718902,0
100339205,0
133231329,0
139971528,0
41297743,0
152138707,0
78249304,0
63736318,0
195147826,0
119675970,0
146706062,0
140661631,0
110445058,0
139109270,0
43580563,0
120880111,0
67394783,0
81428629,0
87701000,0
150303444,0
86896647,0
117402379,0
64757802,0
134314212,0
100184114,0
92819416,0
136010649,0
71408938,0
163598620,0
212850441,0
90869547,0
76200651,0
107802551,0
78578702,0
147967467,0
193865449,0
161390296,0
40421520,0
73969716,0
191640623,0
116451482,0
83086289,0
94469179,0
111903045,0
90607805,0
142548699,0
38436111,0
116518191,0
39851787,0
37739110,0
160575916,0
36621278,0
40876282,0
40242377,0
82909860,0
105705536,0
41024059,0
76692424,0
98493737,0
201695440,0
84763203,0
95531731,0
194955931,0
98595394,0
81508652,0
115565626,0
119571698,0
108337858,0
57107931,0
176379708,0
133424803,0
92240139,0
116883277,0
62677092,0
115522476,0
121607738,0
37416936,0
66696143,0
109470267,0
106560471,0
180862137,0
106154475,0
77127890,0
178886943,0
62973930,0
38952755,0
77361820,0
91837558,0
134104591,0
63713036,0
166825467,0
105240816,0
194467189,0
119531845,0
36053687,0
39111518,0
148815286,0
144826061,0
121931471,0
163536846,0
34909800,0
137391841,0
36559327,0
87962781,0
99537843,0
134077332,0
165684502,0
122943332,0
40028581,0
139557597,0
45373683,0
63697590,0
66699222,0
63914750,0
88868929,0
113268426,0
154867564,0
147291123,0
67039813,0
114590173,0
108257135,0
111715089,0
179267070,0
111902236,0
40501099,0
191634819,0
104599775,0
57903826,0
32308133,0
135653537,0
139898345,0
108437008,0
115178175,0
118018163,0
145187377,0
40291685,0
160329876,0
110457701,0
146467692,0
115045537,0
72277552,0
96499011,0
72354950,0
79502241,0
100584110,0
31750895,0
146706467,0
142266369,0
99227710,0
61464128,0
143210693,0
136028513,0
94767656,0
86097900,0
61829224,0
108858924,0
204771943,0
36527497,0
89087561,0
126443252,0
82681319,0
43058392,0
42021373,0
37851870,0
193814097,0
35224946,0
149229987,0
174620787,0
36276316,0
74125418,0
66767500,0
145814630,0
56212768,0
83931739,0
178043970,0
62224038,0
145299515,0
142755053,0
82093071,0
71775249,0
96495083,0
31273048,0
76506855,0
63856826,0
133232168,0
113740183,0
115744374,0
195022245,0
83389345,0
105242168,0
62855959,0
59670367,0
63600305,0
138726191,0
111539646,0
88434657,0
111932674,0
134369186,0
175126278,0
133687413,0
105904734,0
159722915,0
135498347,0
72245091,0
188956071,0
62134264,0
132939712,0
145322768,0
111370432,0
91323421,0
49475095,0
126031403,0
156047041,0
121655102,0
149400672,0
205611975,0
100958335,0
78941035,0
80308696,0
75865923,0
138604963,0
77588130,0
45233258,0
83444743,0
81534017,0
61671172,0
56500862,0
204990042,0
82381214,0
44419805,0
107164787,0
120041343,0
86856112,0
129919494,0
62659297,0
39753940,0
35040977,0
86570121,0
41586972,0
32218497,0
62390074,0
42039513,0
194146752,0
56250480,0
62221284,0
57651135,0
61288113,0
75306218,0
180327579,0
128088120,0
36254336,0
97918537,0
211575683,0
103073155,0
75098522,0
89758249,0
60102270,0
126314562,0
87043822,0
39965475,0
161190022,0
99749092,0
178343443,0
57008752,0
179567067,0
43847250,0
108262010,0
152431933,0
36917011,0
62658646,0
42144220,0
111142198,0
83897876,0
63171826,0
104640171,0
90352429,0
65716605,0
112123463,0
74811159,0
84221678,0
154185090,0
164884323,0
195459804,0
63048140,0
92121605,0
159000391,0
75412662,0
82061705,0
64050092,0
79227086,0
71021497,0
58487159,0
73675690,0
103470081,0
92585121,0
72379199,0
139787144,0
140370369,0
100370018,0
79367471,0
110666275,0
31961187,0
198660092,0
110593043,0
40131591,0
121344259,0
36811288,0
158355393,0
66766997,0
149626350,0
59759420,0
117281437,0
34340827,0
125926716,0
193032109,0
189851096,0
160891457,0
115512685,0
71282143,0
104864310,0
145313451,0
198798109,0
79709246,0
63594038,0
73697472,0
71980694,0
78330393,0
81357687,0
81444786,0
63850805,0
107691764,0
99029321,0
125390886,0
96194317,0
126905880,0
34833814,0
85257680,0
82137672,0
130432832,0
104235794,0
83660403,0
41469830,0
115986485,0
94661252,0
153153825,0
179553901,0
31162025,0
161979057,0
87401516,0
60762626,0
111584376,0
119645740,0
159792703,0
185461491,0
61700603,0
87342082,0
115784070,0
62468301,0
94824860,0
185046415,0
32067936,0
120740772,0
34662803,0
212730536,0
101877768,0
122475345,0
109152485,0
35362391,0
108227338,0
114866828,0
96864285,0
140418187,0
64189767,0
90338533,0
67017803,0
126346313,0
113367260,0
121029241,0
207381723,0
96723357,0
121024672,0
67457317,0
155133796,0
123010929,0
83329614,0
81718085,0
119108399,0
103402888,0
118649413,0
108215307,0
189940317,0
131968592,0
149890460,0
116651697,0
150990556,0
40053246,0
65428017,0
35150757,0
62464639,0
67282526,0
151364417,0
136543519,0
103610170,0
83221759,0
97433890,0
85745318,0
63306112,0
31188140,0
120891767,0
194787408,0
88927870,0
95775481,0
57684040,0
75598565,0
37301501,0
32527367,0
73479019,0
116584149,0
34680322,0
76477927,0
131969569,0
166317745,0
75277833,0
63651459,0
81376419,0
115331430,0
93445089,0
114034100,0
97560172,0
93692027,0
124486721,0
73870684,0
110542895,0
147244814,0
120788887,0
105148545,0
161622558,0
34566782,0
82592493,0
125111270,0
43534176,0
84208324,0
131160488,0
37075033,0
76868369,0
108820126,0
165527614,0
37028646,0
195033427,0
38963750,0
68463848,0
95847795,0
66584449,0
147797601,0
57605586,0
44929847,0
138672511,0
104233070,0
35034029,0
91607922,0
62214228,0
62424766,0
142108781,0
67379485,0
61939941,0
73775363,0
191527487,0
106602930,0
89346243,0
121120190,0
113107532,0
115985143,0
160936344,0
79542074,0
121695370,0
71792816,0
88436700,0
39441626,0
44954600,0
111163467,0
79677722,0
62799564,0
113549295,0
61719158,0
165905443,0
132456496,0
109760867,0
101819922,0
82815546,0
63254010,0
144159349,0
162016365,0
213187498,0
59162339,0
112301797,0
62191853,0
111504333,0
124462570,0
42946796,0
111399745,0
33588112,0
112664426,0
152865939,0
105769836,0
63370047,0
75492240,0
44123678,0
129435015,0
98529801,0
142556397,0
67088707,0
113619389,0
87744051,0
35847156,0
40597416,0
135781407,0
103098786,0
140211794,0
113406758,0
108180438,0
165737373,0
141583531,0
106854920,0
37249469,0
145764848,0
190167199,0
66722939,0
74686357,0
97786955,0
116471794,0
85169871,0
34215770,0
175599585,0
116334843,0
86622666,0
31169664,0
87109722,0
96884785,0
42423974,0
141946179,0
67559694,0
149859569,0
74519502,0
176878350,0
109892340,0
213358154,0
196324974,0
36059579,0
56497220,0
194622210,0
190799565,0
55802735,0
125359076,0
151259424,0
177919317,0
192828587,0
164578504,0
107214964,0
44136321,0
33640470,0
103521748,0
106611378,0
116051872,0
120763749,0
195281312,0
92993683,0
97813889,0
134081388,0
90200763,0
80091249,0
174143581,0
115434291,0
114339969,0
177575243,0
129481590,0
39975424,0
103479782,0
76241876,0
35979261,0
137885173,0
75379579,0
41655290,0
160114877,0
131665102,0
180860903,0
166951246,0
90083364,0
121688136,0
85301383,0
91555139,0
120702676,0
65429054,0
124388262,0
66399275,0
39269165,0
139888337,0
67897392,0
93575240,0
77568262,0
124939726,0
75077292,0
122465614,0
132987086,0
87836134,0
89884057,0
121502133,0
58737235,0
38257905,0
68905444,0
74026742,0
90459199,0
59131437,0
59220036,0
45145537,0
79725955,0
93556675,0
32240437,0
109600052,0
133957209,0
112793333,0
91400867,0
78174236,0
162005015,0
142677379,0
39120489,0
155301619,0
195444447,0
106720595,0
147656930,0
153000353,0
74292688,0
42645704,0
66163747,0
115122678,0
38799845,0
44848136,0
123901316,0
195113677,0
201236967,0
156914648,0
93210065,0
123893785,0
77765694,0
125645788,0
41604432,0
63924590,0
37458803,0
88520739,0
107168675,0
122448036,0
66417465,0
80093075,0
138400642,0
123697755,0
130251715,0
82369252,0
32915518,0
151931169,0
42713380,0
93474175,0
198790697,0
38095945,0
134180123,0
163707344,0
113017333,0
163425103,0
113451310,0
94830348,0
60445466,0
63316870,0
84177511,0
31251957,0
75745593,0
92173776,0
69707902,0
80685231,0
147550654,0
43919248,0
130096772,0
58511340,0
43942787,0
152692747,0
111274736,0
82758588,0
85459030,0
40065119,0
177165684,0
110951467,0
129446079,0
123706401,0
36598558,0
93036054,0
99075333,0
82174821,0
113080311,0
88397241,0
63357730,0
209868232,0
132315933,0
72539620,0
145358486,0
32652247,0
148905819,0
127158877,0
92175473,0
78129349,0
128081211,0
153072480,0
126045428,0
36116882,0
95473461,0
88036221,0
62194409,0
156694575,0
73140027,0
87153691,0
66233821,0
127775737,0
34754216,0
97197000,0
179198881,0
102821144,0
77475626,0
32532795,0
78002584,0
87453845,0
31325801,0
115091391,0
108062624,0
144986531,0
195091086,0
80454302,0
56035796,0
65823542,0
31608043,0
111940964,0
166828280,0
83092358,0
32688310,0
74726280,0
154079565,0
83584773,0
116827218,0
115027347,0
127531218,0
59382648,0
57173396,0
72543962,0
60414653,0
37186846,0
154805839,0
88197717,0
73348700,0
116838153,0
34950690,0
77597427,0
66380069,0
142422842,0
121943068,0
106311855,0
65603864,0
175848427,0
83535474,0
149913200,0
75415613,0
179254773,0
34184078,0
63821098,0
196635383,0
195329802,0
139808522,0
83358334,0
175598203,0
75087024,0
42008908,0
88995240,0
110101793,0
57671022,0
79831303,0
185527035,0
98521658,0
141583402,0
81994177,0
120927249,0
102063474,0
178699410,0
155482963,0
114575941,0
66879431,0
40973379,0
36673498,0
109329398,0
59734608,0
130504318,0
78509862,0
108871389,0
92402997,0
145806369,0
110225834,0
193627907,0
134178584,0
154621495,0
88870133,0
85213030,0
124473644,0
105496320,0
83520147,0
80742870,0
138694747,0
37945029,0
92241847,0
70970047,0
160746176,0
89728828,0
79659720,0
76397678,0
137034818,0
31846857,0
108148628,0
148013617,0
34543016,0
60174032,0
86644705,0
129852243,0
57169893,0
129814650,0
124904462,0
127404551,0
40241360,0
158440370,0
101108995,0
61321966,0
105557916,0
94425487,0
87679691,0
192961699,0
164128470,0
77637339,0
134083342,0
179968385,0
56545028,0
81317922,0
78090828,0
194301192,0
61910333,0
163899752,0
68364679,0
92560526,0
59467862,0
121642756,0
41893611,0
212294477,0
56207843,0
94222044,0
143714783,0
128277084,0
121099829,0
36870693,0
122931815,0
194560841,0
86059754,0
140444953,0
160081991,0
66083399,0
38917856,0
129020946,0
142121987,0
41999522,0
119334196,0
124089213,0
63386440,0
73640209,0
118638112,0
72196789,0
40221384,0
40097738,0
160056084,0
74598478,0
35107725,0
139894289,0
131881641,0
102715865,0
113105637,0
76693391,0
166337662,0
84320867,0
37141268,0
57785568,0
65808056,0
75757693,0
85954435,0
70953426,0
175323493,0
195237215,0
192993301,0
144258262,0
193022456,0
157096791,0
119627096,0
192929475,0
156038128,0
136111674,0
194729296,0
93762535,0
106906687,0
82157085,0
34255811,0
105616700,0
70808797,0
205595483,0
113891178,0
87611482,0
114285035,0
128859430,0
80817099,0
74868432,0
205083379,0
80584837,0
70078654,0
79567558,0
84911011,0
174622563,0
62734287,0
185295257,0
195465795,0
74521111,0
89269901,0
84091824,0
144344158,0
198755699,0
115051972,0
145743332,0
64444274,0
72354407,0
84476541,0
112144801,0
156245587,0
98787289,0
159311619,0
118737855,0
132813953,0
83610522,0
142230730,0
35696181,0
59892462,0
115561935,0
86825171,0
87716041,0
145734005,0
173973735,0
150901907,0
152336306,0
127728886,0
47904496,0
198727038,0
60773621,0
166331839,0
140102705,0
81343218,0
40566445,0
38416628,0
34224751,0
89277136,0
121937797,0
78139929,0
43642890,0
94811072,0
89425042,0
135155645,0
178143475,0
104214466,0
107887508,0
73446735,0
115581082,0
55728546,0
144571672,0
42013517,0
81697063,0
128061443,0
86950643,0
133380567,0
150294088,0
39232894,0
134377683,0
119856564,0
75715698,0
112060140,0
211734821,0
138011553,0
75583722,0
66310281,0
162068279,0
154050005,0
44870619,0
116626302,0
63674080,0
161827302,0
108709488,0
102396258,0
173567157,0
100877661,0
35055574,0
75569263,0
41774435,0
72663365,0
84343883,0
84635027,0
130425094,0
131748391,0
76673099,0
144421762,0
87724065,0
77353884,0
193667839,0
127277164,0
75504666,0
137029725,0
115170407,0
79833997,0
84813904,0
44897780,0
99010618,0
42063546,0
163665121,0
95718395,0
161221704,0
41733023,0
128484178,0
203650253,0
112263414,0
124935443,0
106054081,0
150549464,0
121601195,0
86772536,0
114496501,0
78635097,0
137061939,0
75084004,0
123945916,0
62400388,0
92293139,0
107737786,0
44056880,0
114885719,0
135363084,0
42294475,0
83753010,0
114266806,0
59381651,0
113363224,0
155234259,0
57811861,0
166627444,0
78654017,0
144366779,0
118665047,0
159552339,0
133064424,0
84764704,0
141301329,0
42753421,0
65827756,0
76425836,0
74272387,0
112208865,0
85134044,0
57752318,0
45475537,0
64055195,0
76662834,0
60325274,0
112747587,0
211639293,0
139916742,0
146612153,0
80407708,0
84255432,0
150069752,0
82114340,0
176985563,0
113351627,0
137180059,0
108090625,0
144568148,0
66966935,0
173706930,0
82841207,0
160368871,0
113729228,0
204002647,0
62571024,0
156760129,0
106432995,0
107701979,0
40966510,0
107049924,0
34563535,0
101533092,0
111653354,0
79722372,0
64683770,0
133323363,0
80482243,0
89079013,0
92388746,0
194543402,0
112252656,0
86999656,0
136685473,0
179350025,0
61052013,0
179138322,0
87198262,0
87904600,0
62984491,0
38581322,0
150838525,0
198680177,0
90597975,0
73565733,0
194431786,0
56420000,0
43849549,0
84295167,0
165437614,0
62136820,0
88512261,0
90998790,0
103252278,0
176503344,0
175289946,0
134003763,0
69850617,0
77749004,0
136952347,0
42463788,0
156626455,0
81204274,0
36015225,0
177895669,0
73448995,0
113273775,0
62167525,0
78872007,0
78971759,0
85691677,0
211208850,0
42104060,0
105534456,0
97663447,0
83809395,0
134148679,0
102983618,0
101388611,0
131673678,0
60680748,0
167077922,0
195129824,0
42434929,0
34463477,0
144000182,0
160421427,0
39410803,0
101950329,0
109154548,0
192666203,0
184701817,0
85159557,0
183722999,0
83413140,0
83218916,0
139903635,0
38871134,0
85772518,0
77296986,0
42621524,0
61378558,0
132893749,0
67264208,0
109627825,0
44319293,0
59632527,0
84502468,0
86100051,0
119658551,0
84104506,0
131516860,0
64727335,0
41963774,0
102967471,0
154153231,0
76043270,0
76169601,0
38904236,0
101965923,0
72028088,0
124390443,0
34555274,0
69518445,0
118987496,0
113237574,0
87928987,0
98867855,0
193008037,0
90147674,0
130317437,0
106742683,0
64981122,0
115778582,0
62200578,0
150017502,0
111269812,0
118034063,0
93339238,0
68121768,0
56534586,0
76986686,0
42959390,0
61677370,0
123818796,0
87510832,0
154241298,0
152439325,0
32025300,0
55929619,0
94192238,0
66976529,0
100881856,0
153599023,0
139199972,0
117151819,0
143894577,0
109071505,0
80436961,0
41236887,0
179232556,0
36750353,0
136578151,0
32333498,0
83956985,0
31763045,0
132173130,0
162398358,0
36534978,0
88998043,0
135687883,0
92541537,0
151522962,0
185406093,0
74752957,0
162010048,0
67072402,0
121855011,0
137629017,0
63960447,0
82903168,0
62426000,0
65462403,0
125993356,0
144847596,0
141264328,0
212703749,0
106794440,0
165429224,0
129772121,0
59177933,0
60590253,0
86212644,0
93331668,0
126724368,0
62831858,0
192712847,0
132795842,0
105108336,0
148538108,0
42281259,0
131249226,0
106883582,0
39578143,0
78019342,0
73402983,0
73954891,0
33358219,0
59349891,0
158082488,0
128407797,0
135069246,0
42311480,0
83413170,0
65917540,0
86895048,0
96278495,0
64386488,0
123354648,0
179105100,0
69053153,0
144138830,0
114838779,0
62401671,0
42291494,0
102036047,0
167054857,0
74822410,0
37846353,0
112734293,0
108266452,0
94096641,0
204416401,0
93795243,0
113844752,0
36537130,0
118487700,0
81651524,0
158301110,0
86301539,0
43988908,0
74225082,0
62656040,0
192334782,0
157073321,0
100326158,0
111699662,0
35719917,0
47276000,0
166974775,0
72592353,0
119194689,0
31301897,0
34277415,0
37260681,0
75482114,0
112805907,0
130113758,0
42402626,0
193825654,0
41439510,0
211555480,0
66784407,0
62572711,0
205373910,0
185651056,0
70938661,0
161978337,0
133561615,0
35529651,0
185384754,0
86976531,0
36932467,0
138401363,0
92163176,0
32188168,0
95394583,0
124057552,0
60797673,0
43035198,0
33617306,0
90485047,0
121914367,0
149282621,0
106104771,0
82535111,0
126558371,0
189779067,0
139228377,0
43137329,0
179492147,0
98571283,0
103236339,0
85077017,0
150359928,0
111786120,0
35611065,0
140209820,0
33691427,0
88586422,0
33905252,0
81807948,0
131132321,0
101868954,0
106750954,0
75467270,0
104803059,0
75339873,0
82621637,0
85532322,0
144571405,0
75881103,0
74702682,0
151772801,0
165440041,0
177987516,0
146849813,0
115238952,0
79290419,0
179965611,0
36511479,0
67512290,0
42793255,0
91856764,0
107299882,0
43925200,0
68508469,0
82550507,0
63370323,0
198955559,0
33722082,0
107083708,0
65177685,0
111946393,0
118509265,0
180074069,0
115768930,0
62816106,0
141438605,0
161869100,0
57824849,0
106019083,0
75850675,0
86656006,0
99983584,0
117509346,0
178324198,0
104843209,0
103324494,0
95477507,0
74742515,0
159917682,0
156723039,0
39246287,0
103666199,0
62723746,0
157933487,0
87859051,0
103598691,0
127208531,0
38764779,0
122759787,0
90767989,0
90075202,0
177256622,0
38500836,0
62578130,0
122570883,0
56088539,0
102449031,0
113135058,0
43927381,0
99174681,0
151196831,0
61169954,0
142520659,0
44389584,0
118148718,0
132122044,0
55914222,0
193875940,0
75389498,0
94302807,0
34488496,0
71347204,0
104901252,0
108914569,0
129117520,0
40757412,0
139160868,0
36136849,0
72590557,0
84753196,0
131096524,0
75740263,0
78965660,0
86838475,0
77799250,0
87630541,0
78610482,0
85741735,0
115927702,0
66833064,0
140590560,0
67061693,0
63271223,0
104143918,0
36863093,0
96133382,0
131291004,0
130366824,0
43333014,0
32139392,0
102917156,0
66655934,0
115862582,0
89777673,0
84261482,0
89161691,0
208370302,0
88345731,0
81515956,0
73840897,0
161674639,0
84539568,0
62910420,0
81250444,0
118633424,0
98580442,0
102743845,0
201054962,0
113658354,0
174593477,0
133579538,0
114851432,0
78355442,0
198793747,0
78273574,0
62211504,0
83617234,0
132471705,0
71125917,0
156816416,0
38755442,0
144848178,0
167145499,0
99627054,0
89266635,0
143548036,0
31574752,0
136070873,0
106139275,0
161176787,0
57619937,0
190834316,0
80218547,0
44756536,0
139854159,0
101985564,0
61160480,0
120231570,0
112615532,0
72324640,0
75920206,0
164507166,0
35617678,0
144901958,0
110130810,0
178273764,0
100481742,0
137276544,0
44480720,0
65900752,0
212835351,0
151489445,0
36570233,0
38437335,0
65502138,0
84804577,0
70667129,0
176295668,0
31929565,0
96753134,0
179305927,0
74851190,0
85969111,0
184566939,0
59046539,0
63547739,0
154684660,0
60917342,0
139160336,0
194455365,0
111462387,0
39466883,0
40997392,0
82657395,0
84320216,0
157886518,0
128248837,0
94430500,0
121907666,0
152499431,0
145546867,0
119309601,0
150008412,0
119670049,0
65401636,0
111286195,0
148143452,0
184958388,0
161210640,0
102454281,0
85720446,0
123654043,0
193835929,0
75800794,0
95707124,0
78589776,0
122805651,0
78116242,0
71260361,0
43575036,0
162576366,0
32488569,0
39596589,0
165980531,0
86075288,0
175233432,0
44411446,0
64107622,0
79312596,0
124636996,0
132828817,0
82464721,0
106211126,0
112281732,0
99075916,0
206433432,0
97780412,0
77862899,0
129063020,0
48570961,0
64338581,0
136870311,0
121566681,0
111484041,0
144533881,0
86561633,0
75245224,0
127258185,0
64075497,0
160124312,0
100569957,0
122576015,0
89427312,0
174449993,0
90011691,0
156766002,0
118052884,0
34666445,0
136888382,0
113209988,0
81539060,0
151572142,0
65629614,0
128478552,0
71861716,0
84403624,0
97272344,0
59069703,0
85908640,0
73379948,0
199056742,0
78686922,0
75548290,0
59480278,0
185605241,0
193838021,0
75790036,0
111275427,0
102468030,0
180637248,0
59428265,0
75629132,0
144960968,0
111725846,0
143784571,0
31774079,0
79551322,0
31568732,0
107680809,0
139670446,0
42701053,0
56802862,0
75255824,0
76276607,0
58682863,0
103594211,0
97226796,0
83091016,0
81652442,0
66472675,0
63869113,0
35119934,0
154377015,0
37165123,0
83882687,0
63587159,0
175056579,0
90107337,0
117324409,0
143537939,0
73761033,0
45460032,0
59210581,0
40362697,0
103662883,0
176289125,0
160637986,0
138836691,0
113860138,0
115288290,0
140866395,0
161352377,0
129354213,0
213268054,0
35137847,0
114939409,0
125174129,0
145165940,0
109013600,0
156908983,0
34405651,0
113740785,0
108477187,0
92312819,0
62170288,0
185743149,0
86859942,0
32443208,0
40988687,0
125810058,0
176337436,0
103538151,0
206739182,0
78074918,0
99504375,0
92900820,0
35630153,0
98628694,0
111903440,0
156299189,0
108871231,0
93832491,0
63787630,0
134962744,0
62731237,0
60221031,0
87216757,0
40106186,0
152114132,0
42424013,0
33232885,0
35815780,0
78862779,0
37722371,0
92693934,0
65342132,0
175590021,0
33420210,0
73780199,0
205766938,0
75704723,0
83746782,0
87731507,0
79249816,0
87184642,0
150171063,0
88407495,0
109989517,0
103746972,0
82390639,0
102759864,0
58793137,0
75122574,0
82004175,0
122848555,0
67548916,0
101065263,0
161115062,0
103959139,0
113583345,0
178157332,0
142171305,0
83364207,0
60401477,0
131507731,0
73594720,0
128729121,0
44248952,0
119494172,0
116094064,0
100079753,0
105163004,0
135400589,0
160358705,0
121233483,0
138912016,0
63855375,0
176427724,0
107697528,0
42698625,0
67242771,0
175484949,0
182455367,0
66025957,0
95817624,0
59425867,0
45198448,0
82832038,0
140986893,0
106691549,0
174969115,0
196611696,0
76358880,0
118041712,0
34543687,0
86013159,0
214232679,0
110164653,0
122099373,0
56371155,0
112664870,0
94841865,0
77579425,0
32307847,0
175191230,0
61294410,0
145184811,0
120510899,0
134714197,0
33210017,0
175209647,0
89346292,0
125039005,0
75798603,0
85120769,0
98979529,0
45430976,0
85482826,0
98145863,0
87725605,0
73836101,0
179659131,0
98229637,0
95506238,0
115512034,0
128398924,0
125151025,0
128206319,0
177330980,0
37458783,0
45285517,0
111840679,0
147956541,0
164876803,0
104841057,0
198772626,0
116875628,0
32219997,0
122335325,0
124579308,0
159456061,0
58421378,0
137799347,0
76856022,0
106964157,0
114774656,0
98482703,0
147343846,0
78139742,0
157434115,0
176544481,0
126369763,0
60512668,0
106234695,0
164849563,0
80688606,0
87157658,0
43029198,0
111568732,0
164415320,0
129729080,0
32555722,0
75346713,0
140813465,0
78187382,0
42713637,0
127367787,0
110263477,0
77578161,0
42811662,0
148752998,0
87179559,0
84319772,0
72461986,0
106002414,0
144377764,0
117322672,0
66372775,0
178818319,0
72655617,0
61303826,0
194054491,0
121128658,0
106251690,0
80358034,0
113583365,0
59115952,0
60327584,0
88714124,0
121017575,0
36930404,0
72293561,0
59088978,0
96010881,0
177217509,0
86726159,0
130773718,0
164030593,0
175542104,0
91342874,0
106694164,0
79482334,0
31316504,0
129399909,0
196152147,0
76013730,0
113092905,0
96172081,0
40419882,0
193773355,0
112386972,0
213875785,0
60408544,0
83587270,0
150745533,0
108971674,0
79673162,0
105880396,0
133538431,0
89858041,0
165527871,0
40488850,0
56200125,0
70364458,0
89881738,0
65412078,0
175109421,0
153360258,0
179726501,0
153062828,0
147336977,0
42973316,0
165579055,0
179968553,0
81528796,0
73519010,0
76758816,0
163710196,0
198694350,0
131420740,0
40284204,0
62531674,0
92825278,0
179492887,0
56686608,0
68311531,0
88555668,0
109492908,0
213353199,0
108883322,0
107161599,0
143174846,0
104113835,0
76828022,0
145451270,0
97751523,0
58646978,0
32546918,0
89332119,0
199548564,0
90993924,0
133693098,0
76757494,0
65156199,0
118617534,0
94699911,0
93690714,0
80670348,0
167161695,0
99309253,0
102304668,0
159586478,0
33157353,0
129544509,0
126227177,0
74157120,0
83929429,0
69196183,0
113155863,0
106327430,0
128449298,0
121829331,0
31511932,0
76829364,0
43705887,0
92814708,0
97766308,0
61672159,0
149596080,0
100623953,0
126236563,0
107854632,0
65167904,0
166904474,0
63986818,0
117400444,0
33881693,0
118004109,0
107466658,0
105539460,0
163463209,0
153028462,0
92443285,0
95968500,0
155281840,0
112674592,0
55965179,0
59626496,0
80449920,0
35213152,0
43213187,0
114596095,0
66559725,0
39478440,0
112963070,0
56566820,0
76290296,0
81384354,0
83205089,0
64204512,0
104152820,0
156081110,0
195259204,0
145797200,0
31558981,0
114829432,0
38513755,0
103820905,0
111556119,0
136281244,0
109541545,0
118387217,0
163080555,0
109454308,0
84976614,0
68811712,0
36758229,0
63140352,0
66299138,0
43472491,0
126978856,0
112942966,0
43856981,0
181094408,0
142584832,0
81178780,0
43827945,0
34140099,0
126347527,0
42542468,0
78592105,0
138075419,0
115029381,0
75543454,0
85209675,0
63933147,0
105908465,0
59922535,0
111704992,0
126982122,0
57093265,0
81116385,0
144289983,0
194345684,0
61369686,0
39538664,0
119190958,0
87474581,0
57630329,0
37931429,0
103618352,0
86407687,0
74917109,0
59756607,0
129016968,0
40170802,0
94753157,0
112987211,0
138515169,0
111284310,0
174970654,0
152327848,0
199039756,0
83134255,0
164281074,0
138739427,0
140538872,0
86422610,0
212263289,0
93127604,0
108967035,0
135416390,0
145952173,0
156237188,0
88835481,0
87680076,0
154582608,0
110518626,0
121008505,0
194429872,0
75332580,0
124332262,0
86814097,0
83924257,0
194673522,0
196673706,0
56502786,0
145156169,0
33027153,0
81375393,0
79566028,0
137607274,0
181133946,0
64581205,0
203780700,0
132701598,0
87204174,0
196482078,0
159680624,0
147965957,0
107707329,0
66861479,0
42443111,0
70143221,0
162940169,0
96177697,0
32520882,0
159454107,0
81827115,0
128436063,0
124813603,0
177251293,0
81326874,0
142996591,0
159420698,0
72395583,0
92948747,0
105886466,0
74574120,0
81194088,0
95362151,0
74374616,0
93938027,0
31117908,0
86962931,0
169331824,0
63109164,0
181064158,0
87690390,0
79404749,0
123311528,0
91423893,0
92775003,0
120192881,0
62278883,0
36101989,0
41142692,0
141158348,0
154449389,0
41694048,0
106565909,0
92260727,0
82242585,0
80286953,0
71773778,0
132039880,0
81737943,0
75423212,0
117531986,0
67379771,0
128396743,0
155750528,0
76700171,0
119692512,0
117133403,0
131107913,0
205812437,0
32506226,0
84866953,0
136693053,0
152456005,0
107404075,0
211514472,0
58440545,0
157173360,0
148004350,0
105245682,0
116167662,0
141069028,0
89352678,0
138856589,0
36552704,0
134099420,0
113878407,0
164172370,0
59779455,0
143287340,0
118282521,0
56169539,0
161386437,0
38697438,0
113736117,0
120508620,0
39306472,0
195646389,0
75351865,0
63188821,0
199561681,0
81472460,0
87342713,0
127144043,0
95638204,0
99911200,0
145661838,0
178119739,0
115527253,0
136690072,0
32547224,0
141497053,0
136430788,0
165931913,0
96493554,0
62058327,0
92391756,0
42689486,0
89689932,0
88134157,0
32273737,0
139425996,0
81643125,0
44841474,0
59594539,0
84166428,0
117066200,0
113531777,0
56494328,0
77934178,0
60654455,0
76268830,0
75210443,0
65782277,0
185559831,0
140053268,0
103951332,0
61113293,0
38861777,0
37034252,0
90748704,0
97586099,0
35093375,0
83171690,0
79551914,0
205914755,0
41917081,0
109510831,0
121350378,0
94748223,0
64814227,0
173629770,0
115735422,0
42543051,0
174340658,0
59555317,0
78760481,0
69607499,0
137247547,0
84575849,0
32860732,0
178157727,0
73951092,0
78029064,0
84199955,0
72363546,0
141652618,0
39276389,0
63926663,0
144903320,0
149635154,0
37594293,0
83535908,0
127599802,0
44978346,0
76976392,0
150383122,0
78296767,0
91483170,0
78523028,0
74458922,0
143251010,0
104987976,0
66779235,0
208168775,0
74930581,0
140751819,0
61958338,0
75179147,0
137271816,0
77103966,0
173622999,0
147544347,0
35589579,0
106730494,0
204873778,0
89123585,0
179659269,0
109363892,0
87151302,0
125115060,0
166707723,0
73415093,0
63420579,0
36742971,0
166591676,0
67819610,0
91533189,0
57951032,0
138652041,0
44146664,0
83624291,0
113090911,0
177242213,0
156171180,0
207063784,0
81328739,0
109121929,0
151147572,0
177554852,0
80730483,0
130006613,0
164734641,0
164069351,0
81645149,0
167136261,0
135055390,0
91220846,0
89952612,0
67206816,0
76760484,0
192886779,0
87843319,0
157064103,0
124487708,0
96109468,0
129567623,0
84130799,0
153764468,0
96388709,0
103475489,0
58114157,0
130243365,0
114106602,0
103095381,0
205528192,0
154112036,0
93965573,0
135717679,0
32035150,0
141652687,0
41538818,0
75906882,0
185919993,0
101857585,0
78976763,0
83517837,0
152457574,0
134481275,0
37000123,0
59129868,0
33974882,0
38497194,0
76054038,0
130278087,0
123310709,0
77645156,0
56078492,0
58861020,0
72349827,0
112154444,0
151756428,0
81782721,0
32862213,0
122987183,0
151627836,0
34379378,0
92264497,0
176985554,0
207189187,0
83350824,0
39578429,0
63513314,0
156038030,0
76240741,0
88892567,0
77264673,0
103473446,0
37074935,0
174228618,0
57739408,0
198952075,0
86461397,0
111344248,0
167199644,0
113295054,0
102711779,0
77048766,0
162522804,0
120937256,0
110980346,0
155989205,0
118513084,0
87315187,0
85208816,0
139858955,0
90362654,0
96121854,0
120250372,0
107021618,0
74220088,0
128021402,0
36771247,0
207047203,0
58449141,0
91357974,0
82466675,0
161883174,0
39047316,0
44092687,0
206299097,0
161518246,0
78684327,0
90173276,0
65938690,0
164973110,0
76260293,0
66210865,0
147340155,0
60427987,0
124555967,0
178266905,0
138591846,0
104863382,0
45207972,0
94923517,0
116914149,0
128436715,0
115925472,0
91326204,0
32405358,0
81236725,0
64725904,0
69470824,0
34892815,0
45326536,0
152890850,0
31235998,0
181127590,0
86108835,0
74645083,0
125745195,0
127319298,0
34972719,0
101220166,0
98144640,0
90821966,0
180625760,0
114652184,0
177663674,0
75654279,0
78051547,0
38376222,0
146631636,0
108294965,0
174351968,0
40960164,0
63971234,0
115835155,0
156638644,0
42512968,0
111609513,0
89416376,0
150677522,0
68709256,0
118817641,0
145268831,0
93254774,0
74567853,0
80582015,0
174433767,0
94454651,0
113016741,0
41292690,0
95651311,0
127377351,0
56593458,0
184664589,0
185363939,0
127869449,0
59436220,0
35603791,0
81146872,0
208441808,0
120526730,0
67014132,0
127163358,0
154238969,0
144350474,0
86183676,0
63831451,0
139715728,0
168705647,0
162033784,0
110576640,0
148149571,0
97600755,0
94055771,0
82714728,0
143138062,0
163991588,0
114519211,0
45369231,0
40082608,0
104133081,0
63903450,0
164221264,0
86127864,0
73941982,0
91708592,0
115468943,0
33748365,0
109799231,0
82593322,0
74658367,0
192529460,0
67028630,0
56639816,0
56180830,0
35134255,0
152792509,0
139310432,0
132594256,0
78431329,0
162614986,0
71951707,0
111487555,0
90331970,0
85269554,0
33255506,0
56112769,0
166927312,0
85943697,0
75791368,0
179525694,0
153977000,0
165594363,0
192830413,0
78428477,0
195323021,0
37108008,0
121997627,0
161939165,0
72541781,0
82178482,0
62146354,0
41947558,0
135081031,0
62279811,0
43188385,0
185398108,0
67296827,0
130865456,0
140825703,0
76086716,0
135139340,0
196492648,0
143724534,0
96027570,0
113298667,0
42250298,0
76323794,0
43614939,0
199006022,0
60023521,0
118006004,0
31437377,0
126019224,0
141635780,0
134728824,0
78637742,0
110597484,0
63365329,0
91894979,0
138536537,0
102045788,0
139960741,0
180596210,0
176644579,0
64390525,0
63623666,0
100725048,0
108767610,0
111490298,0
120748402,0
198977311,0
133920119,0
178711935,0
62052869,0
61392129,0
167070125,0
68423097,0
70105775,0
40531971,0
103867954,0
43076592,0
92030647,0
81078476,0
38672152,0
159995711,0
119884742,0
146378964,0
106465190,0
130015516,0
158285210,0
65785603,0
107159230,0
121868799,0
88657808,0
75522540,0
191585274,0
152175600,0
32366926,0
100407631,0
65073264,0
144082425,0
146757059,0
144284900,0
40541811,0
42086966,0
105233137,0
43163464,0
91883264,0
46815198,0
68883701,0
62975510,0
178516536,0
88011547,0
114956553,0
70207176,0
56964269,0
61142418,0
41163319,0
129409897,0
155737155,0
128218054,0
78200460,0
116431703,0
61147837,0
126883950,0
90984972,0
129320676,0
71927142,0
63819302,0
80434237,0
169475170,0
36646071,0
31877068,0
106197171,0
151776996,0
163836507,0
89395186,0
58770742,0
81313244,0
64657853,0
113533553,0
45240749,0
66770333,0
105082813,0
150882385,0
34553784,0
78246235,0
194461247,0
74244673,0
111234863,0
43547905,0
139290377,0
106256990,0
152896949,0
67404978,0
36657115,0
114578754,0
59799007,0
31254878,0
77850434,0
130063531,0
115990917,0
126514678,0
78714962,0
92790518,0
123544549,0
140466864,0
78382919,0
87975838,0
161214291,0
193703656,0
110700997,0
121580547,0
85561299,0
44916493,0
87606863,0
124243584,0
90240014,0
93479465,0
84285199,0
161712549,0
31177382,0
82199337,0
103953494,0
62363792,0
99243965,0
144319158,0
124561375,0
132354345,0
89043187,0
175177314,0
133952846,0
108352317,0
192043845,0
174232378,0
146037693,0
80656175,0
135083340,0
127091981,0
162375460,0
115198299,0
89281261,0
167026057,0
164375605,0
179956679,0
176502506,0
126939841,0
39621480,0
112938712,0
126230088,0
42729103,0
125360882,0
112630988,0
81707939,0
83743506,0
31737226,0
95818798,0
126045438,0
82202732,0
102879819,0
193617643,0
39360468,0
65139884,0
33992460,0
94651520,0
194118239,0
120318373,0
40690210,0
99260645,0
63841646,0
127431555,0
80479075,0
193746322,0
114463576,0
37382402,0
35299827,0
85270096,0
149337052,0
31721513,0
62382258,0
156843468,0
95786169,0
131199069,0
78756010,0
60039293,0
94206214,0
133274370,0
208244277,0
176495745,0
74968825,0
189585613,0
74621761,0
66279014,0
119601406,0
112992581,0
63590939,0
83337154,0
94537507,0
146019661,0
44679948,0
126773469,0
193738091,0
90535155,0
120416694,0
67235280,0
71084455,0
76178612,0
178328027,0
103036124,0
59435115,0
135413893,0
35346658,0
32960208,0
100576806,0
84541197,0
71092736,0
204059832,0
32667860,0
81676682,0
160975980,0
66569881,0
65948649,0
40536017,0
164001902,0
157050167,0
155064709,0
35521054,0
117269258,0
111261343,0
196058988,0
108086914,0
90221469,0
121352204,0
40776984,0
32274922,0
72875265,0
74911315,0
67486146,0
111694441,0
85788576,0
84541710,0
157532722,0
43626990,0
126496094,0
37920395,0
84376058,0
74419947,0
154659157,0
124731557,0
105640179,0
103560210,0
41214691,0
40047630,0
68318815,0
112667239,0
176100517,0
141085905,0
107615916,0
175777406,0
162242576,0
39912416,0
124525845,0
74984854,0
175367284,0
89490250,0
45455393,0
85521722,0
150110316,0
126004143,0
62682224,0
102643274,0
39773472,0
111250970,0
75955450,0
140976797,0
191919656,0
176298600,0
133507105,0
93869986,0
75046272,0
79749504,0
132915719,0
185171512,0
193641517,0
74193627,0
119485763,0
154428574,0
178883311,0
86140368,0
136596548,0
89338031,0
85002097,0
60943161,0
81479547,0
179111160,0
58701112,0
85249015,0
196556771,0
38903437,0
86579517,0
31125518,0
63002059,0
63593791,0
42134034,0
81342971,0
131142309,0
96459957,0
142227384,0
205970528,0
90145454,0
94610542,0
41466612,0
72423395,0
91401756,0
57986020,0
99263191,0
160141890,0
103082610,0
156205991,0
112136373,0
61892469,0
37062203,0
86836768,0
69749572,0
34203028,0
59679269,0
134723958,0
128210316,0
84693642,0
143619018,0
125663583,0
56679413,0
194671884,0
146084633,0
62538286,0
177648979,0
59963267,0
191948614,0
31137006,0
127600601,0
82668844,0
73591048,0
44610989,0
67406212,0
105503525,0
39699401,0
78638522,0
38683887,0
93672090,0
153508845,0
94540921,0
150744625,0
127755702,0
112365584,0
90857358,0
114239358,0
150547352,0
212956924,0
148234045,0
175746879,0
93512558,0
32385412,0
43392922,0
157355286,0
113602463,0
118426607,0
83658183,0
66066739,0
77401061,0
207376621,0
43583445,0
56687980,0
65204451,0
132290983,0
174452115,0
43291749,0
59019229,0
93051815,0
119433731,0
150873355,0
99454672,0
112177687,0
131946859,0
68367758,0
41301070,0
159400081,0
192920730,0
61961832,0
41864663,0
32024737,0
144922921,0
127125064,0
77511640,0
103626060,0
34641337,0
144556680,0
130466872,0
63671109,0
90654972,0
36969962,0
106244298,0
205824537,0
126259006,0
85231151,0
159881253,0
138668888,0
178976105,0
119995479,0
97893606,0
132853570,0
85855315,0
124321702,0
115349215,0
77811232,0
44441656,0
96776160,0
38105835,0
177795295,0
140482724,0
133549466,0
123634669,0
127082102,0
119851788,0
43327112,0
60222087,0
37386577,0
64436803,0
63612533,0
61255859,0
117550117,0
90266712,0
65457794,0
123447886,0
98293720,0
94980395,0
103823047,0
31746553,0
81235649,0
31907536,0
129507734,0
148422238,0
149588174,0
90553937,0
82853504,0
151488073,0
37214984,0
36102700,0
78066865,0
110149927,0
150987546,0
92542869,0
139249320,0
62977158,0
42070178,0
71499176,0
174672938,0
55977417,0
117795446,0
40805862,0
164474538,0
177700429,0
138125586,0
103343424,0
89640525,0
210571244,0
149266573,0
90375613,0
127839860,0
34057530,0
44623376,0
144491057,0
86045719,0
166827797,0
63213239,0
132014732,0
145490729,0
120102219,0
145597706,0
130659221,0
112184645,0
95321449,0
196178982,0
37022379,0
119031831,0
196248287,0
96011956,0
103389081,0
83391309,0
63622551,0
126773124,0
180172172,0
103528509,0
44851630,0
84799178,0
36543950,0
95368340,0
102569844,0
81499365,0
130406016,0
86670968,0
163065148,0
130891966,0
123663774,0
78833910,0
143158917,0
83794156,0
161997316,0
121212401,0
56540705,0
138957022,0
33467506,0
32846214,0
102988395,0
124372096,0
74190380,0
66988895,0
89099266,0
130903721,0
66238805,0
130485960,0
42449043,0
35555509,0
112830058,0
121804439,0
126430708,0
44400717,0
64753321,0
120131403,0
210389386,0
78157606,0
203766892,0
84494582,0
105573806,0
130973578,0
114551544,0
142506625,0
100678503,0
210013838,0
62753779,0
139502179,0
34054786,0
91615127,0
117288947,0
62582778,0
110822916,0
137219537,0
118044239,0
144065213,0
195063619,0
60344727,0
150254116,0
106688864,0
130571293,0
44095549,0
155329688,0
100620430,0
115235833,0
173659803,0
209906674,0
196355846,0
99628031,0
188089776,0
102457291,0
63913981,0
113565916,0
177158420,0
92163324,0
127165065,0
68190648,0
92573969,0
60504921,0
103393779,0
133113199,0
130129105,0
139324161,0
118014067,0
40259204,0
142153253,0
120817222,0
75698239,0
110455095,0
117295688,0
147529316,0
62006818,0
67080041,0
126363298,0
43936372,0
75268575,0
63875874,0
93892528,0
87959317,0
126065572,0
144511220,0
76764718,0
107100279,0
149687127,0
115942112,0
118503817,0
63880740,0
113136775,0
162436869,0
114143080,0
109510920,0
44176362,0
59675716,0
110949661,0
124023156,0
58859066,0
114381540,0
65147582,0
56935184,0
138190667,0
162274090,0
33113128,0
113891238,0
184949969,0
37289737,0
64329382,0
56029065,0
89044726,0
109601424,0
34491645,0
99386117,0
45031642,0
55911962,0
106905147,0
175309063,0
101678599,0
155419551,0
174458609,0
89960872,0
92597241,0
89228883,0
56911704,0
108366105,0
132348473,0
116425012,0
34233999,0
69618572,0
32517842,0
82739905,0
37724118,0
39176687,0
206739627,0
176647579,0
145731923,0
110902978,0
107810910,0
74722391,0
42176977,0
145593037,0
82490520,0
101497729,0
112293546,0
33025318,0
56905141,0
143880227,0
107946173,0
85816162,0
213319178,0
64001968,0
126965403,0
152819473,0
60501555,0
76032700,0
36742556,0
76679554,0
198551734,0
82699292,0
78091252,0
65431748,0
44074734,0
168270032,0
56433452,0
98428381,0
39463399,0
34568973,0
74844222,0
107978160,0
90354699,0
80078546,0
80020632,0
64375335,0
92798127,0
105626165,0
63830543,0
154534583,0
77917656,0
76129284,0
142124039,0
78465300,0
110332002,0
148505133,0
62220801,0
66667126,0
208354718,0
35318441,0
38518591,0
140258270,0
66406480,0
35796239,0
135910847,0
62922638,0
31996036,0
155539328,0
193977597,0
106667813,0
194880449,0
122082881,0
78235842,0
101585657,0
96725252,0
59174972,0
76541596,0
128573616,0
85791725,0
90977007,0
66728792,0
151424720,0
122758396,0
95538136,0
135786944,0
111634118,0
82307754,0
71932274,0
52749860,0
130742076,0
176142176,0
75935978,0
43235374,0
103884189,0
164255116,0
119363933,0
150383398,0
137050885,0
131705251,0
85725283,0
33791051,0
140323192,0
80461211,0
43964560,0
163351594,0
76816129,0
59997149,0
77749912,0
37836079,0
41894509,0
156090111,0
90200102,0
126904972,0
131321738,0
94287253,0
151304232,0
133863280,0
179440065,0
121076132,0
102298786,0
195901666,0
137223722,0
42795407,0
156602541,0
90620932,0
33793824,0
113014442,0
109535712,0
105730723,0
61172728,0
157685691,0
74582608,0
56925610,0
113628913,0
150667228,0
45026480,0
60430050,0
59790105,0
63540692,0
119966887,0
106470174,0
64086097,0
76641871,0
75443455,0
38167974,0
78062719,0
88130860,0
31366158,0
154008158,0
37270659,0
36112253,0
135644763,0
140817156,0
131902929,0
64279324,0
35207211,0
78021987,0
79135733,0
76665657,0
75921203,0
120491229,0
196086425,0
124506461,0
139729131,0
76114894,0
156921330,0
116102226,0
82400519,0
96197702,0
112565552,0
212262904,0
131815998,0
136943060,0
129536721,0
40897373,0
37115232,0
122960969,0
44152753,0
32198047,0
33601061,0
66207805,0
130725209,0
132920752,0
39921358,0
81566261,0
78781898,0
64548142,0
84995652,0
196502321,0
160708543,0
166983519,0
32393594,0
83198555,0
98440895,0
88578121,0
82532485,0
80666025,0
59322611,0
152223082,0
87530394,0
45046041,0
35625939,0
68740197,0
100357119,0
86141415,0
70884566,0
94490113,0
95596337,0
44109150,0
107971360,0
34460595,0
79517025,0
106704281,0
209902904,0
117786297,0
126392680,0
129041129,0
43832258,0
121423423,0
39459105,0
88912365,0
106092622,0
41015108,0
84342087,0
194880152,0
106258717,0
59902016,0
64255844,0
82322648,0
79896867,0
105590772,0
88717115,0
75355842,0
116851961,0
97851394,0
111030543,0
31863024,0
166273016,0
162890604,0
98981779,0
93904796,0
112720673,0
118564367,0
61820855,0
82406184,0
63135220,0
87706201,0
108579644,0
71065486,0
33545772,0
99608282,0
36176702,0
107122860,0
185078076,0
150176926,0
178472706,0
88657799,0
147969105,0
162513358,0
130623345,0
87204223,0
76642217,0
163728928,0
74747243,0
111748556,0
64056399,0
63671248,0
176949174,0
97092461,0
60442930,0
99820183,0
177835790,0
111407068,0
96172249,0
40486186,0
159546319,0
56267219,0
57146383,0
172245893,0
135618095,0
81769032,0
78076971,0
196082675,0
152499540,0
108053722,0
86795621,0
77519822,0
57659790,0
186350278,0
37670022,0
42606246,0
34869118,0
36514815,0
166309731,0
36776823,0
160170393,0
62228173,0
86672409,0
100156282,0
93363567,0
77459075,0
137991765,0
192125852,0
38263057,0
135507486,0
66266065,0
206724082,0
59553629,0
160182770,0
37154385,0
210518738,0
65449286,0
106766370,0
42769647,0
90102274,0
107530475,0
111757212,0
137186355,0
42598774,0
118414813,0
41103520,0
122888092,0
92863049,0
156176332,0
67172954,0
54780748,0
135601633,0
44242379,0
117542823,0
179642875,0
86959427,0
75837400,0
144835832,0
106618790,0
82275866,0
116800076,0
78508441,0
32164905,0
149360404,0
56634921,0
120532830,0
87468541,0
154221598,0
36690543,0
66195320,0
130326181,0
173809367,0
120911852,0
133927600,0
116850727,0
94771920,0
76004216,0
72854391,0
194190711,0
34136329,0
59392725,0
74415802,0
206679313,0
147764972,0
112610834,0
110268481,0
90529579,0
68244141,0
95584445,0
134213927,0
152339030,0
209978239,0
121182378,0
83472101,0
137507957,0
185828433,0
144673575,0
165593089,0
151126579,0
195320031,0
36715572,0
81362059,0
97087220,0
102669212,0
45192881,0
39584706,0
212989228,0
118487966,0
111069577,0
141602155,0
194475933,0
86675281,0
81571058,0
92010542,0
103492110,0
76835928,0
114559025,0
135220607,0
143524428,0
41222596,0
98282409,0
122660351,0
95952749,0
133928774,0
115628219,0
118343228,0
161299644,0
57069006,0
130286170,0
164805712,0
44084081,0
113319916,0
88764292,0
161981880,0
176076356,0
141734407,0
123708592,0
39234700,0
120150086,0
42090194,0
91717820,0
180614439,0
85450947,0
78659278,0
194732770,0
132148929,0
181124856,0
116475919,0
117869833,0
110694641,0
122846295,0
77273487,0
176902619,0
41693090,0
105688669,0
143799612,0
32933106,0
84458154,0
120513890,0
162756062,0
112765609,0
139989076,0
141376989,0
65445694,0
122693977,0
151589769,0
107090360,0
96752265,0
113049074,0
84480923,0
204204333,0
137788174,0
62127888,0
139625470,0
99483284,0
208397227,0
125612804,0
85096707,0
63714427,0
100599901,0
61758775,0
111642379,0
145695010,0
76393108,0
39336100,0
78099365,0
107096311,0
84241220,0
95780346,0
97661404,0
127209824,0
145601792,0
134775695,0
147617984,0
121942782,0
143832320,0
87040111,0
123991366,0
116868423,0
131472832,0
97451537,0
97455001,0
75868509,0
144961817,0
41035301,0
84677417,0
206991035,0
149361420,0
145680393,0
156061687,0
75819467,0
88839162,0
165457215,0
93769454,0
163797789,0
125376525,0
144067868,0
126833990,0
85353406,0
73554679,0
114803219,0
98491171,0
72107282,0
123749620,0
39686047,0
97122790,0
195340421,0
137621319,0
32523290,0
114898510,0
118413974,0
155612748,0
61217674,0
88161920,0
32086797,0
151178770,0
32883146,0
102057286,0
107324072,0
69270540,0
112664495,0
112918707,0
73679421,0
38301470,0
111930305,0
161027578,0
154996352,0
163559556,0
125469349,0
210444498,0
86533583,0
129340958,0
142876162,0
133845998,0
136657345,0
92436653,0
87505828,0
156618007,0
108156603,0
105058455,0
103910304,0
161319571,0
67047156,0
35050442,0
75056418,0
127610372,0
55885334,0
145153495,0
76581252,0
101914799,0
44341184,0
112212694,0
130953059,0
107181101,0
91414764,0
41929368,0
100077138,0
75252971,0
115720105,0
68813114,0
60520860,0
140588497,0
35244646,0
89218333,0
108058134,0
181277529,0
77702726,0
78066164,0
92685771,0
127966359,0
40998112,0
62662939,0
125842716,0
58693473,0
208050221,0
43946765,0
42371319,0
79580546,0
115436719,0
64940143,0
144582015,0
75046243,0
78927119,0
75463322,0
115932884,0
201430382,0
124615125,0
104981541,0
115583667,0
130861400,0
77393600,0
45238854,0
185006275,0
77891936,0
82851984,0
78189021,0
44948451,0
205803001,0
96502890,0
165778944,0
161040754,0
92167262,0
58958976,0
67050718,0
36511765,0
32840687,0
118572174,0
109619347,0
56173694,0
165416374,0
113709479,0
130699400,0
142611361,0
81197039,0
167248725,0
44509105,0
77948646,0
109433207,0
57061357,0
131217742,0
93754186,0
112830018,0
99606367,0
134458930,0
56052525,0
155519530,0
143746948,0
146755183,0
113981959,0
77783794,0
65895718,0
178273843,0
67461936,0
155909695,0
76082383,0
38999359,0
61338873,0
92140673,0
38352140,0
83946819,0
90647669,0
40029016,0
161524967,0
84215431,0
61913718,0
59157177,0
75264785,0
34714629,0
56122797,0
131361897,0
119573948,0
92436021,0
60081613,0
105932261,0
193007977,0
95832399,0
130938511,0
98944502,0
61812387,0
196027405,0
34178137,0
87181069,0
107146370,0
59954236,0
88452777,0
89240135,0
145445151,0
59479617,0
92386160,0
104212798,0
33348073,0
85712038,0
118539160,0
63195503,0
87687903,0
173391458,0
208210829,0
135051688,0
72427077,0
43845977,0
65101403,0
159322288,0
112316769,0
192351293,0
140718272,0
33307282,0
135117568,0
118009912,0
108554604,0
99632019,0
58586812,0
205424561,0
175423008,0
168238735,0
80060061,0
77825286,0
167003081,0
104869442,0
163905900,0
74178270,0
84104141,0
64045197,0
67024357,0
77208880,0
55883074,0
133696493,0
95378525,0
104791857,0
78439600,0
130537262,0
125210726,0
177450432,0
79363553,0
31414223,0
122214304,0
38714621,0
132198317,0
132608577,0
130027823,0
75410076,0
213981873,0
94459181,0
84916311,0
131632542,0
115884246,0
95600690,0
133784856,0
99317879,0
42141486,0
83386917,0
210542790,0
145521295,0
82655293,0
126723845,0
112786937,0
91325533,0
35984610,0
120367445,0
119770946,0
155442073,0
68078736,0
98523455,0
75285373,0
122042820,0
74509218,0
88030773,0
42133373,0
109374295,0
199233724,0
132716214,0
175811949,0
111416059,0
125512617,0
45198102,0
35271590,0
198587038,0
65299880,0
81536465,0
38393494,0
76183527,0
91707615,0
177891100,0
61581724,0
178794484,0
32823386,0
68557846,0
132625246,0
121445048,0
61606832,0
174501147,0
135828624,0
80942828,0
164558863,0
106762156,0
40219312,0
177729732,0
74180333,0
78906067,0
132283886,0
113547331,0
125451140,0
161655137,0
77235232,0
143811238,0
83305443,0
40843317,0
31779083,0
37714613,0
115336641,0
93766829,0
161287623,0
58277627,0
34557455,0
77698640,0
115775365,0
142562753,0
73860449,0
113386121,0
151820165,0
105111060,0
37267777,0
84574881,0
105638551,0
195454425,0
73194359,0
45339514,0
174290619,0
178938768,0
37097773,0
149295906,0
122841222,0
193781932,0
80015026,0
128539536,0
77380108,0
156356946,0
178610416,0
148508686,0
98547882,0
185767715,0
161505928,0
127294456,0
104955643,0
151578104,0
165642753,0
33609361,0
102374495,0
45011212,0
78961011,0
85065351,0
78841816,0
44942855,0
124497331,0
157193148,0
77950828,0
125109178,0
39765774,0
82844760,0
31370432,0
164413247,0
151868675,0
86643116,0
77003188,0
36450613,0
185797709,0
75068686,0
148864920,0
137834858,0
147302729,0
191979979,0
127849424,0
157316814,0
137366772,0
32038288,0
44135304,0
82527008,0
133503759,0
37873622,0
59153121,0
107284367,0
141689984,0
67346649,0
63602970,0
90032486,0
143288376,0
66033745,0
123687580,0
129530622,0
193508889,0
155544253,0
166245618,0
85889908,0
111169714,0
66652362,0
83952356,0
131682877,0
42620112,0
58412367,0
100198692,0
66629237,0
129703804,0
36570578,0
148739151,0
81948807,0
66849931,0
74453899,0
92316421,0
149824492,0
83545294,0
128827709,0
75893657,0
196294131,0
56899574,0
111943659,0
38210265,0
32424506,0
102720484,0
147171039,0
91602128,0
121643476,0
86875841,0
112914492,0
119806042,0
72132607,0
89177107,0
74237113,0
112796570,0
138674336,0
32605603,0
151066848,0
117541442,0
36215736,0
83203283,0
35599389,0
199056781,0
118598397,0
96309742,0
99196572,0
211576937,0
212333452,0
132012245,0
140089549,0
122959144,0
43600835,0
135566398,0
159742062,0
166983598,0
140817274,0
35437488,0
114105901,0
148271016,0
156826315,0
64935939,0
95477241,0
161382104,0
124721480,0
31658407,0
32163257,0
60539168,0
64382935,0
43952558,0
147275469,0
86126058,0
89266506,0
84548510,0
104934384,0
90903538,0
175354394,0
72494545,0
163951004,0
72712407,0
94450121,0
154870307,0
80250465,0
129196378,0
72226388,0
144072921,0
103238727,0
36211729,0
157855399,0
74496397,0
66353589,0
152886793,0
163007075,0
96034123,0
67511293,0
144890045,0
72771210,0
181258974,0
72652173,0
119656567,0
109359086,0
104129469,0
75922515,0
121377451,0
175213229,0
194183812,0
119276903,0
164279001,0
76583355,0
166016989,0
162458898,0
165326324,0
63286590,0
39603853,0
56637901,0
92911025,0
38296713,0
113367586,0
165462130,0
164519040,0
73506466,0
120579503,0
99787869,0
65054216,0
103680165,0
89362923,0
149918204,0
154412614,0
118078121,0
58215627,0
76410321,0
85109903,0
34156295,0
175618258,0
106486794,0
67221838,0
114598730,0
37323589,0
125356559,0
177067086,0
41858386,0
144521761,0
145372412,0
34082036,0
101988841,0
144975812,0
83212570,0
213039632,0
76093102,0
35204901,0
76303117,0
120436443,0
93349265,0
112799057,0
156232885,0
180387399,0
41326484,0
32414547,0
128682774,0
79465624,0
125014469,0
167220854,0
98673443,0
175910704,0
179501651,0
104178008,0
63927532,0
151570198,0
109467326,0
166456394,0
74637217,0
126059344,0
95467480,0
74477655,0
119117617,0
111127748,0
127454393,0
122438552,0
127619462,0
60871734,0
80464547,0
79665207,0
63631443,0
163707531,0
63805701,0
91699087,0
31705337,0
31757468,0
131680005,0
55859604,0
62806966,0
76030440,0
92880637,0
57752189,0
52839022,0
57623806,0
149188820,0
96683682,0
87799982,0
49216581,0
91834982,0
144691735,0
173784476,0
71831407,0
65467664,0
129401370,0
113769526,0
135824084,0
84503781,0
151275738,0
62643792,0
35128224,0
131306174,0
147787001,0
114621115,0
126334074,0
37256150,0
122910921,0
59598417,0
171472255,0
77461433,0
116232012,0
32248116,0
145056447,0
153915137,0
143201869,0
76641921,0
103305120,0
82742935,0
136454090,0
37912716,0
83163577,0
165551834,0
102467872,0
140614543,0
75119041,0
120414306,0
127086869,0
127386796,0
95488068,0
131057331,0
127541818,0
159756798,0
96252192,0
117193765,0
87916660,0
35398691,0
38968043,0
102975761,0
83744483,0
60651938,0
59855086,0
37830660,0
148735105,0
95457748,0
38360174,0
176079208,0
33110759,0
136600308,0
40330621,0
161852983,0
129451774,0
117985732,0
32442300,0
121048368,0
143358954,0
110151181,0
76206977,0
177507399,0
185564135,0
56481675,0
97106752,0
65689059,0
78426385,0
84801330,0
143138151,0
36515466,0
87845333,0
116613916,0
163627123,0
56460436,0
31784768,0
115701126,0
35325587,0
199182283,0
75514644,0
76773601,0
161287633,0
144239490,0
158694414,0
74267008,0
113882463,0
65077785,0
126788540,0
57179446,0
137102326,0
106187143,0
128245609,0
132196590,0
145092935,0
124371158,0
208375474,0
194806200,0
92161113,0
149715591,0
96032752,0
165322672,0
41495915,0
149089305,0
59645328,0
69300041,0
193899765,0
45519575,0
127050983,0
38120264,0
62454375,0
126298830,0
101371112,0
154404640,0
113150830,0
83224285,0
95460936,0
98262216,0
90054950,0
123294611,0
61552856,0
104291005,0
105984342,0
126015474,0
185534309,0
74873455,0
156213965,0
155350395,0
84834472,0
63892672,0
68838163,0
178806476,0
142708221,0
109894689,0
80990212,0
77562459,0
115822759,0
160577820,0
62867803,0
60129817,0
86848532,0
77780745,0
94440755,0
102539426,0
74585796,0
140317892,0
84893581,0
37226621,0
73795043,0
166172702,0
62583341,0
138777711,0
66612932,0
156061500,0
37740945,0
71148973,0
35424085,0
123594716,0
131847709,0
65676445,0
107634659,0
148103046,0
58029900,0
166207235,0
43471109,0
139879060,0
191838676,0
38440444,0
81276144,0
107059517,0
76248133,0
40026134,0
86494500,0
31957545,0
135996812,0
96560726,0
137171808,0
139870779,0
106438630,0
89724278,0
59619479,0
121581840,0
136093761,0
77236594,0
103000001,0
194662093,0
113702343,0
57767191,0
178922986,0
109764628,0
35390598,0
140052933,0
58410916,0
153978895,0
41586064,0
110050047,0
194851550,0
159328151,0
67134077,0
95204179,0
84672946,0
123897644,0
74584079,0
173545316,0
59868746,0
76186577,0
77750031,0
136085806,0
80830640,0
146469142,0
71819820,0
33449592,0
193789305,0
175818384,0
72261850,0
139291483,0
126692568,0
36310909,0
113727224,0
43535903,0
64317874,0
43500185,0
185589243,0
155535084,0
44667197,0
127545529,0
65851719,0
62974286,0
67409863,0
95885616,0
135148243,0
115625307,0
84191615,0
84900569,0
108005637,0
97562382,0
64031824,0
102696985,0
111865620,0
175206469,0
134768638,0
34276162,0
163694572,0
144704447,0
35988568,0
110135419,0
56567699,0
62597306,0
134566183,0
55720462,0
76754918,0
83139802,0
115884838,0
109109375,0
68129920,0
35292297,0
173008597,0
102791526,0
71890555,0
115995970,0
78899533,0
126998328,0
118238216,0
34754581,0
84336156,0
136561738,0
34857620,0
129013484,0
129298686,0
118425442,0
176854771,0
62180908,0
109686451,0
66704483,0
91291956,0
113889570,0
160681570,0
99881009,0
193586889,0
42906114,0
49694358,0
165692772,0
87913729,0
81862043,0
111631681,0
194236190,0
161790282,0
58111295,0
73320286,0
65577236,0
83075768,0
117310147,0
173671498,0
106805602,0
67254585,0
156666565,0
115022541,0
76764343,0
129344906,0
31481337,0
127493506,0
124696579,0
34372015,0
138968648,0
118573950,0
126662436,0
131938746,0
146087080,0
109927841,0
149449595,0
104126616,0
109466803,0
122992069,0
40230306,0
83871939,0
82724893,0
63804803,0
59562423,0
39023935,0
63674268,0
72456172,0
40118474,0
92653616,0
145176254,0
194561335,0
131218640,0
81370517,0
175043709,0
62987748,0
102576358,0
124670187,0
59577464,0
109150650,0
76462718,0
173657079,0
39853761,0
117151118,0
115535523,0
42743226,0
86677008,0
95289639,0
108856299,0
89731542,0
124446296,0
64066357,0
115822729,0
101725618,0
86018133,0
106443269,0
39160678,0
125499205,0
146072611,0
96269810,0
95166980,0
56342632,0
159748981,0
107349763,0
72333888,0
67018129,0
102913277,0
176561427,0
101937726,0
100579234,0
129459186,0
194104165,0
106880127,0
106201691,0
58388858,0
64870029,0
193944139,0
104034415,0
38094346,0
135914410,0
144950872,0
83047442,0
141881662,0
142575692,0
205795658,0
146884564,0
109446353,0
161654565,0
84440566,0
68057339,0
178265029,0
42578413,0
72256589,0
90715117,0
78262510,0
154377844,0
70305211,0
92937802,0
58954475,0
109390323,0
113006497,0
174154704,0
114585752,0
83804134,0
126332189,0
118463884,0
124475026,0
164857182,0
129332835,0
40244884,0
101810990,0
67651264,0
117711850,0
111615879,0
179071514,0
205726453,0
130231571,0
67282733,0
117558832,0
190800354,0
59987704,0
84730328,0
98653556,0
69376589,0
148133118,0
88383275,0
45645353,0
35554344,0
144723723,0
130328412,0
117558595,0
151203651,0
88229547,0
41431763,0
143212874,0
86572065,0
125122995,0
127692389,0
128978536,0
100124058,0
33586336,0
143054881,0
178267635,0
69748910,0
121310041,0
212416958,0
76890388,0
39454161,0
134858412,0
193372225,0
102964747,0
93221257,0
72371363,0
152988815,0
120195072,0
176029643,0
56962631,0
56586619,0
145093330,0
87909979,0
79565978,0
138579825,0
94154349,0
147244647,0
141644150,0
57615189,0
31116803,0
82826373,0
135803624,0
125493776,0
194388212,0
32627286,0
57079477,0
113879197,0
31254760,0
40522229,0
89809581,0
123339242,0
96229285,0
137963419,0
144926296,0
74033562,0
40043692,0
41834640,0
71286180,0
150807998,0
81539050,0
192379984,0
33997750,0
72994875,0
74020357,0
93131068,0
40315639,0
82958684,0
207141181,0
128716508,0
64509957,0
95968994,0
66758440,0
174511461,0
44901955,0
66203068,0
78011851,0
86994790,0
145190861,0
119014825,0
150941583,0
153791757,0
81183330,0
91980825,0
193363175,0
105589963,0
194210697,0
212595016,0
95311234,0
91639692,0
74523223,0
66758489,0
85065736,0
78626293,0
76091957,0
35537122,0
115566159,0
165704764,0
59381622,0
67343935,0
43794181,0
161447609,0
122267334,0
94484576,0
110320148,0
38599315,0
100166882,0
106855473,0
157280050,0
34221257,0
96101681,0
66379437,0
35495601,0
129245519,0
160913831,0
93523286,0
132203015,0
106497216,0
136075877,0
185137935,0
106176208,0
98721291,0
80363739,0
137551264,0
166334228,0
150378878,0
192505447,0
131578900,0
117927363,0
34588298,0
142648737,0
133574130,0
198866061,0
93776343,0
90939493,0
41215767,0
165414874,0
72226832,0
161748948,0
65235501,0
77290916,0
41128756,0
74764199,0
43661385,0
180638156,0
153006867,0
145964125,0
106744638,0
87226124,0
134191375,0
77505146,0
135615815,0
81271110,0
130506499,0
115160755,0
62902238,0
116401670,0
118135582,0
115986416,0
102959783,0
93399413,0
37809046,0
32539595,0
162069325,0
88648482,0
122737166,0
212786279,0
76000841,0
41054783,0
152974662,0
103186724,0
88075610,0
126327373,0
32853429,0
108671579,0
194206967,0
125201853,0
73906540,0
97992924,0
44388755,0
31458311,0
176502535,0
158363298,0
91165250,0
154485511,0
121559111,0
146233358,0
83887681,0
57814023,0
119761402,0
35114762,0
63535689,0
45346295,0
161591212,0
150916662,0
35214978,0
142051952,0
164112481,0
44946082,0
84008939,0
60062940,0
83937591,0
41247695,0
122127945,0
107449801,0
58633437,0
78212994,0
161355614,0
72399146,0
132859876,0
131789587,0
44003071,0
56592847,0
115048153,0
112824294,0
78859670,0
118984822,0
145029986,0
44592385,0
66546155,0
61835482,0
44459876,0
39840733,0
132052819,0
76307450,0
76012506,0
149011207,0
139851504,0
58236126,0
134109980,0
37207701,0
40350429,0
144938910,0
184729146,0
139254610,0
115256855,0
58148247,0
90316060,0
134905095,0
142084275,0
104011409,0
111455182,0
106266366,0
125823007,0
177846361,0
143712177,0
160334189,0
123378306,0
109079944,0
206132547,0
31171934,0
34340255,0
114763069,0
108152596,0
88126389,0
137033436,0
154847282,0
192368279,0
59835495,0
142689124,0
117121263,0
179233918,0
205891857,0
97996457,0
96659748,0
89208779,0
80474150,0
125020568,0
72213962,0
34194451,0
87379862,0
87233605,0
66738276,0
44699668,0
157106700,0
57116922,0
84721860,0
122161966,0
58596475,0
61791276,0
60079116,0
127937283,0
61132953,0
111743404,0
42003627,0
37332442,0
82448426,0
41536104,0
212423729,0
143817200,0
42082416,0
142302502,0
139053586,0
194564207,0
61268897,0
90541748,0
41111573,0
102536416,0
164292631,0
40490528,0
127188871,0
74009332,0
61985272,0
43727028,0
188094069,0
75831814,0
116422031,0
34332823,0
149662384,0
75964086,0
196568319,0
175698913,0
80411507,0
125575339,0
157064281,0
127970001,0
166078486,0
175402015,0
120636204,0
135261269,0
162000257,0
156715361,0
141110036,0
165621553,0
134761384,0
80551301,0
140974428,0
89969656,0
81479586,0
127799513,0
56549943,0
109175304,0
113937862,0
83805842,0
177691714,0
31621031,0
66252169,0
31409683,0
156211567,0
67016797,0
144919832,0
79499694,0
99987028,0
38667445,0
159911829,0
72712062,0
158777634,0
32854850,0
129406966,0
143640504,0
113237505,0
71664334,0
33254687,0
61153127,0
32080777,0
207117248,0
86001276,0
137596072,0
121339364,0
44022050,0
117451776,0
102868321,0
180431486,0
131537951,0
74251809,0
40479731,0
82000158,0
41023507,0
94663956,0
159366869,0
61147501,0
86158440,0
110511165,0
74007881,0
131790238,0
109631359,0
84306083,0
77996534,0
40800493,0
124487393,0
39883666,0
183893586,0
147961496,0
82383958,0
94335219,0
129870620,0
87853416,0
92005499,0
180342729,0
44597369,0
118189865,0
63107111,0
194544231,0
66625832,0
78665140,0
57108948,0
151995578,0
153800906,0
143255639,0
105293598,0
127120040,0
91513351,0
181082199,0
191722432,0
88429959,0
141736352,0
131986910,0
62606140,0
63316297,0
101569294,0
134294502,0
90713548,0
128207444,0
109343067,0
103665045,0
129150080,0
40789952,0
204130439,0
111516788,0
88797305,0
43279945,0
110684593,0
204381028,0
65713792,0
78141212,0
98366637,0
203582557,0
151496985,0
63908464,0
180092683,0
156491646,0
131463910,0
91221774,0
156848117,0
180420689,0
113372096,0
104222628,0
36702969,0
71798225,0
100749949,0
35296758,0
177124271,0
71501791,0
123820849,0
94071158,0
79414144,0
111669432,0
165909844,0
89468725,0
101843126,0
39417159,0
97797437,0
193467161,0
93517858,0
103619437,0
113223381,0
185443873,0
92905064,0
98804817,0
113033016,0
119753052,0
134277961,0
164449567,0
110724259,0
127749149,0
80482993,0
137776726,0
139383951,0
41951615,0
96416669,0
62368213,0
65828250,0
62367552,0
153729677,0
86897337,0
158525801,0
39415166,0
90101583,0
31821275,0
96240842,0
164558686,0
116088705,0
108342951,0
78979536,0
120569535,0
88417197,0
74863497,0
192808236,0
62192840,0
140676524,0
119536809,0
75772705,0
79754142,0
101422256,0
64042957,0
63226750,0
106229760,0
205037080,0
93554711,0
109562617,0
210518481,0
78797590,0
121657955,0
85824265,0
142078916,0
59690274,0
120299917,0
144234496,0
133699217,0
41791707,0
51784760,0
71928514,0
179526789,0
123582833,0
148810716,0
139886719,0
134838821,0
147267751,0
181225141,0
102418405,0
97887990,0
76741100,0
113470447,0
179144105,0
128732319,0
123558396,0
76648089,0
113389279,0
88555855,0
120317110,0
77100314,0
82236002,0
34071890,0
84449656,0
88468342,0
62995821,0
151208803,0
93773392,0
60795521,0
31657766,0
126762672,0
103127753,0
128554607,0
57764892,0
135881633,0
153961277,0
75008659,0
159623213,0
76175730,0
63977728,0
122592508,0
148588423,0
112190991,0
208362663,0
63132821,0
63805257,0
76718983,0
65483810,0
161618402,0
37224282,0
164297753,0
40334993,0
73245997,0
67580193,0
32496258,0
100073654,0
83785925,0
73228637,0
43070285,0
94030002,0
126249018,0
82464257,0
75483890,0
64141366,0
137235476,0
81681883,0
129703478,0
33230536,0
35367493,0
103203809,0
88942744,0
72195684,0
139189540,0
76296988,0
85722618,0
119478568,0
89367433,0
104945606,0
114743843,0
43769280,0
82282617,0
74622471,0
40225204,0
178408770,0
154333825,0
120835925,0
61770243,0
55801877,0
134764670,0
89043463,0
118521562,0
76438735,0
203828202,0
124705244,0
114174653,0
44033677,0
102996596,0
59098808,0
173809308,0
114664353,0
87961705,0
44690055,0
151447973,0
33400955,0
75948157,0
137963340,0
62840365,0
74634433,0
154824532,0
38829247,0
39737260,0
177654733,0
195915523,0
166753538,0
64540503,0
105971374,0
116089791,0
77594189,0
161407815,0
147444417,0
57053639,0
128347740,0
34187543,0
102364359,0
38115398,0
113327624,0
82470169,0
57871760,0
56053098,0
121676480,0
75388392,0
175056796,0
113798947,0
85346606,0
85280381,0
35608262,0
64915795,0
64328178,0
196631701,0
98791740,0
95426501,0
99704215,0
145743934,0
60375116,0
108355841,0
192592181,0
154358016,0
108292339,0
85288829,0
142491978,0
36553287,0
144484138,0
135415433,0
81469568,0
95861879,0
123444373,0
121906698,0
124452365,0
141173991,0
106023061,0
87137386,0
94951379,0
121520106,0
57076704,0
121953539,0
96042552,0
60710633,0
96571296,0
78391209,0
136175935,0
87399296,0
166327309,0
195594258,0
74560619,0
164416119,0
93246177,0
128182256,0
122818137,0
34014538,0
104077851,0
67117516,0
138107574,0
144787135,0
43048967,0
78781592,0
106765847,0
85107021,0
141043308,0
35171463,0
64344197,0
156027469,0
194112307,0
111654469,0
32937873,0
92796508,0
148602596,0
101569343,0
78961633,0
60684686,0
113329016,0
39921881,0
62493508,0
104045251,0
92325866,0
89602379,0
100563541,0
38323143,0
39222176,0
96051099,0
123974923,0
38894603,0
65465167,0
116105987,0
112970404,0
138664447,0
115468973,0
120552944,0
72655065,0
76928791,0
204132176,0
74624584,0
127662030,0
62820448,0
149946332,0
99101142,0
199761876,0
134625104,0
111042534,0
198587620,0
122294061,0
100590900,0
162703111,0
65100406,0
98945430,0
79907575,0
86890843,0
142612397,0
74696237,0
194084860,0
170827069,0
58996904,0
123197929,0
58689150,0
32352971,0
145840350,0
115321699,0
180253528,0
155958017,0
106160308,0
88863748,0
60394203,0
135357972,0
82022997,0
36162697,0
72596577,0
67061792,0
73282979,0
138578621,0
56343205,0
97509985,0
56455264,0
92758175,0
184719968,0
97768164,0
65714266,0
136201181,0
60835029,0
152436177,0
76335914,0
91669192,0
35248673,0
33056210,0
147402264,0
115890543,0
94365706,0
117923514,0
150366126,0
75941978,0
72318452,0
134236331,0
34306511,0
80468514,0
67268225,0
141596894,0
72414019,0
120294953,0
194406856,0
153422298,0
82889499,0
109522487,0
36671455,0
64617121,0
92088838,0
40034908,0
97169809,0
165926958,0
113592435,0
80765668,0
205890249,0
64535519,0
148317956,0
31845268,0
78919391,0
194429388,0
93205475,0
101991653,0
116372407,0
77182222,0
145797911,0
134467388,0
104602993,0
66024290,0
77955308,0
91529419,0
100065709,0
153422575,0
124702816,0
82135342,0
145037566,0
123531778,0
119835246,0
112264293,0
105981885,0
205666564,0
131748529,0
76101136,0
56785274,0
80000892,0
61566712,0
178382675,0
152151814,0
81666023,0
115962907,0
39103020,0
78586963,0
115353271,0
72658529,0
39372361,0
118861175,0
36561242,0
194155368,0
192518494,0
125658944,0
149328426,0
118638359,0
32525926,0
45345564,0
32829534,0
36632530,0
142110104,0
113128584,0
82228403,0
155883245,0
97894830,0
164688293,0
100559959,0
32199488,0
83268126,0
61667955,0
176258568,0
66801116,0
38446138,0
111263475,0
131562428,0
151432685,0
153233098,0
118099400,0
33021903,0
200529593,0
79669994,0
57053283,0
93602510,0
61593627,0
62257989,0
95755356,0
99126754,0
114597684,0
61915593,0
34671637,0
31938408,0
39840694,0
194083448,0
209309257,0
66946189,0
123375828,0
97429537,0
131749714,0
63560856,0
148783051,0
111057526,0
139052925,0
34929678,0
62881521,0
82852784,0
193939421,0
120206807,0
55803377,0
64909439,0
32735931,0
43308231,0
106650699,0
118368396,0
128224212,0
145994434,0
102323371,0
119327830,0
110266171,0
75436655,0
55785276,0
64111511,0
108613279,0
42991940,0
97981939,0
35224621,0
125582159,0
145128021,0
88773717,0
115029657,0
136747652,0
142395394,0
76708284,0
200889379,0
97675794,0
129913405,0
115060154,0
177728537,0
44505365,0
63114227,0
37849264,0
135314644,0
165511033,0
87156928,0
43467379,0
100503751,0
138711012,0
99819146,0
144642397,0
67662298,0
100256774,0
95371853,0
98792520,0
85816093,0
123641498,0
36166250,0
126172657,0
193966879,0
101669115,0
121118620,0
64376993,0
87056564,0
115117437,0
76351547,0
97283270,0
80670140,0
153053363,0
61549243,0
135858844,0
38778478,0
93688661,0
84212420,0
154523884,0
77251537,0
95550700,0
71875780,0
203640156,0
61167299,0
101959745,0
122351038,0
105245800,0
145563192,0
178437787,0
126592342,0
74714259,0
151085245,0
115530954,0
63072942,0
74968707,0
111665435,0
90765679,0
145490552,0
92772239,0
123663577,0
57606287,0
149388038,0
32770573,0
130776590,0
198873977,0
194050820,0
112026593,0
175502813,0
105780920,0
178603517,0
61125650,0
45858547,0
180978262,0
134674383,0
121454059,0
113235580,0
74487929,0
136802763,0
89011890,0
169202956,0
41497662,0
102336754,0
153164721,0
63831046,0
82558354,0
126372744,0
121462270,0
98753367,0
138667576,0
153223919,0
196068621,0
89174453,0
116308304,0
75225277,0
144152500,0
106536557,0
207264285,0
193890596,0
114621342,0
33628400,0
150349594,0
34095953,0
33508909,0
93940247,0
73311472,0
92386308,0
192245491,0
32861670,0
113980784,0
130572675,0
62405816,0
185788786,0
60272116,0
161251362,0
131368925,0
82302208,0
113731251,0
174053166,0
91769369,0
133617882,0
45280958,0
93234502,0
126911703,0
108180132,0
36911158,0
58878479,0
149187745,0
105860795,0
163136259,0
145233596,0
105736497,0
89579541,0
72988124,0
102768697,0
91337712,0
75890242,0
91384375,0
101511971,0
91989905,0
104216331,0
41214730,0
63614310,0
67015356,0
89751923,0
139423647,0
144596523,0
147338191,0
185378744,0
35499361,0
60810326,0
116826468,0
213832289,0
83276101,0
85861809,0
129113947,0
125244480,0
34949249,0
41058376,0
64866496,0
71753526,0
37543770,0
91414359,0
89565210,0
85170936,0
112968874,0
165769193,0
125235805,0
63802425,0
141285172,0
144724769,0
134058293,0
103729375,0
110130099,0
42746078,0
159930522,0
57655586,0
208327685,0
159117168,0
44764383,0
107095245,0
38706696,0
122905838,0
102742039,0
204200582,0
40996247,0
146009999,0
114711372,0
97277328,0
64871214,0
155490089,0
73918413,0
125251221,0
99003680,0
77345416,0
75579606,0
122657588,0
102402910,0
102059211,0
207288791,0
162748146,0
72012810,0
103852636,0
98893802,0
161281553,0
116027237,0
140351281,0
59208805,0
73786022,0
178338133,0
163925600,0
73236601,0
125443836,0
74594205,0
194544162,0
121805426,0
194770511,0
75834281,0
79228497,0
108023965,0
76824953,0
114822879,0
122716332,0
99715555,0
82854392,0
147953215,0
66354329,0
75237249,0
137561706,0
131980820,0
98262512,0
71343118,0
113951186,0
91247721,0
80151947,0
185057251,0
58155590,0
113044988,0
66672801,0
34258841,0
149052156,0
89361482,0
131876657,0
71690331,0
121896750,0
62983869,0
121576165,0
175063853,0
75401548,0
80012025,0
145924518,0
98811677,0
128107228,0
81678903,0
97383140,0
87409402,0
91641350,0
85935298,0
38614741,0
74022251,0
157361553,0
148656740,0
144712679,0
34123311,0
113245706,0
107776771,0
164829991,0
128577791,0
80690432,0
96286716,0
78228696,0
151277140,0
133603926,0
65212495,0
156421622,0
37820593,0
45575595,0
154509712,0
153498916,0
64893726,0
61987858,0
127380549,0
156720690,0
35633134,0
31519492,0
74622096,0
57162589,0
161912418,0
156744141,0
116172103,0
87433879,0
134345489,0
95713855,0
116423393,0
175735657,0
91899569,0
178055320,0
144269109,0
95671682,0
146024843,0
77343610,0
71088936,0
106950735,0
39726295,0
104198517,0
93007876,0
111773803,0
126164791,0
112962567,0
122829388,0
35237609,0
195102633,0
138585569,0
34136191,0
41899079,0
57044973,0
71227525,0
84799405,0
61491812,0
121382543,0
126119815,0
185283344,0
75007978,0
106820811,0
31912796,0
80118489,0
34405157,0
212462359,0
113018449,0
94521024,0
104096415,0
116075588,0
71954135,0
149692091,0
85437011,0
34162316,0
32622697,0
33488390,0
144154937,0
131402284,0
167045708,0
76546570,0
179868968,0
119787754,0
82486365,0
144512385,0
71298399,0
108399000,0
144591381,0
195198674,0
133916358,0
77143731,0
112161076,0
157244954,0
136551276,0
58600581,0
150900990,0
96721433,0
125679266,0
87954303,0
81572410,0
91726229,0
141690073,0
80014966,0
164501343,0
154324587,0
99835263,0
118017926,0
192769153,0
142078738,0
114827123,0
61110085,0
144813388,0
125360014,0
60630808,0
173652628,0
99316685,0
125268897,0
114765319,0
117749601,0
73710678,0
147280858,0
144700815,0
98235252,0
140003565,0
32992136,0
69432501,0
101795682,0
92548979,0
118330299,0
39270211,0
154057772,0
122194802,0
111782291,0
56319725,0
81790943,0
125622032,0
109287334,0
85933334,0
86618699,0
32569411,0
93641623,0
140408367,0
159770753,0
66687448,0
112428434,0
108916552,0
37340072,0
68582915,0
42861987,0
74047646,0
113578667,0
79368468,0
95606454,0
191684128,0
148219142,0
106734482,0
43035376,0
110791659,0
92111518,0
60090703,0
150993142,0
80826347,0
128118607,0
194528587,0
141805093,0
35443302,0
134750912,0
132844055,0
115781750,0
145204669,0
126056373,0
102205449,0
177872614,0
75908777,0
122867909,0
183531825,0
107181377,0
120890435,0
160320806,0
140790557,0
79765078,0
59290723,0
44498111,0
194251498,0
113491558,0
43214233,0
106709275,0
136584734,0
208060594,0
31279868,0
92663733,0
71509914,0
136689145,0
43451686,0
41152917,0
139393110,0
100437220,0
102512206,0
98866927,0
154935467,0
184720964,0
76665933,0
154136502,0
159886218,0
129163404,0
61565380,0
68672887,0
79856362,0
194290078,0
152834544,0
151586907,0
38708167,0
74548765,0
91163276,0
204131603,0
81518078,0
132402262,0
59045828,0
118293871,0
126871672,0
41825313,0
64133421,0
147545709,0
97436811,0
129020739,0
31158709,0
91859182,0
40786044,0
43998965,0
35548117,0
173707049,0
128398736,0
108427237,0
66631428,0
173557643,0
129123777,0
35697079,0
40977110,0
83397931,0
82150492,0
134065231,0
44166137,0
63023427,0
61961437,0
199761678,0
82511483,0
81467664,0
88541880,0
133376007,0
40839636,0
43295963,0
85068056,0
81938000,0
103485122,0
140377810,0
61788996,0
100474735,0
182365228,0
173983338,0
166165181,0
79438848,0
107091752,0
63114977,0
36508508,0
141939734,0
113811629,0
88976320,0
123456236,0
106079209,0
74867238,0
123590956,0
116796810,0
152818032,0
89810420,0
93640498,0
75269987,0
61226359,0
119448989,0
152853592,0
60688880,0
135951530,0
37768600,0
62817635,0
173678003,0
63622748,0
40470197,0
94999532,0
71819780,0
73884640,0
185433165,0
59849806,0
78463583,0
107005945,0
153309094,0
38675024,0
58244920,0
35784356,0
38343712,0
71311269,0
75196646,0
75072812,0
78753651,0
43750389,0
112217915,0
77498810,0
176403810,0
103061400,0
138932081,0
194931139,0
61389514,0
212667508,0
77079006,0
146615440,0
127215361,0
70710318,0
83343569,0
185585394,0
139197080,0
116388524,0
194260628,0
44150197,0
163689460,0
180378181,0
116214236,0
66027744,0
60643569,0
157396373,0
78187945,0
39954076,0
90202145,0
43233439,0
157312462,0
86218003,0
44674619,0
104836202,0
146510013,0
138542133,0
105500199,0
38585359,0
115508165,0
141161190,0
68475791,0
146232154,0
117294435,0
38118616,0
116709621,0
74398392,0
34789421,0
192876801,0
126728108,0
121981441,0
79544986,0
193868331,0
76990653,0
116080789,0
32599780,0
42530536,0
107499514,0
82372588,0
93047779,0
154803214,0
113136805,0
162012604,0
105571438,0
135595849,0
65947267,0
38965684,0
176813072,0
79250408,0
81014442,0
105915867,0
94067013,0
140374336,0
77845667,0
82807689,0
212707569,0
42229000,0
64575244,0
39970765,0
75732387,0
37627682,0
60013276,0
101904465,0
32979671,0
122223266,0
95608684,0
133189452,0
156523022,0
111117218,0
31967612,0
45860787,0
81428383,0
145055973,0
33972908,0
161349041,0
162161744,0
129049656,0
92664118,0
119820373,0
164240164,0
176124144,0
77453923,0
81285727,0
72441605,0
103362403,0
36687770,0
178672881,0
109698215,0
152049002,0
84964139,0
97390898,0
39329527,0
185774288,0
144106912,0
114584123,0
125401486,0
135616220,0
123817375,0
104963954,0
179208633,0
34637932,0
87737537,0
135026541,0
62474706,0
80791428,0
160672095,0
70465996,0
135590500,0
135768034,0
131258385,0
78262974,0
72437617,0
142174039,0
112929060,0
121232713,0
78058505,0
132876556,0
130364998,0
33474533,0
37446130,0
42101948,0
88499895,0
109536679,0
88509567,0
112016467,0
163647761,0
65419490,0
125707799,0
78971137,0
194522093,0
149179888,0
159498007,0
177491243,0
34547823,0
126109679,0
83584309,0
87688347,0
112728253,0
152965790,0
35033160,0
180886228,0
74861494,0
44764639,0
151609726,0
155951246,0
68446942,0
81495604,0
81430080,0
127756117,0
135209276,0
125525734,0
130701858,0
104085766,0
56181393,0
102299773,0
73057093,0
67220259,0
118129255,0
118675400,0
76137110,0
139935899,0
92147602,0
81277565,0
58056973,0
78671664,0
32686356,0
87828495,0
33952981,0
135208487,0
87068289,0
126638275,0
194078060,0
59386517,0
145411368,0
42199490,0
59874352,0
91953457,0
109834801,0
42520499,0
176860081,0
90098504,0
83560622,0
153125075,0
159418922,0
106298650,0
122649120,0
92761609,0
69446664,0
57529610,0
84009077,0
176597846,0
126090532,0
63917623,0
143730752,0
107983036,0
114725249,0
31282020,0
44201618,0
120549973,0
41596575,0
112362081,0
204355949,0
31733712,0
119703862,0
33217124,0
203779160,0
124596274,0
73816845,0
91350375,0
125143297,0
60155981,0
88446471,0
125617729,0
55728536,0
124306443,0
134366412,0
81480810,0
155261489,0
119914854,0
74993865,0
67426435,0
160570734,0
85934518,0
41389649,0
32088900,0
151923421,0
103153385,0
78367976,0
91592663,0
60383959,0
119758994,0
115965641,0
44247748,0
113701879,0
64552593,0
124353758,0
194758875,0
74984321,0
41141290,0
78104675,0
87609459,0
31549950,0
163461719,0
127794322,0
147429514,0
76297551,0
105780989,0
56468786,0
175477024,0
95441888,0
96099746,0
173128058,0
143744026,0
113267153,0
56239771,0
84273543,0
184521342,0
148223800,0
63933009,0
37285759,0
178720669,0
178067331,0
89758417,0
81361911,0
81698395,0
167095776,0
115057440,0
55991669,0
49740775,0
115674685,0
58721651,0
178875306,0
107558130,0
185701105,0
42378514,0
133827394,0
75369916,0
65728251,0
62975006,0
104606240,0
178753782,0
62511243,0
151290661,0
180003511,0
191122666,0
83495472,0
76858253,0
113940023,0
130157766,0
78366101,0
129299762,0
111492647,0
100645597,0
63041488,0
100452577,0
180084668,0
196302224,0
128463659,0
57720656,0
40886368,0
41591295,0
113254441,0
89677960,0
86963158,0
141743122,0
195375488,0
112115725,0
153807262,0
207358184,0
69678718,0
80872260,0
76337207,0
149380143,0
90552664,0
121089781,0
141709704,0
103214576,0
78231124,0
34160480,0
96560943,0
115757560,0
44436347,0
183336535,0
80495922,0
122476974,0
140393049,0
61762249,0
44601485,0
37375661,0
125189881,0
55847464,0
93722386,0
89507907,0
120276408,0
84311866,0
63377538,0
83512221,0
38468246,0
43357915,0
203849747,0
154831461,0
128240260,0
76048817,0
85525847,0
62161455,0
69113249,0
39682494,0
82310597,0
66087988,0
165454244,0
163803819,0
62584950,0
91651753,0
177370310,0
165952136,0
73096946,0
85911265,0
166275543,0
133291099,0
146442810,0
159933010,0
42220996,0
41572079,0
76132235,0
145687401,0
107966139,0
75070512,0
119594003,0
126868356,0
151709083,0
42944743,0
106548499,0
73527024,0
134429282,0
87588654,0
85318073,0
76979254,0
94096217,0
156650192,0
96084666,0
146780765,0
130507831,0
137684425,0
104797799,0
66016897,0
86027677,0
159408045,0
74326610,0
91296477,0
153813095,0
89030889,0
103742975,0
141509282,0
83582345,0
104266252,0
113727037,0
96193241,0
75811334,0
66945607,0
196150696,0
127184805,0
184669248,0
42696543,0
136543578,0
107008561,0
45130417,0
31786228,0
133010240,0
96925911,0
163583125,0
123146992,0
85450187,0
116297773,0
96820593,0
146059751,0
99971967,0
78614529,0
138568534,0
65260224,0
73949137,0
85842464,0
32327162,0
88632276,0
95334398,0
121920575,0
134408861,0
84156361,0
96472531,0
132637169,0
167144473,0
80693916,0
85463975,0
127874157,0
79975804,0
36466849,0
106948711,0
84613945,0
44025396,0
83409340,0
129260521,0
126857321,0
131085312,0
132423512,0
84176130,0
44118644,0
126004795,0
43259367,0
81890853,0
82305050,0
114014331,0
60082600,0
80521386,0
162185628,0
81568580,0
83728464,0
161359513,0
113462344,0
132110004,0
155030994,0
117073800,0
75223965,0
138560372,0
86723948,0
144152065,0
156429488,0
110310062,0
152372547,0
194631715,0
149576163,0
195629137,0
115834730,0
65622883,0
74539320,0
113569005,0
84268174,0
108500006,0
94274590,0
62503792,0
120022512,0
180292098,0
196619917,0
98217556,0
180314364,0
125588840,0
41682214,0
42113762,0
95273996,0
143666629,0
181351205,0
72391250,0
190806375,0
123333557,0
121838341,0
129598633,0
148767438,0
113570614,0
33335815,0
86760446,0
38735693,0
142932469,0
179957538,0
122192512,0
112999696,0
85488067,0
72004026,0
160256624,0
184359382,0
82676641,0
138171105,0
74797736,0
162844780,0
121002801,0
77126104,0
89541523,0
33557694,0
32328385,0
196216862,0
87939795,0
130647822,0
141667551,0
89596714,0
83480530,0
180464263,0
145486071,0
37372444,0
109574431,0
209862448,0
38037744,0
160094437,0
80975516,0
58911315,0
131024702,0
147872946,0
132675029,0
108203483,0
141566900,0
106303466,0
185019737,0
76984978,0
117524663,0
136689480,0
97381976,0
93934030,0
38417122,0
78801706,0
164845595,0
85411587,0
41109816,0
75848000,0
163692391,0
80145867,0
115529256,0
81353462,0
198903901,0
116539371,0
40145398,0
86654397,0
78261868,0
147959196,0
144760013,0
83882785,0
80212122,0
115595323,0
150994494,0
116161483,0
140761531,0
67320080,0
193975357,0
55996792,0
125701739,0
55827005,0
177711473,0
86950406,0
57910300,0
72297173,0
62560957,0
102098837,0
59706815,0
203850083,0
107400137,0
69314115,0
133087094,0
93967221,0
102227675,0
74022715,0
129703597,0
80706974,0
38761561,0
78634919,0
128818856,0
116779409,0
198930016,0
154729685,0
81127162,0
107644676,0
130070558,0
85394661,0
132831738,0
128658889,0
135946862,0
60068704,0
118406720,0
94255414,0
87648977,0
196092337,0
161100959,0
71867806,0
74105413,0
36177571,0
80339874,0
141229093,0
82288696,0
44905232,0
133543297,0
40803918,0
95583428,0
61227840,0
174944223,0
73422278,0
151161083,0
149651330,0
77952989,0
37761188,0
115676728,0
195186081,0
63365033,0
141158792,0
76768202,0
54439407,0
44880548,0
167187100,0
76333693,0
82468136,0
89387054,0
140773118,0
97835810,0
92810681,0
128103013,0
195089743,0
62675168,0
174815938,0
136048509,0
60771351,0
81465068,0
121101151,0
129300147,0
75931053,0
80788714,0
90608516,0
112992136,0
59009794,0
84728324,0
77861123,0
204063898,0
148006215,0
119355830,0
206776756,0
139827008,0
138323127,0
155897694,0
141999919,0
68454077,0
164116784,0
94658705,0
144399427,0
103780105,0
110360406,0
78184313,0
112788240,0
67480165,0
178686096,0
77271059,0
104034375,0
119959021,0
114730519,0
119182875,0
39435833,0
138018649,0
76409047,0
43031872,0
198565206,0
122848801,0
71233713,0
62509645,0
143261422,0
75811275,0
66014815,0
40069175,0
80004347,0
108195124,0
67018751,0
160028794,0
87229282,0
60794791,0
128089512,0
96037894,0
177889392,0
132170248,0
74973227,0
62610818,0
154602387,0
131244133,0
174353567,0
75477446,0
31200250,0
204200750,0
160829416,0
105565447,0
122092859,0
121318480,0
114715744,0
110380965,0
60740992,0
134119800,0
95080414,0
123656569,0
141649341,0
84506722,0
162776156,0
36705683,0
71531746,0
152888846,0
143444010,0
122975270,0
95541344,0
62368489,0
180288357,0
77543183,0
41392788,0
32253475,0
40583233,0
82387590,0
58662858,0
146579712,0
33766782,0
65794555,0
43825872,0
34362343,0
121421657,0
142781937,0
100405795,0
157049605,0
34289505,0
41662948,0
37717189,0
102469352,0
75016397,0
38068705,0
81666062,0
114678111,0
115999040,0
140919030,0
122118530,0
101931005,0
81544943,0
61431203,0
109012761,0
42084598,0
107952628,0
123649384,0
83631495,0
72032628,0
92296238,0
145604772,0
194658609,0
41882014,0
75247000,0
109308307,0
142650997,0
64711741,0
105786240,0
137048349,0
134397018,0
92903732,0
66983743,0
96639939,0
194835502,0
87094986,0
106543426,0
87002143,0
90340063,0
89111830,0
99915562,0
112368427,0
117027610,0
190975303,0
132119350,0
86760940,0
149805375,0
194084386,0
108191995,0
106828292,0
85533378,0
115812287,0
122139443,0
194921950,0
78860706,0
152735808,0
185684484,0
111317008,0
151767343,0
110548186,0
126610710,0
134368949,0
44895806,0
124902725,0
43514210,0
211568173,0
147314316,0
115467690,0
39038433,0
182867058,0
94363249,0
65183626,0
193862507,0
144621474,0
111202925,0
39312206,0
111819548,0
96465484,0
141872819,0
121640209,0
108271011,0
213600433,0
98368611,0
145589711,0
68076062,0
115517877,0
73262114,0
36652298,0
116624891,0
92460705,0
147122125,0
151437847,0
182287811,0
142612516,0
144661771,0
92069079,0
97766831,0
161906960,0
94769077,0
194934791,0
63686881,0
132155147,0
159697866,0
180185092,0
134456492,0
35965710,0
94839773,0
84535581,0
67277088,0
137104517,0
111596959,0
113300562,0
129272492,0
77333020,0
77005537,0
93777330,0
70422205,0
143825993,0
78970802,0
139859311,0
181094053,0
173383217,0
97412660,0
193672873,0
136103334,0
133537227,0
78528061,0
153939199,0
99547091,0
136009968,0
61773194,0
128737965,0
115581141,0
56499352,0
78002919,0
113511781,0
199758283,0
116086573,0
63158512,0
133555358,0
40269114,0
88032835,0
100350990,0
60015063,0
106050785,0
159845782,0
81020531,0
36951663,0
80775202,0
89997805,0
167160086,0
192093154,0
76192755,0
102927973,0
209209120,0
90618751,0
115087068,0
159532136,0
111777010,0
112228683,0
84719945,0
41804666,0
92705590,0
205570207,0
59649690,0
81372215,0
64720406,0
155012193,0
194512184,0
32276738,0
32651230,0
84931806,0
131469180,0
31812087,0
110875393,0
164389392,0
142950569,0
40458709,0
109224928,0
72359134,0
179992348,0
198740816,0
119348921,0
78614183,0
64795968,0
36537406,0
59144297,0
43488934,0
94130405,0
74184685,0
147008072,0
61944659,0
138755879,0
105722028,0
195315224,0
106935358,0
104931483,0
144685577,0
87318898,0
86297670,0
131264998,0
166712579,0
165674987,0
101615098,0
125233732,0
59389547,0
135424375,0
123987991,0
124422638,0
61913274,0
192906449,0
153266625,0
35074563,0
32907238,0
38632635,0
42974490,0
115811645,0
114023480,0
134749057,0
107415711,0
133092996,0
85600955,0
180462319,0
156557960,0
103107136,0
59134319,0
152847275,0
63271617,0
207109697,0
140076057,0
129271407,0
59571157,0
184600802,0
125788078,0
112421772,0
115729323,0
73505430,0
86997820,0
179921603,0
90377034,0
59870809,0
138657519,0
37083926,0
116176712,0
85377813,0
144173838,0
84519335,0
90064819,0
78183859,0
127942168,0
40107430,0
145080519,0
151457754,0
164986099,0
111734828,0
178121436,0
83644494,0
111296252,0
139771481,0
74462505,0
59485144,0
139049756,0
116170889,0
148260189,0
78967456,0
75383852,0
65755925,0
68731680,0
82272757,0
139963475,0
85177411,0
62662663,0
161458456,0
115855802,0
41257979,0
81485725,0
194751216,0
127506475,0
194332478,0
45125956,0
174649517,0
128292155,0
39326142,0
116687277,0
39219432,0
126824692,0
159406802,0
121465724,0
41385790,0
102417398,0
166184071,0
33991660,0
73413613,0
118104956,0
120234807,0
196120841,0
66666120,0
69315911,0
133196144,0
152313883,0
161999695,0
102285511,0
118328187,0
147981343,0
125130980,0
36770931,0
121731039,0
43755265,0
140655245,0
93650614,0
157696301,0
154396922,0
99015000,0
163756484,0
39968328,0
43039620,0
66701433,0
38835070,0
152948054,0
64385975,0
159763114,0
40923083,0
177210097,0
125660800,0
124491962,0
80716478,0
127128272,0
77326289,0
78439748,0
116387468,0
39523603,0
89728818,0
114219649,0
77379891,0
119565806,0
124616378,0
192297958,0
97211044,0
134093004,0
88974425,0
116344821,0
151029206,0
91415415,0
63375199,0
108014441,0
156369313,0
33764798,0
79131064,0
78340134,0
98711046,0
98203709,0
33395842,0
119486612,0
86513706,0
38346465,0
91599108,0
115593478,0
151600656,0
67901005,0
86174665,0
114183881,0
112688873,0
139888929,0
63082822,0
55971989,0
133648004,0
130263904,0
144473568,0
74664703,0
66063817,0
131881098,0
63935102,0
135522883,0
166592762,0
83044412,0
124246258,0
43268674,0
76052567,0
149962765,0
152896614,0
205098578,0
91869881,0
43869170,0
152400064,0
185645904,0
44393216,0
72714924,0
34319558,0
96520172,0
61257251,0
88405245,0
76049764,0
78379316,0
31507422,0
89747817,0
107311804,0
116175074,0
61780498,0
203572836,0
38468592,0
144089690,0
61405581,0
76034713,0
198786147,0
40663444,0
40275628,0
63286521,0
85107228,0
61517818,0
117428188,0
109108171,0
34700989,0
156039234,0
63805918,0
122084805,0
146473534,0
87655461,0
39287947,0
143753018,0
126863480,0
55107698,0
153619009,0
134331523,0
140411791,0
88960144,0
152893919,0
162786766,0
72235162,0
166935810,0
92907591,0
142657334,0
100823102,0
97708887,0
37064848,0
78535444,0
38377150,0
134616498,0
84729143,0
129277556,0
79346123,0
69701931,0
106622156,0
57731779,0
119782552,0
41122370,0
95388740,0
94713649,0
128527949,0
152213933,0
86401854,0
71152486,0
96861936,0
140447677,0
44741929,0
140948520,0
39445594,0
102896834,0
191847272,0
67331499,0
87235292,0
106756965,0
75884804,0
34798323,0
154728017,0
36722590,0
126797265,0
73792329,0
76194512,0
37909035,0
117281762,0
85542537,0
178401329,0
68011899,0
136271325,0
102782890,0
145914747,0
129996230,0
76557447,0
128034281,0
56328055,0
137995150,0
110936170,0
112642249,0
103832798,0
116551471,0
124500026,0
65169375,0
133197525,0
34093702,0
81976106,0
106314254,0
165505230,0
146402128,0
61445691,0
60618628,0
55902063,0
104733992,0
43378009,0
125770954,0
78213310,0
191990076,0
59478946,0
67510681,0
92628133,0
134069347,0
137319704,0
163800996,0
195428192,0
129348182,0
87211665,0
60568708,0
113885207,0
76725477,0
57947914,0
65722773,0
153501433,0
42823170,0
61050690,0
39352079,0
97526220,0
75412287,0
100332366,0
192700342,0
152448810,0
72262333,0
78573383,0
131533145,0
87637538,0
39168495,0
65291817,0
118543118,0
42281654,0
90210435,0
126882509,0
83650958,0
127562248,0
204659311,0
184673659,0
165710321,0
153036239,0
33538053,0
164807686,0
156435084,0
153909837,0
85221202,0
134775290,0
80972456,0
75415622,0
60174970,0
66959030,0
109358069,0
64153802,0
31678798,0
82376477,0
117241652,0
69768077,0
37331979,0
78306874,0
37869981,0
40681021,0
111922074,0
87257548,0
119266234,0
136496401,0
77606438,0
61494191,0
61826678,0
36618367,0
183177171,0
37122743,0
117162932,0
41012058,0
79869262,0
166458841,0
121716324,0
174462735,0
114068999,0
213036276,0
81919020,0
73073486,0
107847803,0
155342134,0
192695713,0
99617737,0
64369927,0
141371453,0
109137474,0
198951571,0
78213172,0
98813305,0
72396747,0
97897524,0
45426110,0
155875694,0
86924370,0
160090667,0
106810626,0
126088578,0
78991429,0
142333265,0
81507872,0
178290947,0
86321416,0
127339195,0
141313163,0
88545759,0
84261630,0
78855554,0
155847191,0
149292343,0
135220577,0
83177938,0
35458896,0
87984780,0
70250553,0
209841712,0
71874754,0
147055713,0
79097380,0
64073937,0
45349759,0
122162607,0
82507811,0
151424661,0
136670955,0
116843680,0
154928202,0
108257697,0
36569779,0
77569170,0
81692395,0
75391560,0
36431920,0
78493982,0
94744995,0
182208449,0
128113041,0
144506601,0
87944838,0
118370626,0
72257704,0
119901738,0
133650826,0
151457556,0
85311549,0
137890364,0
83527144,0
40666306,0
107257462,0
41217553,0
82410092,0
61992270,0
96057909,0
147260260,0
87340374,0
81439910,0
85176671,0
95555912,0
86077479,0
74332868,0
66688040,0
103034959,0
143522069,0
83702566,0
90085072,0
90687868,0
80128210,0
92116345,0
34321286,0
120105328,0
132038479,0
42895563,0
94039240,0
117837253,0
84954279,0
58265063,0
87246919,0
34196731,0
142856611,0
88895389,0
143194822,0
194891572,0
85609492,0
41726992,0
59927697,0
207406003,0
65840932,0
100716412,0
164462645,0
111053934,0
164683645,0
111882171,0
173819918,0
181137173,0
100663165,0
131685453,0
123912597,0
174660018,0
44287079,0
185251692,0
77242684,0
90509800,0
140355466,0
34742195,0
116557215,0
108551959,0
151863059,0
71695157,0
139249517,0
128604202,0
208175486,0
78050136,0
88491042,0
88250519,0
198610952,0
116858722,0
100891459,0
141731121,0
43083342,0
87757177,0
112760507,0
140974931,0
78187520,0
57800254,0
99184175,0
174408896,0
180432463,0
41009324,0
95363810,0
145883934,0
160554696,0
140080972,0
160710882,0
144576182,0
120631624,0
126946148,0
32335798,0
83158801,0
162665942,0
110101300,0
181284536,0
66642837,0
106255253,0
162868220,0
89354287,0
45311741,0
80075398,0
85780987,0
61999593,0
130843566,0
141975749,0
106744766,0
31375209,0
86266640,0
88727211,0
47422346,0
109794108,0
37766251,0
96155766,0
49649353,0
152201014,0
60133843,0
95771691,0
78863450,0
84699071,0
75768826,0
78091272,0
166287979,0
96060475,0
31127195,0
139762144,0
91619696,0
64013091,0
76832315,0
38853970,0
136468845,0
65983410,0
66308880,0
36704025,0
98778140,0
66666850,0
136491555,0
124976856,0
144912025,0
60020856,0
86876157,0
185877169,0
184592245,0
195740111,0
114224998,0
41095752,0
106312675,0
87550222,0
63387536,0
87107886,0
113399702,0
143317857,0
84658438,0
108532072,0
36833820,0
77522714,0
45388349,0
125837179,0
129694260,0
38686246,0
103638357,0
57779785,0
74170424,0
32432115,0
60950504,0
115209609,0
118322769,0
59918025,0
77750899,0
77613337,0
57926358,0
37629478,0
44837931,0
136768684,0
92533118,0
44379833,0
135590292,0
161162081,0
88581576,0
194874645,0
111809965,0
33581401,0
147674547,0
43018124,0
192295876,0
126151082,0
144931399,0
147981265,0
136444043,0
78475002,0
84295246,0
92871251,0
67102998,0
78028126,0
161496947,0
64040203,0
156004690,0
56226112,0
57215579,0
31860616,0
143123287,0
130830627,0
73788026,0
133754368,0
77601177,0
86799046,0
86102607,0
73258808,0
95775115,0
111087875,0
117283855,0
116772491,0
64045572,0
33054956,0
165676310,0
41993659,0
134615373,0
122097873,0
79703620,0
127149570,0
90313326,0
133004052,0
77377157,0
31575305,0
162600537,0
133030611,0
125775366,0
43185088,0
112116929,0
77637724,0
91437938,0
114577116,0
60019573,0
119855252,0
161946034,0
130774419,0
111602220,0
63065333,0
93568124,0
70959654,0
71519902,0
159477893,0
196143669,0
178514859,0
40195457,0
35341250,0
39209019,0
113685585,0
120132538,0
89221738,0
61111684,0
60729474,0
120790150,0
95767950,0
153857281,0
140753388,0
107564565,0
74886779,0
78464975,0
43434177,0
157684842,0
99158810,0
39385932,0
139327517,0
110488415,0
71723808,0
145222375,0
57160171,0
152917063,0
156133745,0
59395992,0
141636728,0
141937445,0
135039983,0
120484242,0
178013591,0
128035328,0
133730168,0
32717228,0
34980812,0
104064556,0
93172748,0
40966085,0
96148532,0
67468627,0
96823425,0
111689359,0
75592496,0
195020281,0
207335455,0
91897703,0
111737384,0
113464584,0
80147693,0
125542601,0
146417436,0
125976893,0
155018154,0
39487540,0
198767020,0
128635340,0
107443948,0
142365312,0
85228121,0
91803824,0
95429571,0
151047484,0
93830813,0
31570933,0
111745250,0
133291109,0
80079869,0
56895794,0
125262581,0
81304351,0
61796279,0
179798578,0
161881319,0
115587151,0
38993309,0
86482597,0
118342360,0
143670626,0
153807825,0
111543841,0
44314881,0
60683334,0
196080800,0
124433179,0
112620052,0
124962061,0
109321009,0
194132550,0
191831225,0
102129374,0
35145595,0
116220652,0
79362191,0
119653823,0
208070484,0
87171041,0
127702051,0
138862491,0
97797960,0
60774045,0
75940764,0
103294550,0
146596579,0
125729275,0
34504179,0
33071636,0
32364222,0
32183056,0
131370494,0
112522363,0
173412500,0
107733819,0
61407684,0
200147402,0
78336324,0
65348922,0
139128279,0
62371697,0
118122218,0
155617831,0
108312089,0
176556887,0
130943693,0
122028993,0
116509298,0
35114348,0
166971695,0
94115147,0
142506072,0
92513044,0
208444423,0
115167614,0
115334016,0
108194038,0
111612968,0
125285291,0
115722592,0
146501327,0
83599133,0
34429792,0
140351261,0
67897303,0
77209216,0
87483562,0
84755199,0
75096963,0
94314256,0
133430330,0
121991074,0
43223106,0
61897097,0
134736058,0
90059154,0
154013093,0
105951871,0
33691506,0
155695298,0
131881088,0
60065950,0
118609441,0
140281147,0
145341451,0
88189249,0
89792635,0
64019526,0
85700727,0
72437825,0
97316530,0
124414269,0
125828731,0
138997605,0
153179506,0
174491534,0
150254057,0
150396426,0
137201999,0
109606773,0
159199126,0
95797756,0
77139309,0
89632412,0
151205714,0
114705539,0
132745399,0
79885092,0
61528359,0
209897703,0
64902599,0
97622014,0
106448194,0
179992615,0
60500835,0
178740330,0
59633060,0
86579398,0
113014057,0
111228083,0
84555596,0
43650223,0
164689458,0
112999351,0
58867336,0
136652380,0
125010491,0
212968531,0
113616014,0
135282805,0
103516912,0
108461001,0
58798713,0
192234901,0
93912316,0
199943674,0
191809965,0
147095922,0
38910276,0
99346412,0
134984605,0
184998981,0
123128545,0
128166978,0
117113476,0
135200789,0
145642445,0
120084217,0
110239622,0
121791540,0
111963408,0
142773045,0
105150025,0
37867059,0
130008429,0
113391816,0
102906191,0
141191076,0
95146994,0
132063251,0
95187509,0
105925707,0
95317768,0
40104795,0
56657601,0
61307438,0
142205740,0
119031239,0
203912084,0
32797932,0
36357158,0
64542398,0
156858302,0
118552533,0
43145866,0
85211451,0
161351518,0
75953526,0
41421765,0
91514279,0
78088854,0
110539046,0
56462795,0
90169822,0
83195456,0
107468297,0
107189016,0
149006568,0
100903826,0
78133494,0
141664599,0
90818600,0
83354900,0
81392309,0
196610936,0
174487053,0
148001971,0
119428549,0
61567068,0
118156762,0
162086557,0
44300265,0
154273404,0
91720504,0
85987597,0
151192360,0
88791630,0
78488662,0
112435560,0
95491641,0
194755944,0
118008264,0
116157506,0
125820944,0
35016392,0
160856548,0
105592874,0
112573488,0
115557819,0
111778866,0
109148992,0
139825201,0
110942141,0
116438138,0
127717102,0
176663439,0
90146865,0
155034084,0
80365219,0
62542224,0
42841705,0
40796210,0
69111028,0
107861117,0
112681945,0
116116932,0
144657113,0
156728833,0
148128193,0
123583011,0
119857403,0
195364602,0
130397983,0
72189752,0
103580748,0
81424060,0
102037488,0
37277380,0
74905907,0
180870092,0
59922871,0
109310429,0
37355004,0
159318025,0
43256001,0
212459250,0
123474584,0
208259102,0
192801091,0
122175349,0
126185389,0
78067259,0
94512270,0
43368485,0
148265035,0
85608851,0
60688525,0
154403732,0
99728958,0
112525837,0
144745396,0
156841248,0
89226840,0
78389334,0
80037430,0
116084885,0
60650882,0
32089344,0
104341557,0
175810301,0
155027757,0
137873013,0
88472467,0
34802942,0
177485370,0
33464229,0
92562530,0
160611989,0
209981703,0
153463316,0
73265292,0
57087037,0
73171699,0
31841182,0
212182822,0
136757521,0
114149831,0
116137520,0
76980340,0
67430639,0
37200210,0
143325733,0
113658305,0
117715216,0
102995086,0
83717272,0
40654729,0
180172695,0
175027089,0
182070275,0
97697102,0
61321019,0
61328924,0
75436605,0
34265394,0
118097100,0
96917394,0
75101848,0
98750505,0
128151463,0
129172760,0
66125631,0
154233442,0
128010515,0
72299186,0
103576988,0
33793183,0
75465632,0
166823395,0
109005527,0
56374255,0
78084176,0
116301573,0
77374916,0
43160996,0
91413214,0
44311289,0
143756808,0
153065858,0
84876595,0
70932335,0
156084387,0
179738502,0
84924769,0
82807729,0
78846159,0
36235436,0
152330858,0
98552373,0
113929907,0
77192842,0
112705484,0
95890689,0
124077626,0
132460078,0
87182283,0
75520201,0
139091791,0
185317888,0
73862581,0
37648043,0
125195833,0
75884508,0
147613424,0
126745578,0
131871968,0
85169811,0
104019739,0
60664542,0
102303750,0
45128897,0
38188976,0
96057968,0
35632374,0
76445545,0
96002709,0
206006828,0
41476452,0
160583525,0
90156794,0
125565933,0
150314666,0
144996450,0
117935880,0
92631153,0
44914134,0
143361599,0
98868516,0
77348950,0
111861198,0
176147980,0
185016697,0
143040501,0
109466388,0
207059915,0
129321456,0
34024477,0
43983736,0
152586481,0
105505894,0
82439603,0
58484751,0
174626787,0
155642456,0
60359344,0
129104423,0
80673674,0
148385504,0
130180318,0
154849976,0
135233546,0
72339474,0
126305255,0
75040469,0
117698319,0
36689556,0
80555347,0
87268188,0
174543182,0
110127207,0
57534703,0
93289160,0
128444314,0
102646048,0
101926642,0
107288137,0
83693516,0
174275755,0
171914877,0
45553793,0
77235972,0
142381606,0
39649964,0
122806135,0
83357249,0
104953176,0
65262218,0
131733666,0
193981130,0
77687813,0
102774994,0
90475720,0
58516610,0
100793503,0
97275295,0
63877285,0
85303298,0
58453158,0
111568535,0
78142930,0
114011134,0
73533440,0
87833015,0
83583855,0
106664644,0
184808389,0
45301674,0
77093376,0
96978506,0
59417083,0
84657125,0
159399202,0
106196884,0
155083994,0
192702799,0
37604103,0
166337672,0
34397597,0
66300530,0
178817816,0
111757173,0
115504977,0
132580399,0
77080684,0
156859862,0
162363301,0
61428765,0
86367083,0
176619569,0
76633798,0
151071753,0
36304770,0
90966358,0
57524389,0
184699468,0
42192393,0
119699559,0
107687145,0
114083191,0
113473753,0
87666574,0
44530177,0
38613744,0
154047400,0
63123139,0
142903294,0
44363558,0
64210464,0
78163547,0
166998166,0
77014192,0
67005121,0
32322799,0
81095876,0
155532518,0
146629366,0
95987993,0
211550516,0
124985383,0
34022069,0
162787378,0
111945633,0
180179782,0
33158597,0
35200845,0
140759537,0
99859424,0
75760091,0
84121521,0
152355493,0
64121608,0
78076823,0
75447906,0
103927586,0
42876900,0
78331784,0
87151164,0
103037002,0
156210284,0
115942477,0
141126153,0
42431248,0
106880068,0
72158199,0
150000418,0
59861719,0
196500041,0
34144077,0
86778695,0
101729813,0
96797814,0
179435811,0
44425391,0
65458968,0
59344877,0
66252672,0
126903185,0
72823894,0
76924764,0
55811184,0
94313842,0
126774742,0
82412994,0
86032958,0
72654897,0
117505506,0
138531819,0
177783560,0
42953162,0
112205628,0
112041230,0
93840752,0
161998797,0
37490090,0
87452473,0
138925844,0
127282119,0
122664102,0
181091319,0
86326825,0
125504741,0
106400080,0
137558420,0
38315573,0
164593565,0
164890640,0
58827532,0
131321462,0
36961908,0
62363584,0
112680326,0
90571831,0
91595052,0
119337660,0
89494613,0
104746359,0
104841136,0
90673941,0
208202904,0
67074504,0
88583303,0
76785069,0
158000255,0
194717205,0
194526061,0
71930537,0
32948581,0
37941348,0
65066227,0
135984563,0
102667346,0
135427069,0
83587773,0
31349617,0
84262844,0
36174363,0
149881815,0
121330560,0
142797354,0
174345020,0
68267197,0
124889490,0
159658773,0
155374131,0
208147091,0
66358208,0
116779291,0
108826315,0
98833745,0
131156866,0
62949513,0
165269060,0
117393180,0
147802299,0
211673264,0
133127372,0
150937556,0
162559301,0
141311741,0
78151506,0
117122102,0
45101134,0
40571785,0
133073346,0
101630337,0
62617648,0
124417762,0
191881342,0
114560920,0
122100853,0
204116325,0
133981725,0
161708028,0
198900555,0
140766081,0
61935461,0
162827212,0
122134726,0
36846177,0
198999084,0
79182080,0
57808594,0
164049029,0
80732783,0
128574307,0
97415454,0
39772268,0
63044439,0
80586397,0
38069347,0
114008834,0
101610943,0
206193680,0
78308542,0
62510414,0
115123458,0
81747388,0
149834312,0
123935445,0
87392426,0
36692863,0
208444996,0
144907288,0
106166210,0
77432012,0
198688527,0
162103286,0
124513379,0
122958137,0
105724525,0
60081090,0
52640534,0
77515825,0
142333670,0
94545787,0
101955106,0
31651548,0
105642311,0
105523017,0
120810531,0
148940136,0
79758653,0
127483538,0
84812038,0
128334002,0
138935249,0
99238044,0
33165091,0
90663006,0
112813220,0
41296697,0
174269439,0
56100077,0
150475965,0
81120165,0
59535390,0
106290251,0
71500972,0
108003742,0
76403264,0
93537489,0
133905117,0
99365085,0
78126605,0
109890307,0
133404886,0
142294714,0
80605435,0
31615218,0
84586764,0
176448075,0
72214910,0
80563924,0
89447367,0
119818251,0
59308596,0
74468170,0
117347583,0
52211177,0
193876236,0
87492613,0
113605828,0
212994774,0
39496866,0
95409980,0
115526177,0
207249994,0
79596308,0
44267734,0
128534996,0
184629355,0
77641603,0
86949025,0
129892126,0
32741606,0
88999484,0
68669748,0
146583531,0
109429012,0
174381547,0
157889696,0
39195162,0
110158741,0
105692469,0
88281984,0
71940022,0
107195294,0
128650155,0
33854226,0
122058019,0
99624468,0
94854627,0
153687386,0
141188707,0
89500505,0
127723517,0
135248873,0
60903455,0
69770604,0
85390091,0
79557372,0
150574967,0
180515704,0
160420430,0
126837424,0
165277282,0
87806644,0
124366845,0
65218160,0
131828286,0
37052392,0
72443381,0
56626344,0
119792797,0
136986299,0
74673665,0
97005105,0
93573286,0
95640514,0
100524626,0
62013638,0
33644487,0
64041032,0
103802972,0
76080696,0
65105114,0
144091417,0
97543551,0
82329053,0
81653844,0
195439887,0
115605242,0
83804223,0
113487413,0
173679601,0
60795383,0
43160937,0
33720612,0
36279257,0
99807293,0
80628303,0
159765542,0
42067612,0
114920558,0
151667591,0
98959158,0
145925771,0
144998216,0
209952351,0
79761308,0
121453003,0
85414222,0
84215016,0
114360814,0
93352759,0
84000905,0
163793663,0
156006259,0
177508633,0
72127248,0
88013343,0
179268630,0
162304498,0
194035492,0
36753136,0
143754804,0
38741644,0
35442660,0
34811578,0
131805951,0
192231733,0
120820894,0
63114582,0
87901205,0
140861204,0
60490620,0
81351370,0
119017391,0
212432592,0
175829685,0
118393948,0
33683739,0
198800774,0
140105459,0
138812797,0
64207404,0
58302124,0
78108050,0
65068221,0
38946932,0
95946077,0
39367446,0
159404255,0
84797974,0
39718439,0
115477747,0
84378259,0
76240711,0
75028862,0
84540930,0
38551240,0
75886373,0
162607741,0
86999981,0
149958778,0
58609059,0
86917264,0
42127846,0
146689156,0
84040590,0
60770808,0
150900348,0
83474677,0
116602507,0
139779249,0
61547842,0
144296487,0
94484694,0
98970646,0
109214496,0
40343372,0
35103896,0
192344237,0
93160865,0
44996930,0
73196106,0
36381565,0
107072851,0
115974701,0
96726802,0
111457008,0
101497285,0
35012562,0
178277041,0
106736219,0
41928164,0
36063379,0
63527823,0
173751916,0
104204803,0
113559777,0
82760019,0
119999772,0
175163516,0
40642974,0
121743268,0
209988493,0
81185255,0
38057947,0
64026672,0
67352432,0
179049238,0
41117564,0
166638409,0
173804106,0
63646199,0
63678778,0
152434578,0
127314975,0
213484327,0
83953333,0
91745257,0
37899116,0
90519926,0
105587979,0
119072947,0
154284586,0
64011502,0
62081294,0
33498082,0
43820977,0
98106030,0
75332481,0
91364764,0
34908043,0
76231562,0
59136095,0
181334062,0
135422075,0
112297958,0
62969933,0
112261569,0
121555113,0
128418199,0
137202157,0
94106817,0
127686684,0
175624664,0
109167941,0
159664655,0
81259020,0
176277034,0
129003496,0
75382224,0
87617977,0
105186365,0
44935837,0
90261126,0
145970727,0
66587291,0
84903954,0
80046796,0
67762712,0
127051960,0
88577243,0
44581864,0
115077574,0
164545204,0
102564771,0
151015141,0
45344607,0
129146231,0
148208867,0
83984432,0
38649581,0
55897750,0
45418530,0
94538977,0
139863140,0
213809925,0
36383401,0
58319869,0
74636022,0
44775368,0
114493589,0
40561767,0
138138141,0
166134358,0
113352189,0
87396463,0
125015436,0
194448426,0
36181074,0
101578018,0
36771977,0
35097175,0
42842830,0
105196886,0
33917392,0
90618583,0
109813018,0
146767501,0
151842530,0
90499546,0
123290446,0
138608161,0
59914916,0
89490181,0
153131856,0
43914047,0
107883195,0
129109970,0
106772687,0
126165363,0
77077802,0
81642760,0
96758552,0
111038083,0
136015939,0
73831087,0
68322703,0
114315206,0
206275736,0
185367256,0
90225171,0
123493780,0
157455009,0
60135561,0
180116725,0
115654146,0
194973647,0
147560958,0
199773769,0
37868411,0
102868104,0
179973991,0
148027898,0
111605733,0
94550130,0
72507228,0
213339421,0
129011481,0
127740927,0
176452773,0
139816082,0
144846777,0
104112592,0
59077736,0
138398728,0
108411081,0
67559289,0
144923908,0
36296213,0
157440471,0
75569559,0
104828809,0
102740855,0
143877009,0
140339743,0
153301030,0
129119622,0
195400705,0
112895444,0
74344099,0
160666568,0
112572580,0
188376212,0
194271099,0
147729274,0
89442511,0
43507785,0
154017416,0
113693342,0
154736091,0
142684682,0
80775903,0
99675336,0
32769379,0
96959300,0
85262092,0
136961694,0
59439329,0
79878194,0
191613254,0
194882304,0
34832492,0
63906480,0
97255477,0
86890449,0
117313089,0
73746850,0
45280652,0
123804643,0
74078479,0
115274867,0
45007688,0
69406711,0
76013365,0
44247304,0
119871201,0
82728200,0
67443894,0
126828798,0
98007432,0
77823105,0
83313605,0
79601440,0
64450927,0
180021947,0
118310412,0
41700354,0
55810552,0
128944131,0
114110856,0
60119700,0
82580639,0
35630439,0
95591659,0
152919156,0
112209220,0
40655686,0
84377282,0
130189971,0
131064655,0
69154217,0
64732447,0
76777588,0
178635110,0
55794721,0
194533117,0
80406020,0
79671692,0
116390685,0
114194363,0
42846719,0
147073824,0
66369972,0
61460525,0
86488292,0
64046273,0
179838915,0
61692372,0
212716244,0
89800580,0
59160700,0
80004297,0
143048101,0
212341190,0
38425926,0
125297815,0
136414483,0
107757762,0
58841498,0
96573487,0
63982663,0
44081347,0
130556636,0
111281951,0
78091657,0
37485194,0
127590455,0
163007658,0
32585400,0
131712377,0
103448673,0
78327156,0
100838706,0
133666480,0
85484227,0
65729169,0
139374052,0
119811628,0
93561097,0
76545485,0
94128027,0
88247973,0
108887457,0
92702254,0
58802671,0
31227431,0
117984143,0
90862461,0
42910456,0
204611868,0
61510308,0
43841772,0
122741233,0
39473900,0
86876503,0
141528281,0
138256832,0
151981455,0
114460437,0
84193619,0
62537329,0
63061553,0
99606298,0
154829427,0
101592023,0
100431062,0
113000772,0
45275934,0
110097125,0
138000055,0
31884806,0
194578616,0
194062703,0
158122332,0
84296460,0
58898880,0
61781702,0
113058095,0
81414693,0
195423889,0
163745026,0
41884738,0
56237847,0
84339472,0
56234027,0
94099484,0
156604792,0
91963948,0
67124425,0
148728374,0
79639704,0
178014292,0
136285103,0
114596184,0
179140503,0
84774928,0
67733685,0
144040440,0
128097417,0
43992757,0
166444659,0
207129831,0
101813201,0
36259488,0
77798964,0
35980050,0
75958243,0
115782056,0
115759090,0
98931425,0
62729342,0
34529741,0
31787423,0
149154079,0
84964553,0
116300882,0
163713236,0
107031034,0
83723362,0
139110958,0
112247139,0
132207732,0
77601029,0
205847306,0
119817224,0
72392355,0
185231440,0
102418889,0
86837834,0
37154878,0
47322702,0
162760138,0
32384958,0
108044089,0
155347937,0
151992972,0
132754143,0
47699435,0
108353462,0
200507949,0
161811600,0
139345963,0
101245699,0
184596716,0
35036901,0
34159138,0
32671226,0
75177864,0
91761769,0
78066499,0
127729706,0
157373811,0
120255375,0
131718151,0
99043563,0
137247892,0
79157860,0
78283108,0
94562783,0
34226133,0
86910198,0
114703259,0
90509958,0
139083797,0
40482445,0
166769872,0
176313088,0
74531987,0
38375847,0
144188129,0
60908015,0
94341842,0
105758595,0
82126914,0
194150730,0
44459412,0
39619753,0
141052674,0
135061094,0
77475014,0
79404196,0
34913087,0
75407579,0
74522453,0
58769519,0
73795912,0
115852061,0
42426471,0
112816092,0
119824093,0
87005864,0
78576995,0
103878278,0
44052686,0
165597698,0
76295823,0
45089162,0
139345785,0
81116266,0
92184465,0
130019503,0
58125507,0
61846693,0
121655645,0
174372092,0
155980865,0
82899042,0
37161007,0
111670429,0
198973660,0
167251311,0
130055645,0
67178253,0
98804048,0
139881991,0
176291227,0
167157056,0
44737222,0
126905909,0
174135952,0
163088371,0
148478989,0
163703504,0
112926721,0
39421917,0
165522186,0
111034056,0
120907342,0
66897720,0
141775623,0
106818373,0
89350507,0
131751165,0
126245317,0
66654937,0
91436734,0
76713199,0
94496715,0
133644214,0
110916855,0
94457928,0
61956039,0
38258853,0
149417854,0
119178651,0
75883234,0
105153184,0
177379598,0
92394184,0
65144414,0
63947152,0
149820080,0
189016571,0
87140110,0
36455153,0
77911961,0
123584225,0
103240938,0
180130039,0
115349531,0
182690234,0
175378012,0
106748526,0
107945995,0
92304894,0
35346984,0
80390258,0
71593312,0
160012549,0
132336264,0
88655588,0
144252726,0
61852763,0
77331984,0
99197026,0
96725134,0
164669650,0
107374881,0
74708268,0
78055801,0
137644345,0
114525843,0
94397940,0
121456773,0
161464338,0
111742082,0
40134009,0
115196433,0
111592646,0
43988336,0
37444166,0
159885201,0
56433956,0
40256293,0
108092865,0
180118215,0
167272097,0
198762568,0
143066419,0
44772604,0
74682301,0
139880590,0
150200642,0
64309673,0
42510668,0
41401078,0
130122157,0
62991034,0
195190640,0
140327752,0
195923330,0
95000904,0
43077707,0
107880372,0
142523038,0
59821954,0
142136840,0
184617087,0
86138276,0
74898199,0
106823515,0
150102548,0
134210857,0
110304002,0
103161882,0
120196345,0
41338515,0
86721185,0
156234563,0
82226054,0
102418316,0
115392019,0
156249545,0
60586947,0
82417179,0
63673182,0
32173808,0
149630969,0
87080429,0
104923962,0
196345424,0
158265323,0
150266759,0
32565957,0
118051088,0
81717601,0
34995685,0
73946107,0
66353204,0
84375535,0
122716953,0
75936066,0
42890915,0
58848643,0
106251256,0
143123278,0
120416921,0
108801887,0
65544222,0
139943074,0
84726252,0
162179914,0
159479866,0
154776132,0
89358975,0
71889864,0
116690297,0
73813272,0
198680236,0
72397952,0
120175205,0
144123690,0
115184570,0
147121987,0
73300014,0
90160061,0
144749384,0
127385000,0
114399226,0
105104971,0
98738642,0
111561083,0
73995288,0
121928007,0
83061447,0
59941426,0
32861620,0
121189149,0
42268715,0
174597998,0
129198421,0
127636388,0
126486274,0
135130487,0
62129250,0
83883427,0
165259832,0
83638049,0
33190969,0
107286311,0
87625931,0
33935838,0
78820952,0
86137793,0
102537640,0
176018411,0
86833649,0
180623263,0
138134923,0
187913061,0
85280420,0
89430707,0
159764989,0
85033631,0
89252561,0
180156292,0
76716071,0
119433099,0
75983352,0
105274738,0
81988236,0
34640942,0
31596850,0
127419563,0
94742133,0
81493029,0
34337551,0
87522370,0
44513280,0
77473504,0
134709351,0
62441495,0
103117371,0
121865364,0
82279024,0
57064831,0
66772415,0
162742560,0
138401245,0
159027167,0
56265669,0
109900522,0
119165890,0
64174765,0
44641644,0
39146505,0
40930979,0
160028567,0
84097331,0
155169120,0
164137846,0
86914293,0
33322531,0
76696283,0
37276521,0
160493485,0
78101438,0
185815138,0
129428225,0
162142735,0
61714401,0
56127613,0
179437331,0
79423906,0
212190125,0
99605667,0
122310316,0
129489456,0
179340915,0
64342361,0
129097198,0
94346836,0
116576332,0
64838792,0
128396753,0
154532313,0
112271448,0
95338652,0
107064146,0
85989354,0
127838084,0
62319487,0
76634844,0
38806547,0
38560774,0
85605515,0
192393752,0
33993575,0
147670737,0
125561679,0
81970490,0
94949385,0
124625804,0
153053155,0
141662547,0
112754970,0
145974804,0
123402082,0
132425594,0
105196136,0
134366886,0
41045536,0
73794135,0
74383341,0
126500417,0
142362183,0
77891728,0
76296968,0
138831836,0
112786997,0
44754049,0
132727239,0
82464217,0
142629432,0
42899166,0
87580245,0
193781123,0
126373178,0
179809070,0
45065731,0
61889695,0
87669713,0
116792013,0
196740642,0
74453928,0
92727362,0
79120129,0
173913027,0
159571289,0
166457450,0
142139327,0
108092362,0
131069688,0
140694980,0
115563928,0
96680099,0
42075103,0
147471687,0
112242076,0
193854069,0
35809188,0
34179627,0
134368741,0
36184835,0
174103086,0
149347455,0
159464302,0
93474915,0
39661718,0
112848129,0
144660735,0
43478265,0
120312994,0
74160850,0
142940581,0
66204805,0
152219973,0
81553490,0
119375737,0
93025533,0
150773395,0
127356565,0
110897994,0
61217970,0
113699708,0
35205997,0
34704453,0
97587283,0
97750082,0
152319676,0
61415944,0
147127149,0
184364228,0
65300058,0
148455371,0
196257258,0
37831035,0
61243414,0
119939805,0
84295947,0
135900810,0
90093421,0
142216557,0
113334543,0
132121946,0
175498777,0
40247864,0
77788897,0
194760760,0
43819427,0
72144638,0
151059564,0
94814507,0
61491743,0
118079226,0
180893147,0
32134112,0
42645803,0
176311924,0
85023998,0
139640363,0
203644351,0
150888544,0
196162007,0
140810050,0
76636966,0
180482098,0
196360860,0
208421565,0
120062494,0
42693878,0
65147247,0
126080584,0
115442256,0
34198596,0
94603011,0
75961658,0
43273303,0
61592739,0
192448963,0
85130984,0
117274854,0
208306012,0
176067167,0
90674771,0
104257941,0
78307278,0
89027159,0
139791447,0
85795337,0
119097089,0
107658543,0
125762605,0
107544174,0
134781488,0
88064033,0
61680815,0
123489043,0
37334841,0
62618881,0
155648911,0
146588703,0
56026400,0
128075329,0
91829208,0
108816554,0
176490317,0
105092643,0
98890032,0
137267424,0
119175631,0
141164319,0
121220682,0
74831441,0
65980962,0
160393259,0
178332883,0
141546668,0
132327510,0
106435176,0
156398734,0
163766551,0
44454645,0
43817493,0
144091259,0
85170127,0
104560721,0
98724202,0
112430763,0
115000048,0
179077130,0
76004739,0
87088916,0
115813106,0
38717918,0
195191154,0
165666904,0
125074387,0
192773249,0
57654095,0
118059171,0
144511536,0
112506187,0
131950185,0
144623704,0
77197964,0
132105454,0
61898785,0
43615432,0
161908115,0
87197689,0
166225050,0
110040631,0
92450046,0
32068469,0
161169138,0
65873975,0
140366796,0
76528894,0
84096966,0
136527875,0
87971200,0
36216891,0
107947515,0
87847238,0
102689977,0
86767957,0
35216636,0
83052021,0
82324641,0
78013411,0
137001379,0
83456655,0
199022958,0
86907977,0
102899104,0
151104392,0
108709103,0
89218283,0
66914508,0
116714764,0
132083010,0
119780855,0
125118198,0
98825850,0
59387928,0
74886158,0
116474863,0
139948433,0
33111617,0
85922556,0
148754430,0
163553240,0
66354428,0
153572474,0
75606678,0
115842448,0
134060198,0
87245932,0
108296495,0
153329258,0
195124011,0
66490115,0
56329239,0
101021501,0
122767565,0
96566816,0
95141477,0
162081326,0
122771759,0
119018092,0
125387856,0
39301202,0
203790915,0
80290654,0
149833750,0
44505375,0
38869179,0
130943782,0
84160654,0
107913396,0
39186615,0
100546092,0
38852381,0
79524872,0
160601261,0
72552233,0
83956817,0
64153427,0
115991025,0
114745550,0
135319332,0
162364702,0
90640345,0
77977061,0
173680707,0
63223177,0
165896116,0
193862192,0
71987791,0
84257031,0
79018689,0
85658929,0
111898288,0
131462153,0
75669123,0
41671426,0
106890994,0
36308905,0
138739269,0
121989218,0
157017963,0
108869445,0
60787665,0
61836370,0
74372099,0
153784473,0
155377872,0
87993021,0
67513356,0
162648286,0
162693627,0
110317405,0
145275147,0
113776898,0
120143346,0
97796371,0
33796183,0
96519096,0
86566647,0
180027948,0
45326447,0
125060520,0
159519878,0
122122043,0
91940912,0
37908117,0
76541754,0
77756051,0
146241520,0
172919632,0
110738077,0
103977299,0
59607586,0
175429778,0
156788909,0
130133240,0
31787324,0
83192032,0
150127509,0
37721443,0
132206331,0
35586056,0
111438217,0
165257010,0
92108439,0
126022669,0
163959394,0
65712726,0
44268159,0
69842425,0
191788973,0
60556736,0
115665526,0
59289657,0
198664060,0
144922862,0
66714846,0
91301234,0
97379390,0
63930818,0
61993474,0
44252663,0
121546912,0
172575992,0
205630076,0
144993508,0
133155540,0
108424178,0
130863107,0
107369768,0
62232141,0
140495249,0
79196431,0
136516456,0
122075163,0
36012146,0
194776443,0
100170544,0
194587933,0
88064428,0
78171295,0
131586056,0
121745419,0
110035983,0
73998545,0
101233243,0
87156691,0
113751139,0
103870283,0
76266145,0
74738726,0
138612109,0
133889779,0
90620103,0
142395868,0
78862286,0
102444629,0
106685045,0
41936001,0
65879414,0
59618828,0
176104790,0
39837417,0
152983466,0
43035800,0
133667259,0
126691719,0
63713440,0
106381801,0
107085080,0
145401340,0
134766240,0
130850879,0
100946364,0
108856891,0
108280121,0
167140653,0
93623226,0
37285147,0
96799265,0
119514257,0
107850714,0
128247544,0
157678407,0
154317787,0
73750127,0
43434236,0
55957629,0
113321534,0
194475518,0
56039181,0
36348650,0
154163752,0
91783127,0
119615203,0
116319466,0
141157440,0
43285965,0
95062826,0
41612169,0
80442784,0
213181172,0
129142164,0
164561548,0
87807651,0
159214216,0
112513826,0
87520475,0
33085493,0
32769843,0
93179370,0
73825126,0
85431415,0
86977094,0
108982768,0
112595181,0
115369576,0
66295842,0
38506718,0
94816027,0
134317903,0
81857296,0
100929704,0
103699667,0
63412526,0
78617855,0
71141837,0
32030175,0
110289128,0
88242476,0
110361887,0
83102337,0
148129980,0
61696981,0
95822450,0
163287945,0
45681387,0
116780209,0
69316207,0
113242795,0
149596435,0
78764912,0
110673599,0
144335453,0
166568246,0
64197406,0
124492002,0
142449006,0
38342044,0
109248339,0
139501113,0
90631670,0
139298609,0
98993534,0
157167014,0
66097058,0
83441604,0
127235564,0
198436645,0
195170881,0
40720865,0
144591292,0
106876940,0
140483524,0
44093783,0
140221436,0
33179777,0
179500102,0
203899589,0
145175139,0
37865944,0
87956366,0
56165433,0
62627024,0
101912381,0
39250580,0
89296678,0
158012345,0
153451769,0
88380581,0
147321610,0
130447321,0
94369615,0
65911371,0
153861140,0
165802503,0
67532622,0
107207068,0
78513178,0
116473985,0
78735175,0
66468935,0
110127632,0
82599836,0
59717060,0
41128884,0
73794945,0
77998833,0
111118856,0
134844437,0
43491421,0
76767985,0
158333265,0
135628103,0
85127106,0
80353533,0
119982659,0
208349823,0
40071376,0
113059566,0
165889365,0
99599350,0
174104310,0
63450652,0
56614451,0
133929603,0
43289449,0
97710189,0
135977803,0
109964171,0
61551888,0
116532265,0
40431261,0
83371165,0
163068030,0
78941529,0
117363660,0
120352611,0
75478827,0
138214837,0
92556894,0
154979505,0
63535550,0
123744478,0
59742247,0
37195344,0
81355920,0
61535633,0
66728328,0
43990783,0
81943477,0
178944897,0
66949812,0
104312106,0
133574929,0
126174809,0
38482646,0
90770289,0
126691097,0
94715791,0
62733803,0
138008257,0
181336085,0
121612485,0
160679290,0
43274536,0
114686491,0
36065926,0
106371478,0
149968263,0
133854446,0
64531078,0
120288754,0
130702667,0
31716993,0
34300204,0
164361017,0
39832502,0
145066741,0
139282778,0
112524485,0
34302326,0
97508623,0
180047302,0
39305258,0
153814882,0
106630278,0
194854837,0
98468481,0
143245394,0
117394236,0
73390084,0
76111814,0
127422366,0
95862432,0
132031560,0
116187134,0
62013036,0
118059023,0
196446261,0
121931195,0
180323602,0
182104937,0
93577046,0
62471212,0
143276069,0
35836872,0
82246523,0
64542605,0
96482233,0
123632033,0
98901934,0
175520322,0
152714184,0
85521228,0
150130430,0
92724273,0
82277021,0
121759997,0
123785881,0
178135826,0
75693136,0
40455659,0
80562848,0
141139537,0
58697737,0
118483890,0
74747233,0
128295273,0
117101149,0
64199706,0
146397844,0
79608438,0
61576947,0
31482047,0
100273849,0
192053754,0
78165817,0
57784364,0
60923135,0
81077449,0
99089358,0
208265339,0
120461907,0
166431246,0
92149437,0
75063485,0
90188396,0
73919844,0
107668127,0
114998518,0
178036913,0
156171447,0
111935062,0
74034125,0
81214844,0
175819707,0
155264568,0
71766988,0
105594019,0
144790392,0
42938269,0
162542513,0
170844252,0
148059461,0
157950068,0
87526327,0
191581415,0
67409952,0
112012104,0
77560919,0
118294492,0
32086087,0
183441982,0
75053082,0
117483744,0
41408066,0
190415736,0
80158865,0
115082913,0
106458399,0
74666529,0
40552608,0
78474400,0
64747528,0
66573651,0
99219509,0
60312582,0
162701216,0
41655378,0
84630526,0
126155938,0
77475705,0
129192341,0
126187353,0
34168080,0
108958785,0
83276644,0
151125701,0
205252978,0
65146911,0
77891028,0
78966420,0
166185887,0
151188442,0
141099130,0
75346723,0
38883806,0
45547526,0
85190449,0
84404147,0
89118551,0
105150746,0
127089109,0
67140956,0
42251670,0
43410530,0
60480197,0
80682122,0
110419673,0
118154828,0
32441619,0
100996718,0
156600084,0
42903913,0
31888902,0
67233809,0
113976787,0
132862502,0
75382155,0
56889685,0
61594634,0
193014116,0
129446869,0
90153774,0
112157434,0
72600338,0
177038672,0
87307765,0
84696643,0
156174951,0
41617005,0
73868858,0
78918611,0
177814225,0
90928488,0
137619917,0
185610472,0
148668061,0
156757711,0
67444950,0
179899969,0
193907681,0
121461007,0
65947287,0
75918232,0
65730481,0
174459192,0
115664845,0
193010070,0
67249996,0
45777280,0
124431748,0
76204747,0
83797808,0
117177549,0
48691557,0
179232626,0
77920597,0
113978741,0
83283483,0
194522360,0
185665456,0
56883269,0
63294337,0
126261770,0
196678760,0
205402019,0
65465897,0
177027549,0
36762187,0
163496006,0
122875982,0
62571803,0
95921936,0
33819692,0
212540427,0
142408185,0
145314211,0
36500573,0
73636310,0
159504047,0
193704801,0
66143011,0
59979394,0
107399042,0
75430160,0
123601714,0
88021574,0
180617292,0
109108605,0
77750159,0
83839043,0
104911487,0
96688251,0
158169094,0
115319093,0
35901172,0
194790211,0
138003243,0
59074420,0
112618473,0
117548409,0
37573162,0
35685363,0
114775682,0
44897415,0
37263582,0
101917197,0
139929207,0
93600289,0
144349260,0
107293684,0
96555900,0
66312472,0
107703884,0
61938204,0
43790746,0
113708166,0
167238678,0
111284320,0
116353023,0
121765790,0
175090175,0
130579139,0
121125657,0
61632464,0
82983694,0
212988922,0
192868806,0
101583269,0
66251626,0
115933644,0
110442867,0
149651577,0
121618466,0
107262960,0
36702071,0
92422816,0
35848242,0
133763350,0
151555581,0
59180765,0
31470480,0
96658366,0
85438758,0
74591234,0
118010820,0
125169580,0
107203466,0
113385292,0
124606499,0
140321939,0
89423344,0
45169175,0
73049888,0
111236877,0
151206217,0
59520517,0
32171281,0
101921273,0
157201014,0
113746677,0
92408357,0
92807789,0
44169078,0
118801948,0
76514317,0
101629251,0
133864770,0
58948020,0
60132787,0
81023719,0
129317981,0
101944605,0
118424860,0
86951630,0
79169299,0
120947649,0
160419551,0
125932510,0
85097931,0
118503994,0
139290328,0
121061781,0
116315913,0
120028375,0
110455520,0
61717905,0
79127028,0
115623689,0
115566119,0
161536534,0
142235546,0
36682490,0
63253862,0
85328140,0
36126900,0
95239403,0
163743091,0
152443648,0
125119679,0
122678965,0
63454916,0
32957918,0
200509508,0
185141696,0
60081712,0
82622506,0
103487412,0
86773425,0
98941403,0
75396209,0
127892297,0
83380225,0
199196377,0
196060814,0
82394883,0
208442291,0
81639839,0
44155310,0
115926074,0
173441695,0
40701550,0
77677094,0
151287029,0
32161076,0
117782053,0
44246179,0
139046095,0
38304993,0
121112886,0
39715843,0
115227819,0
150620535,0
136667234,0
182542062,0
99116381,0
83678287,0
154611615,0
194219432,0
94490912,0
96630711,0
92288273,0
157733371,0
160904968,0
130231739,0
39143841,0
120105861,0
134004820,0
57041894,0
44604910,0
131674251,0
192123325,0
86567634,0
115156432,0
78538345,0
99680024,0
155476883,0
78776282,0
106536744,0
174576472,0
78069865,0
39165159,0
87683639,0
154251414,0
64453641,0
174483974,0
82137908,0
43881349,0
179435515,0
130296128,0
34696656,0
123990122,0
138022005,0
111871542,0
127016182,0
110904962,0
154248759,0
88753978,0
83423632,0
84752900,0
42602120,0
140738752,0
117641233,0
77336563,0
181120326,0
35441673,0
180361531,0
88471885,0
167211981,0
38347136,0
96838269,0
69917246,0
42342786,0
88235784,0
116074828,0
204323113,0
34294016,0
79687967,0
83270465,0
87750890,0
32296852,0
35716206,0
146679957,0
119634390,0
83726510,0
185005663,0
122037076,0
99357989,0
129524769,0
196521418,0
104101637,0
112422315,0
87829127,0
119645385,0
77164191,0
191810133,0
39513803,0
104272410,0
38386684,0
115569889,0
153075431,0
73823172,0
64419196,0
166873957,0
93754117,0
86806508,0
76526683,0
64720781,0
42704567,0
104276881,0
144368131,0
129611444,0
127775698,0
106536507,0
94242603,0
89310021,0
62423947,0
69813813,0
110101675,0
109634290,0
81230290,0
111165243,0
150992303,0
80376155,0
176034963,0
146692847,0
134764967,0
125503784,0
66060136,0
31450247,0
43502939,0
63218845,0
150265426,0
155522718,0
125282981,0
116310870,0
64438412,0
66654276,0
86122386,0
85462998,0
121534516,0
191462763,0
180239019,0
76742650,0
91935494,0
82445998,0
89412063,0
126707570,0
127561646,0
115990759,0
42169664,0
59219829,0
75477594,0
114880261,0
113765598,0
123977825,0
86454015,0
90893580,0
75907237,0
111965323,0
98728486,0
36560235,0
40426021,0
137106816,0
81329085,0
134677838,0
67002022,0
62464225,0
97461406,0
191978795,0
117711534,0
140849864,0
155975841,0
152324364,0
125046703,0
134158016,0
116313584,0
92165100,0
76498032,0
211687822,0
76805549,0
87620720,0
166128979,0
86836097,0
57189000,0
138138190,0
85765027,0
45190937,0
87465481,0
38791121,0
83555855,0
89005248,0
152393175,0
151834970,0
116446518,0
78344753,0
120695777,0
106568909,0
79559168,0
82171495,0
151241461,0
93994698,0
56832875,0
38843518,0
84189128,0
68582086,0
103535852,0
126872353,0
105682520,0
132208631,0
36510147,0
162933271,0
121428644,0
43936757,0
129080578,0
99824792,0
40383305,0
132892782,0
138547334,0
84060922,0
43701564,0
104289840,0
211723925,0
136424698,0
180133217,0
83770963,0
140202437,0
95854585,0
64063831,0
78557769,0
179016304,0
88648630,0
106287093,0
82612103,0
62516099,0
210539849,0
74652643,0
126180553,0
151461376,0
132768158,0
91691754,0
151920934,0
99818140,0
138243903,0
64979523,0
71801897,0
73994992,0
146241125,0
47322663,0
126236612,0
71695660,0
90381249,0
35353676,0
162493550,0
72214930,0
104628160,0
143612494,0
113290337,0
109359757,0
112180796,0
40128886,0
121730861,0
139757229,0
135031979,0
32017562,0
31464361,0
111526530,0
51941006,0
107011137,0
39258733,0
32229107,0
39061923,0
160038545,0
151782503,0
122244229,0
144709185,0
131431883,0
55857610,0
111396419,0
91862390,0
79624308,0
42242205,0
100352322,0
195118138,0
44489534,0
92793755,0
62643921,0
113322916,0
120162917,0
95635688,0
105054448,0
67205523,0
37584433,0
127280717,0
143975094,0
38384907,0
130220606,0
120729324,0
169894174,0
99118967,0
109121801,0
65153475,0
135257381,0
140802608,0
162521017,0
134989332,0
198846302,0
119291737,0
61773935,0
144734885,0
155396298,0
143136177,0
108105083,0
80650954,0
132889979,0
87660218,0
81454182,0
210436938,0
38271654,0
102309228,0
104918544,0
116350773,0
179640072,0
31579667,0
109299987,0
206272015,0
155488806,0
104516772,0
105875431,0
76681833,0
73226515,0
42337615,0
122740788,0
72077199,0
145769792,0
65845660,0
130171258,0
130526751,0
158350182,0
42008237,0
66424847,0
99169183,0
77119126,0
32767978,0
42939838,0
78503762,0
116753393,0
41763194,0
63916675,0
96254709,0
43469816,0
84831462,0
39858429,0
61235222,0
127149323,0
60398921,0
56059513,0
62159787,0
109600023,0
113344906,0
118500649,0
89709800,0
127898653,0
37615828,0
179256757,0
112854998,0
72445602,0
115924731,0
59366580,0
127659424,0
77128413,0
108997927,0
85205135,0
112753401,0
103345457,0
66489760,0
77092073,0
79991062,0
142200835,0
175663481,0
212467886,0
109999791,0
206146888,0
163981946,0
45223191,0
55813898,0
175314640,0
128058600,0
152227464,0
42794123,0
92158231,0
116051753,0
118115951,0
99334144,0
135731665,0
175796612,0
112558604,0
130254074,0
91778972,0
41074730,0
88048035,0
33670010,0
173496728,0
86868982,0
98600931,0
57812315,0
93389346,0
39596569,0
39223923,0
129523782,0
129806961,0
148524971,0
115622672,0
85988199,0
154873772,0
141229083,0
121287223,0
123702463,0
208206911,0
149175447,0
102299151,0
91629566,0
65444164,0
148381526,0
165349981,0
212197942,0
31441414,0
110039605,0
154926643,0
159540426,0
96345796,0
87116078,0
199045224,0
143811485,0
40298772,0
86977054,0
97008263,0
184725110,0
151441755,0
136090405,0
116994310,0
32189106,0
75445498,0
196740652,0
151182165,0
103138413,0
75300651,0
103747298,0
109024674,0
143835715,0
139928398,0
124104965,0
105902385,0
61985786,0
90847331,0
139823336,0
122857260,0
151040546,0
94672513,0
147552766,0
34069127,0
116174521,0
34541861,0
67497742,0
59706480,0
84893117,0
178562292,0
159459752,0
172460468,0
107671640,0
155872576,0
107691962,0
164219655,0
156575331,0
124760346,0
161737371,0
57608824,0
181106251,0
38048275,0
84358145,0
64254571,0
116579362,0
123805383,0
112611939,0
34073924,0
198773662,0
78154951,0
119870895,0
156178592,0
42561981,0
34909425,0
126185655,0
39199456,0
140388539,0
111266436,0
93270427,0
96316424,0
111822233,0
84464855,0
127301078,0
178179529,0
123078003,0
99139604,0
115055002,0
113174546,0
141701541,0
73775274,0
105097480,0
84245760,0
92710949,0
130514177,0
63947064,0
185070496,0
143295364,0
111703709,0
83981323,0
151278472,0
173798204,0
94715337,0
124273903,0
124817166,0
69879169,0
64196666,0
71743597,0
161388756,0
76573495,0
116788993,0
133958176,0
113057977,0
85922428,0
152342485,0
57091676,0
136130634,0
109174968,0
78340253,0
116290252,0
121598066,0
80127786,0
81206366,0
59835090,0
133982465,0
37545754,0
76213461,0
45006514,0
161821943,0
131378942,0
112807279,0
191920880,0
90744371,0
132079497,0
177490344,0
109304221,0
129114707,0
208028212,0
139433339,0
126839566,0
41388712,0
130152733,0
63559168,0
37268093,0
165720082,0
156713426,0
58087638,0
90815630,0
129998441,0
85492903,0
89098022,0
150322621,0
131746516,0
59603510,0
33926432,0
82315611,0
84665840,0
98878139,0
105771791,0
101917118,0
78255660,0
77637260,0
66839065,0
80635528,0
56351091,0
58727898,0
153164336,0
163897926,0
65975070,0
143337843,0
150088672,0
106577367,0
124234296,0
194596164,0
77268108,0
155269099,0
72084463,0
101820297,0
104150037,0
133431899,0
85867207,0
44224199,0
143102009,0
151679889,0
97815883,0
95637612,0
87509115,0
34248418,0
38411230,0
119427020,0
84813380,0
81145895,0
85537957,0
138037757,0
66619634,0
78912788,0
59247879,0
110713659,0
115634229,0
80372256,0
62447417,0
108196476,0
77850868,0
166440898,0
137090304,0
45243157,0
84763499,0
85362160,0
95539933,0
81005312,0
93274641,0
152359016,0
98248813,0
88443727,0
115219884,0
126951665,0
64451084,0
148578139,0
80617111,0
36969685,0
162202120,0
150542516,0
69768186,0
94367838,0
79340902,0
106583733,0
155841595,0
208199835,0
132117524,0
33514445,0
102213512,0
83897787,0
155964758,0
64803360,0
64995709,0
40607602,0
116451107,0
152474283,0
111313376,0
35236435,0
62292345,0
76646135,0
88613681,0
78214139,0
142159688,0
75798494,0
142804568,0
65794515,0
103569290,0
103127714,0
210475094,0
120419310,0
126845961,0
81136361,0
115617076,0
103576850,0
55417791,0
98044818,0
182894032,0
125332379,0
64268773,0
180688767,0
92804147,0
74632430,0
178399167,0
65159248,0
64392242,0
41593999,0
41542529,0
42007309,0
90429856,0
165427961,0
127274549,0
194688653,0
96108876,0
36569068,0
115036546,0
66021605,0
64194425,0
76227871,0
140412591,0
119900010,0
107696373,0
131632739,0
110488099,0
71912870,0
40569495,0
67524410,0
78273899,0
45256027,0
162505137,0
65924755,0
74502585,0
113779129,0
33677008,0
38306730,0
128405221,0
105077780,0
131199404,0
111056806,0
203779890,0
96857554,0
115341921,0
77531942,0
75124627,0
98854590,0
90190301,0
74284980,0
194503755,0
122774799,0
36905819,0
105769738,0
75672360,0
194338617,0
69908058,0
35612309,0
59053309,0
44601041,0
92838227,0
34473643,0
134712273,0
32007189,0
67972885,0
91140182,0
75886284,0
118636839,0
31554826,0
106730198,0
60852321,0
117637611,0
166612412,0
210583354,0
129130064,0
119516122,0
64380655,0
39999446,0
69151444,0
104174395,0
116404957,0
67443627,0
141618765,0
112089581,0
160758020,0
96319227,0
60346948,0
133482984,0
194381599,0
60776878,0
126206401,0
176162774,0
33770216,0
92400530,0
111564409,0
43525816,0
104813788,0
191846710,0
86090448,0
119768745,0
83163143,0
156096398,0
85465692,0
196561203,0
175337734,0
115455481,0
86443711,0
176019813,0
115949247,0
145695583,0
35449825,0
34202021,0
104083703,0
151175029,0
120983417,0
96980520,0
75123314,0
78433037,0
33508455,0
72503181,0
81316145,0
114573356,0
115721417,0
93943425,0
177970441,0
66221909,0
130634843,0
63931519,0
196118659,0
116421439,0
88469457,0
43994919,0
115511797,0
79346982,0
194127862,0
43092403,0
175933592,0
33530849,0
71903800,0
180110744,0
85982327,0
173536512,0
32822142,0
97339754,0
160580653,0
179561125,0
121193600,0
142331795,0
128387811,0
83810412,0
33152616,0
107480762,0
76631489,0
88943938,0
77761874,0
63806441,0
43006044,0
92793054,0
80556393,0
86800290,0
157360053,0
107988514,0
77617936,0
135546225,0
88007145,0
39812408,0
145297403,0
99487942,0
72599114,0
163130791,0
128066239,0
212034679,0
55829294,0
78530154,0
66964280,0
83933673,0
163771782,0
152777932,0
125310814,0
87163353,0
71897424,0
163960953,0
60232549,0
84984796,0
108579614,0
119163314,0
68416395,0
79886780,0
72298199,0
76564928,0
75512187,0
149547048,0
160190478,0
80272810,0
72994836,0
125819661,0
31444651,0
127583379,0
140137525,0
83705873,0
87451575,0
83880150,0
76171703,0
177473388,0
92349248,0
33522657,0
93489305,0
94033150,0
106715098,0
62366150,0
102355092,0
92116039,0
178857966,0
162223439,0
64949963,0
103583038,0
151257420,0
114944601,0
148383806,0
69259013,0
77303421,0
194936074,0
102596482,0
76310657,0
38504122,0
68933513,0
76810267,0
61996701,0
198640679,0
39700713,0
123742928,0
93627233,0
94475456,0
96284762,0
62219922,0
43559393,0
181294100,0
160301067,0
84775126,0
119487392,0
43570309,0
160670190,0
139892019,0
148971255,0
178627352,0
108284404,0
130145972,0
179479089,0
42447750,0
148382819,0
194464099,0
116037867,0
60976836,0
89417116,0
44897938,0
75499929,0
139704348,0
165556365,0
36871266,0
95144398,0
100430124,0
85103093,0
62318589,0
137162422,0
119803821,0
118195411,0
175337655,0
113173431,0
78674635,0
93647683,0
112170472,0
75516342,0
180296628,0
77526721,0
151359235,0
38022811,0
33873107,0
152233682,0
33736294,0
99311671,0
92742877,0
71126154,0
109231403,0
206161159,0
175163911,0
80062400,0
65205734,0
144982632,0
151171792,0
207389915,0
59699551,0
141036261,0
91393080,0
74881361,0
180892200,0
142052949,0
42140361,0
164873733,0
205823550,0
45508225,0
128047615,0
31470717,0
80210444,0
155523725,0
156279233,0
130361021,0
99590467,0
75100831,0
99844837,0
83653485,0
155023790,0
196229021,0
76678675,0
139141179,0
140587688,0
72569179,0
120376091,0
159471773,0
39389544,0
208215034,0
63917287,0
59486407,0
78397595,0
33684074,0
144658366,0
37491649,0
144815362,0
154775569,0
116045683,0
87597260,0
36802010,0
57642795,0
91855688,0
142964249,0
81439496,0
35229368,0
163842962,0
57073802,0
102331592,0
71964252,0
59203515,0
120060125,0
88730715,0
87437866,0
143204534,0
152689885,0
110963982,0
195223052,0
65484284,0
71920796,0
100998149,0
34064429,0
34505590,0
199373902,0
147947580,0
75647746,0
106823160,0
99982340,0
128027817,0
107311232,0
105683438,0
33549542,0
111872420,0
41156055,0
82640627,0
208362673,0
119145469,0
82536009,0
139256485,0
32693857,0
92275147,0
83614401,0
94806285,0
178354566,0
34883705,0
122544640,0
85236204,0
151900603,0
62189277,0
103869632,0
82305238,0
73993748,0
110187185,0
39957264,0
85211461,0
87573376,0
61320772,0
104231649,0
85026534,0
62479700,0
135851857,0
193881733,0
69982030,0
185062502,0
91686405,0
105934560,0
91288393,0
163557878,0
210557861,0
133504904,0
38305161,0
147667845,0
154118806,0
191349983,0
44738850,0
74567725,0
107673940,0
159660016,0
96326876,0
87949200,0
32600411,0
76746519,0
61062257,0
144897961,0
102711059,0
138280006,0
83846061,0
76715203,0
44577403,0
112898573,0
142264198,0
73376000,0
90722401,0
128198828,0
82199307,0
121050708,0
137790247,0
84492816,0
134644656,0
98677805,0
64420094,0
118243200,0
36294841,0
102718599,0
42218252,0
160145798,0
108312158,0
78323267,0
89164376,0
106002483,0
87881199,0
151147582,0
89629974,0
107877106,0
112159793,0
124898896,0
117554450,0
61943415,0
83950195,0
34449541,0
192348451,0
125286001,0
64621967,0
70575578,0
55772771,0
139986708,0
86383151,0
124691476,0
71691801,0
119455582,0
112959290,0
107703144,0
177987368,0
40511472,0
84721741,0
60433899,0
56101429,0
115972401,0
127765660,0
181330213,0
78843928,0
89150351,0
90282947,0
38468088,0
145051611,0
96354747,0
146044759,0
128592190,0
62588562,0
87684833,0
90383331,0
128573340,0
132072933,0
118133223,0
161318811,0
130626434,0
185012147,0
76801779,0
72291962,0
77771862,0
93604780,0
131829282,0
134241384,0
176611782,0
109654779,0
123767790,0
42515465,0
162287601,0
123451449,0
117945454,0
121516168,0
154933463,0
203975378,0
60458553,0
126341368,0
91889156,0
43079296,0
43760476,0
74740640,0
141504860,0
77134641,0
34624894,0
93043347,0
112817839,0
71929915,0
135961251,0
64655277,0
161225859,0
80636781,0
157790990,0
165691006,0
85545695,0
120140720,0
76652373,0
67010056,0
79160930,0
175605082,0
133434504,0
155724245,0
127018186,0
40205168,0
59135582,0
118559244,0
90051781,0
90189068,0
154347287,0
111922745,0
58824413,0
35169953,0
133467479,0
206389887,0
185129487,0
115660019,0
88888678,0
115565201,0
42708653,0
84005159,0
37939265,0
32406602,0
108795670,0
92307400,0
41424173,0
71792481,0
34499728,0
148258689,0
56759564,0
127763460,0
62650286,0
134787509,0
62558006,0
140342615,0
62317118,0
32949391,0
185020576,0
60997345,0
106880651,0
62142485,0
38003803,0
38637411,0
64381020,0
147473858,0
128924559,0
129170026,0
109659290,0
141072295,0
182846884,0
184471915,0
115252266,0
79731008,0
72280375,0
150953585,0
119417505,0
91064768,0
152087346,0
37191416,0
38533317,0
123779929,0
61604345,0
44092351,0
34166609,0
91632645,0
72768565,0
87519409,0
103677471,0
81682683,0
32134527,0
88881977,0
158193788,0
44107452,0
84606109,0
126932636,0
209871647,0
73962984,0
36954496,0
74229622,0
63874078,0
154862510,0
57676539,0
44548534,0
56413200,0
44443640,0
94542925,0
144317283,0
42258125,0
154882970,0
136947284,0
99555480,0
40265847,0
84318430,0
153066489,0
181277084,0
61774931,0
56429455,0
143090264,0
193918113,0
87216037,0
123608613,0
39558147,0
94404089,0
93993188,0
84896058,0
74539290,0
102889363,0
96200278,0
44609272,0
145918073,0
60951461,0
67826608,0
74413335,0
39584992,0
106904831,0
87452562,0
106978054,0
213245660,0
195214298,0
77161072,0
153022964,0
104445040,0
162230209,0
63382098,0
130002251,0
145897939,0
160553581,0
93651808,0
39777203,0
65988305,0
127229553,0
92388677,0
33520565,0
192916545,0
41939366,0
35445354,0
136979587,0
108847870,0
34986832,0
106551262,0
143087510,0
177501625,0
144823248,0
164412734,0
44426240,0
87804167,0
110705033,0
35805210,0
87080892,0
137615861,0
56846545,0
133118401,0
130084968,0
99775375,0
107758917,0
77154953,0
174160439,0
31820219,0
56151784,0
103881061,0
82759299,0
67091944,0
45269864,0
37386143,0
64865450,0
127805001,0
136582059,0
33455662,0
34337847,0
156825772,0
112073335,0
71003426,0
76113265,0
131280157,0
84618357,0
76165189,0
117327478,0
155419650,0
87573948,0
98950394,0
139561338,0
203851692,0
86892659,0
92675310,0
194414554,0
36242828,0
80380971,0
148083573,0
136576444,0
117957100,0
66476248,0
32580702,0
105612318,0
141110253,0
40489719,0
159385335,0
122687966,0
71009792,0
76881338,0
64208519,0
106056864,0
96938623,0
130225176,0
142253282,0
192092582,0
102776336,0
95545075,0
42894586,0
62707155,0
63927482,0
121592993,0
154027345,0
56425300,0
43685813,0
82175561,0
116543713,0
141645314,0
36397860,0
74574140,0
145353157,0
196598253,0
37498814,0
107169929,0
75404154,0
63851723,0
76067924,0
194962050,0
87698424,0
43787608,0
178441281,0
64876455,0
75157819,0
159571170,0
147898172,0
102519865,0
75824333,0
113457449,0
114860818,0
94535237,0
89111257,0
112034331,0
87136587,0
115622958,0
85756668,0
72245259,0
98629750,0
64973947,0
76356669,0
139430299,0
166472925,0
60144285,0
91420370,0
40207488,0
142017418,0
43939866,0
111070969,0
148439925,0
107828695,0
111843068,0
182709806,0
147712584,0
144584196,0
145108420,0
37142976,0
72426652,0
94039555,0
185612703,0
130792027,0
39936695,0
66094571,0
65211834,0
67021317,0
44155912,0
99968839,0
199386347,0
160564289,0
123423656,0
113690253,0
156088789,0
118635941,0
107634540,0
40506300,0
114836657,0
76231878,0
155144248,0
175454788,0
33759952,0
81182116,0
137062038,0
44739916,0
79717250,0
191276494,0
161294906,0
61109503,0
90617142,0
116222734,0
78541514,0
80272997,0
143129959,0
77231926,0
116590268,0
90389006,0
39110027,0
88533343,0
178493965,0
59566894,0
77632079,0
77864636,0
69786464,0
145601644,0
59440000,0
41712168,0
62196166,0
42373728,0
66712309,0
72739045,0
89008969,0
78536737,0
141086103,0
125685424,0
122707459,0
126988113,0
33314013,0
139752453,0
130222067,0
129053861,0
158369191,0
33295399,0
107021223,0
62755615,0
70714760,0
79591649,0
35430175,0
68941744,0
67551482,0
76750151,0
129665875,0
176879337,0
115667648,0
111413424,0
113508336,0
113387345,0
144436122,0
127095347,0
59206939,0
110339799,0
128313325,0
62211286,0
129519351,0
116084471,0
137623174,0
111594897,0
34307754,0
144336795,0
89350043,0
72279497,0
38106367,0
157825948,0
139908303,0
196617805,0
82328856,0
81534027,0
77303115,0
164151397,0
149946579,0
112233608,0
43092511,0
194634113,0
150825734,0
104287906,0
65231770,0
64523241,0
73686083,0
137996492,0
113117796,0
109202307,0
40255375,0
158948773,0
106119477,0
78660699,0
31673883,0
36274451,0
114978088,0
105100579,0
73050638,0
123317864,0
178335074,0
112441847,0
81849627,0
115502016,0
63121580,0
115720282,0
32623240,0
81842393,0
198785782,0
194012279,0
102763565,0
76058785,0
184369350,0
103483474,0
76090318,0
175954101,0
66111399,0
42139186,0
38097445,0
34140978,0
116218007,0
181303012,0
35282230,0
121802584,0
112625066,0
106238958,0
44504467,0
105610975,0
88107716,0
42910526,0
212957112,0
127310307,0
83350814,0
134928723,0
122483804,0
127785192,0
166591597,0
81206919,0
124471966,0
39907797,0
76042934,0
40808655,0
92973204,0
84730999,0
135223587,0
109540765,0
58005345,0
131957133,0
42627021,0
158472851,0
82187770,0
41064308,0
143801833,0
128352083,0
108085700,0
83491446,0
154166101,0
153723311,0
73446271,0
77873164,0
175355727,0
105594809,0
179086457,0
88738029,0
135952862,0
96018500,0
99510553,0
129397037,0
141139467,0
36925242,0
139009942,0
125998074,0
37851011,0
88476188,0
107651595,0
114525853,0
128136471,0
79684631,0
152584556,0
96400760,0
141775100,0
41793128,0
179679837,0
62667825,0
31963102,0
82226133,0
63916547,0
108073718,0
97316432,0
43393840,0
114464198,0
149331713,0
151706487,0
93597525,0
62501611,0
88304980,0
75997337,0
175427133,0
99801075,0
44969443,0
60104274,0
139944564,0
84049601,0
184978906,0
162745847,0
146339051,0
121522662,0
209991444,0
121653484,0
80337860,0
103321790,0
119880498,0
90342017,0
76803417,0
82802054,0
73540664,0
44803190,0
92915921,0
65573949,0
75182542,0
80611456,0
105142090,0
33805263,0
143464796,0
128645319,0
161652897,0
114849537,0
76629574,0
132792398,0
140471858,0
102019397,0
94508066,0
205683658,0
80374141,0
139523478,0
62996621,0
41032320,0
36697156,0
58708169,0
93918041,0
108110956,0
98824705,0
138462683,0
39627540,0
176125566,0
121698420,0
39943713,0
126742834,0
87416844,0
31690079,0
115046218,0
180911218,0
119575527,0
94766077,0
121662436,0
103439613,0
111618712,0
182560380,0
119624510,0
45134809,0
159730298,0
35895971,0
181280035,0
110692213,0
163592452,0
161106269,0
81980587,0
142106896,0
156921872,0
87621194,0
102390109,0
113263383,0
82548040,0
110601600,0
37272287,0
174218038,0
61563919,0
153903254,0
62073240,0
93328717,0
175132555,0
180675956,0
88568025,0
93021289,0
67214287,0
119759309,0
125618400,0
94631061,0
89702782,0
141834268,0
78164386,0
151637825,0
67921415,0
56059365,0
155560893,0
85882298,0
79907881,0
165642674,0
134726988,0
147683321,0
97515571,0
92464821,0
85857210,0
131576986,0
37570487,0
114988915,0
146547024,0
132786377,0
73378447,0
175712227,0
140695168,0
32749166,0
100821237,0
116133572,0
35745765,0
110926132,0
90243380,0
57956688,0
164735223,0
71697239,0
133153152,0
122012313,0
154099136,0
64637255,0
176923355,0
162247047,0
89024889,0
45191500,0
128059143,0
125723087,0
165974619,0
43925170,0
112516895,0
101181152,0
31503790,0
94482059,0
89838815,0
132678157,0
147807214,0
93601661,0
63627604,0
43738714,0
86832208,0
56365441,0
90133561,0
66889538,0
79636457,0
152922403,0
110296757,0
40907193,0
40065918,0
66902467,0
36160792,0
61947472,0
35848557,0
98812940,0
91511437,0
109826767,0
135420940,0
131984887,0
148164267,0
57727989,0
35746585,0
99881828,0
41418784,0
132234183,0
85734155,0
122420589,0
101022517,0
126810431,0
84900263,0
131613740,0
103810463,0
107057642,0
95367896,0
81482774,0
80703036,0
113670849,0
129669971,0
118045689,0
66838453,0
175087698,0
32698328,0
140618323,0
78997312,0
129284346,0
129471681,0
142600327,0
62967505,0
63466483,0
150344058,0
96415436,0
57621170,0
154845821,0
41876813,0
123744103,0
44487116,0
126625771,0
76827410,0
40428320,0
80448982,0
73288229,0
124535290,0
113091967,0
159493171,0
115672306,0
119820688,0
193373340,0
81116612,0
77504949,0
131121494,0
93008517,0
76169177,0
75807633,0
77582987,0
113050979,0
72412568,0
74817061,0
78237322,0
149372356,0
77036715,0
115084325,0
64980974,0
84185782,0
131557631,0
86484758,0
94189208,0
61399798,0
160408241,0
90616826,0
175804271,0
161409108,0
38213769,0
131719977,0
84908188,0
102406739,0
32115390,0
100635955,0
35667865,0
160673506,0
77919097,0
156438943,0
112573389,0
109306431,0
165639250,0
156513972,0
176869665,0
141901885,0
34442849,0
43557310,0
112900714,0
85166229,0
60927656,0
88404169,0
32891683,0
113352515,0
82180792,0
93332033,0
206275410,0
61628861,0
138238534,0
185094588,0
122184745,0
68828214,0
82250412,0
38388539,0
63979416,0
62267237,0
112082346,0
157968386,0
67139278,0
33568126,0
36118234,0
180093186,0
107036472,0
72146336,0
198866920,0
35706761,0
124531776,0
75545033,0
118630947,0
31555743,0
108226805,0
72651294,0
59306701,0
67098142,0
95713519,0
76716041,0
43935000,0
160963623,0
89041973,0
92853012,0
55842786,0
123069811,0
196188625,0
87028041,0
57931076,0
39802617,0
154552812,0
93240118,0
176642950,0
133563313,0
117108265,0
45253422,0
130384570,0
32986165,0
158543251,0
58026328,0
176482401,0
79043669,0
80031853,0
113172010,0
62909413,0
42574051,0
185067210,0
70351489,0
108744121,0
120247144,0
95426876,0
76986775,0
111639783,0
86321525,0
144711534,0
206673461,0
121173801,0
67683025,0
122698843,0
111412230,0
163852920,0
130426338,0
64003824,0
89318223,0
65756695,0
155467991,0
74786800,0
126756415,0
66284176,0
116695419,0
72397892,0
164556939,0
32850172,0
45167517,0
185016816,0
116818710,0
161252724,0
102146586,0
196150499,0
76416696,0
57913834,0
143725146,0
135386080,0
94084423,0
33037053,0
195290235,0
118231041,0
62853699,0
85314707,0
81302713,0
116071423,0
138599416,0
109176202,0
87391420,0
124561859,0
114697357,0
119265533,0
163146898,0
78832035,0
96471633,0
137182753,0
86533534,0
62272468,0
151650497,0
64282383,0
90943925,0
142111535,0
88176636,0
83809879,0
57661527,0
142559279,0
65807997,0
143119725,0
162890713,0
112171814,0
67066125,0
176973799,0
38822772,0
84178508,0
86367883,0
34997294,0
98600290,0
115875324,0
65091424,0
150931437,0
124596649,0
147130307,0
98717866,0
155179058,0
171216198,0
103137337,0
67914940,0
131526888,0
115834326,0
117083008,0
40308089,0
145384542,0
95499082,0
87685080,0
75978466,0
209783284,0
91918370,0
196129585,0
96464310,0
124831111,0
33753537,0
108522370,0
40557819,0
124963956,0
65172809,0
174480125,0
135897948,0
165797262,0
96706135,0
175593416,0
77325184,0
150623190,0
112596395,0
120561767,0
35184896,0
161193654,0
112658327,0
192154918,0
40493993,0
129590856,0
66880793,0
105082912,0
122630614,0
141788581,0
42867119,0
69034854,0
78619543,0
61998063,0
148994804,0
90239541,0
59578283,0
80528936,0
104077999,0
60387847,0
104073350,0
164255363,0
41867940,0
61178788,0
132883366,0
136578398,0
94276781,0
63106854,0
97865172,0
140661887,0
72601601,0
62471163,0
106846206,0
67434389,0
35964881,0
130235677,0
91591953,0
84686220,0
102573743,0
66782926,0
95684809,0
85363265,0
115075136,0
95389155,0
44041306,0
80198058,0
37748821,0
64071687,0
151673582,0
78115364,0
108370852,0
90198148,0
142357396,0
45149722,0
67458461,0
115937601,0
64919743,0
116886574,0
109829767,0
71719475,0
36235416,0
31888714,0
192719676,0
153643239,0
107631313,0
109601276,0
135182550,0
36139721,0
88966934,0
39622990,0
175860843,0
176107633,0
42483863,0
180955000,0
162685988,0
59481838,0
99162521,0
113903397,0
103968752,0
77823717,0
78711981,0
122240636,0
62519228,0
90623676,0
147955337,0
63011188,0
164172192,0
133926297,0
83271136,0
164539697,0
210544556,0
77384579,0
77770174,0
196215668,0
102339478,0
85834065,0
90392776,0
105826251,0
75048562,0
122094497,0
64145314,0
123365850,0
69871609,0
85051879,0
123977845,0
115897264,0
78915808,0
63898821,0
178205437,0
32953319,0
92445654,0
141227445,0
36478080,0
82492059,0
83984245,0
79345797,0
136903493,0
125375706,0
116043157,0
180512022,0
140106288,0
83947323,0
118037587,0
65806596,0
158282417,0
112774127,0
126929675,0
160536901,0
34647288,0
31260524,0
115504424,0
130423950,0
86274792,0
137213349,0
80656145,0
109081977,0
116305027,0
40699478,0
103539553,0
113645050,0
116248425,0
154063961,0
76513349,0
203711958,0
76216728,0
115260813,0
139962576,0
37730405,0
38351657,0
99597268,0
167093496,0
105699535,0
72398534,0
73488079,0
182883649,0
129040162,0
87485161,0
62214050,0
76617020,0
66510229,0
36894617,0
34453874,0
81639878,0
140640421,0
33611039,0
137088923,0
93829214,0
93981562,0
64453394,0
127656049,0
186677712,0
79719925,0
76316510,0
66594042,0
96766626,0
85439074,0
114480463,0
120199464,0
204708304,0
140015379,0
167162307,0
134649028,0
121197380,0
126806907,0
131835135,0
112764208,0
45060412,0
33278621,0
94151911,0
84764329,0
42895257,0
78208020,0
196311818,0
135479230,0
113059447,0
112905096,0
158349807,0
157225570,0
166243101,0
154330519,0
118082691,0
76821775,0
41595184,0
178024902,0
115755458,0
120771753,0
86608138,0
213469275,0
122538452,0
113775230,0
91657299,0
116475416,0
113862843,0
131332644,0
116067860,0
120038876,0
39395140,0
73094805,0
159432058,0
192997131,0
63778629,0
108110699,0
90377873,0
81463558,0
73602083,0
82577747,0
164588591,0
164448916,0
177459137,0
156927804,0
112271468,0
106225970,0
164363692,0
103897730,0
41003629,0
78017803,0
74420362,0
76316095,0
123693955,0
86781458,0
103694624,0
59835308,0
74495351,0
73879201,0
120021377,0
86668402,0
131256332,0
33327949,0
36553119,0
145607635,0
88896781,0
85237517,0
74760103,0
91285403,0
195333207,0
88334727,0
141433592,0
43840292,0
133075626,0
59036689,0
132974818,0
96681935,0
43045867,0
38832267,0
118261834,0
78073497,0
98710809,0
125196701,0
112111284,0
181094151,0
75557952,0
112093854,0
83617461,0
102453650,0
36747214,0
130537450,0
167100573,0
181070020,0
139091998,0
95373798,0
125028780,0
118253918,0
137405253,0
63551184,0
70579546,0
38858224,0
67008842,0
163504928,0
40355976,0
130399848,0
83918790,0
159832596,0
96148769,0
61421531,0
178684705,0
132073555,0
190911476,0
57773537,0
127566719,0
139880619,0
66065939,0
138771749,0
193273302,0
149027077,0
82611985,0
88095547,0
56812870,0
103206523,0
45238094,0
57236098,0
150149459,0
155970689,0
77693882,0
74882299,0
94285368,0
77120448,0
116270434,0
152004115,0
78677230,0
130252939,0
86971409,0
76425194,0
105552824,0
212871414,0
76226687,0
107252517,0
42976938,0
92809911,0
61630529,0
146539207,0
176063871,0
87322333,0
135411554,0
151062614,0
87723927,0
145209357,0
146438389,0
136590616,0
178712813,0
211567975,0
85153418,0
127108434,0
42655051,0
81193693,0
131062503,0
72079953,0
122243489,0
161942994,0
93715023,0
102232018,0
127158561,0
117722766,0
62101704,0
93527333,0
33539889,0
151244343,0
61426969,0
106079772,0
110560868,0
66114754,0
84323888,0
99896425,0
99906976,0
107310176,0
146820461,0
44129876,0
158455204,0
108832246,0
76550765,0
114920469,0
66716109,0
91521819,0
85897083,0
67064852,0
122169042,0
164833900,0
112170225,0
124418572,0
63914820,0
120865386,0
105521330,0
159857428,0
71607120,0
36936533,0
58077245,0
125450093,0
59153259,0
66266914,0
136667116,0
162267368,0
132969014,0
98882679,0
141837466,0
152513377,0
157763611,0
64087242,0
117900804,0
39802015,0
60004887,0
31882654,0
114564453,0
102353295,0
98831031,0
162012654,0
92234652,0
41053589,0
72270742,0
77574065,0
99758665,0
59202261,0
119886667,0
99400636,0
143416365,0
84212855,0
130672723,0
125772563,0
112512316,0
100705279,0
130810769,0
75807613,0
136717164,0
83815376,0
62356340,0
129130795,0
123280843,0
96832989,0
33031437,0
63919261,0
90641451,0
78385830,0
146241155,0
120028305,0
92384245,0
191764220,0
91400522,0
66281106,0
92469874,0
116024858,0
40524549,0
82826836,0
202177876,0
130694979,0
194195182,0
69557864,0
133338226,0
43678252,0
43367528,0
154293814,0
177376044,0
213123819,0
33509353,0
102730847,0
81994128,0
151432596,0
146769139,0
83492926,0
138530359,0
108912210,0
75122772,0
61985796,0
109018535,0
32994485,0
64397917,0
127110013,0
195399876,0
41537920,0
83600238,0
40242179,0
185152217,0
45280573,0
90262981,0
72711371,0
96358360,0
83753267,0
176805542,0
131701461,0
58950340,0
190456912,0
145233073,0
203912202,0
89148801,0
36269279,0
86160206,0
112868569,0
77665981,0
146414090,0
93769197,0
142415509,0
67115957,0
41169912,0
173593538,0
125138352,0
156524947,0
36596496,0
43929809,0
62994647,0
32323984,0
128163860,0
39696450,0
95555270,0
88031750,0
67273426,0
108954679,0
85868066,0
114938037,0
107822181,0
184701896,0
167287158,0
82767096,0
128694400,0
35149977,0
64018312,0
125819404,0
142354880,0
131140433,0
138698448,0
141364514,0
148471616,0
153547474,0
111937717,0
119034150,0
63930344,0
103467682,0
155324191,0
157400528,0
65303098,0
213526953,0
130912880,0
67618537,0
35243817,0
114109948,0
61671202,0
180037531,0
166224606,0
143522464,0
147606644,0
118757495,0
71269727,0
118349733,0
74281486,0
90321251,0
33418167,0
164617282,0
90368645,0
177186647,0
109017232,0
128560687,0
42129889,0
128169910,0
57021543,0
64453246,0
64712738,0
158353962,0
148113833,0
99114851,0
108094938,0
79456298,0
96215724,0
80320490,0
166353088,0
91202557,0
92876511,0
145677235,0
185271461,0
45616702,0
83832993,0
178948193,0
156868626,0
111071087,0
43561446,0
62047115,0
82716603,0
83076537,0
96723338,0
67656821,0
130395535,0
34799636,0
80526123,0
111401936,0
105530923,0
35995032,0
32869546,0
95660914,0
121766313,0
203848504,0
203555604,0
83274245,0
34309324,0
89140541,0
137034778,0
134186035,0
156088601,0
111991734,0
122443319,0
139988682,0
87854235,0
80878073,0
45664145,0
138074738,0
205877309,0
135288559,0
45258534,0
38983203,0
75733374,0
72990582,0
128167955,0
38950791,0
41533864,0
99761123,0
86125011,0
118169958,0
151218426,0
36603631,0
76093062,0
79531830,0
110468883,0
104845518,0
113931960,0
45657532,0
34044848,0
147846160,0
44595415,0
141035876,0
31966822,0
103947503,0
198644933,0
80290190,0
79211364,0
55897790,0
63641826,0
60433179,0
175386599,0
144994219,0
78905524,0
144252064,0
113026019,0
45666099,0
39282824,0
59192569,0
97017768,0
129471602,0
85365151,0
103803584,0
129825171,0
59591844,0
103656350,0
63745408,0
146302889,0
32337317,0
124759754,0
62315075,0
40176556,0
78789399,0
146767441,0
106272861,0
154463601,0
84769411,0
83866767,0
95297486,0
67745381,0
192936926,0
103551189,0
129013968,0
77757847,0
119164824,0
104297894,0
158474667,0
193842541,0
66664935,0
106327972,0
125906474,0
92702116,0
156901768,0
83435544,0
121617568,0
141356421,0
135674658,0
125744010,0
178029156,0
111996303,0
115043780,0
100543052,0
146764708,0
128624740,0
34760246,0
150115310,0
125359698,0
92689532,0
188955449,0
75060425,0
87096575,0
33485350,0
192433428,0
34198715,0
111567864,0
193142806,0
165730948,0
55960540,0
204619063,0
123373746,0
143149018,0
77242526,0
74845801,0
212193442,0
83300232,0
92905883,0
121098832,0
108958153,0
90785359,0
154568386,0
102387000,0
44155152,0
56273367,0
72116559,0
99147648,0
108393838,0
203854327,0
123478768,0
99233030,0
38658453,0
56690773,0
33740390,0
96068450,0
91760279,0
76875238,0
212354711,0
138872923,0
180633892,0
132941991,0
130178838,0
36303171,0
149129109,0
147745036,0
85419887,0
112993765,0
193455041,0
78043345,0
58452862,0
37004920,0
131140049,0
44097740,0
105821415,0
174210251,0
80769360,0
134517230,0
85283035,0
98057086,0
87856683,0
180220968,0
59340446,0
90258471,0
198953733,0
106616826,0
141669426,0
87941265,0
136489107,0
147620748,0
124446868,0
114188441,0
41356675,0
148130325,0
121765208,0
79547325,0
58703333,0
148613383,0
163958180,0
96554390,0
78115630,0
97737321,0
191591058,0
31678995,0
33572646,0
56570255,0
32831548,0
126350083,0
63718059,0
130725022,0
112832604,0
32407885,0
121328024,0
68577072,0
138164710,0
77834929,0
61950117,0
81847476,0
43672725,0
58519897,0
124578558,0
98618825,0
78082162,0
157614551,0
114673048,0
78361354,0
103741791,0
193451498,0
41633705,0
113392961,0
165567853,0
98891966,0
96287871,0
87720680,0
59835317,0
115410900,0
91820977,0
160576133,0
82639817,0
124505197,0
73720123,0
66260588,0
65106130,0
43289252,0
152852092,0
72770835,0
89103382,0
35315559,0
177632713,0
193412917,0
133993242,0
99898646,0
120809188,0
74089039,0
109645067,0
118061747,0
112007900,0
42466235,0
95264877,0
196688175,0
34477018,0
173617640,0
58473154,0
126125165,0
84992257,0
181108561,0
86509521,0
128626487,0
165434978,0
34347430,0
83549844,0
116086780,0
81537688,0
117522137,0
121127039,0
74977294,0
154849848,0
97586020,0
88380788,0
37212132,0
61515371,0
78232950,0
125949801,0
142250972,0
59512285,0
83363733,0
77318610,0
56264110,0
111702001,0
134377575,0
99701412,0
123559018,0
41304899,0
83920625,0
37350149,0
135897997,0
41930869,0
102832366,0
42531020,0
86063613,0
124767295,0
107654635,0
77630441,0
100435079,0
73386659,0
163134137,0
105893828,0
116021592,0
159530241,0
84538877,0
206040582,0
196518102,0
88708420,0
103673227,0
31900222,0
59734993,0
59391639,0
114947354,0
32080056,0
60427099,0
76873629,0
83274334,0
75263650,0
148377667,0
114020855,0
89013874,0
111902779,0
78214178,0
39925503,0
119285657,0
77281520,0
93388162,0
74725846,0
43525323,0
81581559,0
84817249,0
108055025,0
97871380,0
95636921,0
125753406,0
101773061,0
118440454,0
84258886,0
144117897,0
87568155,0
211624291,0
75269562,0
77699508,0
84623874,0
73450624,0
87237918,0
123994583,0
81272996,0
79122192,0
122639043,0
72262008,0
72995487,0
144564151,0
116706118,0
124739739,0
107333596,0
148658132,0
74877640,0
125329191,0
59169919,0
182734736,0
116346341,0
131377353,0
76104906,0
127198040,0
140192479,0
63280401,0
76495406,0
82140682,0
34327503,0
149943164,0
77462598,0
103960541,0
87084495,0
112213336,0
57154516,0
40285695,0
124900238,0
43757851,0
155037903,0
144260562,0
78928905,0
153060261,0
31605230,0
137245415,0
96647796,0
77466645,0
45983526,0
110953599,0
156637490,0
110040602,0
105854903,0
83713285,0
87818991,0
85558328,0
76127132,0
153196205,0
146009061,0
115786320,0
65321732,0
135246218,0
208201858,0
193489308,0
44125316,0
73932754,0
71760651,0
101014770,0
175274589,0
178655599,0
112739011,0
78236276,0
89889239,0
199066829,0
31836830,0
64460609,0
97291412,0
32096193,0
207298789,0
156143042,0
161495072,0
77611886,0
76346109,0
101013635,0
42473924,0
89511954,0
35082834,0
121704065,0
87849152,0
36959983,0
85320372,0
64876366,0
155639150,0
140377534,0
155315130,0
208395193,0
77187058,0
148361777,0
35105051,0
206809869,0
63852365,0
34738000,0
65781685,0
71948579,0
157447685,0
75922032,0
123038041,0
64380240,0
140135127,0
147392681,0
195201803,0
89500219,0
37967127,0
135349701,0
163887799,0
115994351,0
127449428,0
38441421,0
88206156,0
34370318,0
45121238,0
116096482,0
56445355,0
66800958,0
126045369,0
194014519,0
193587116,0
97812182,0
64578393,0
199092184,0
159804754,0
97293416,0
194184513,0
86698672,0
109012633,0
117204641,0
33077153,0
175750728,0
123980016,0
89029616,0
95125617,0
154084529,0
95200093,0
38582596,0
31645932,0
34482288,0
100578820,0
83540774,0
115614609,0
210363104,0
90653531,0
94642717,0
87718054,0
132020309,0
135643677,0
80062489,0
78124720,0
41987254,0
194841158,0
210458503,0
102054286,0
123977025,0
65394204,0
117612720,0
64632063,0
126242149,0
155289618,0
83674369,0
137203104,0
98048460,0
77528409,0
108072988,0
62098901,0
31393280,0
163672958,0
135380859,0
196443666,0
151984366,0
104115395,0
158289148,0
124844011,0
61411602,0
34699321,0
95009856,0
174226644,0
54917126,0
112923740,0
32746551,0
73219823,0
36283304,0
135457053,0
135894592,0
71436899,0
85222653,0
106270364,0
122291761,0
92869395,0
77475685,0
78165136,0
77660237,0
178384057,0
155864956,0
138575334,0
60141157,0
132771168,0
38813988,0
94417966,0
75623763,0
113003200,0
112658248,0
36352657,0
98816898,0
134734331,0
59783719,0
75395331,0
115359134,0
78795912,0
38851651,0
154084282,0
138662207,0
91660853,0
149536250,0
140949251,0
130303303,0
191580517,0
84795526,0
77013817,0
80646898,0
58558852,0
146673552,0
153399697,0
128521860,0
143598065,0
143374400,0
75281435,0
104617412,0
185568013,0
60076007,0
98638594,0
174471311,0
155770267,0
39546826,0
82156207,0
102423547,0
33025110,0
122724642,0
86336912,0
42097053,0
163559063,0
82422271,0
61307270,0
59467872,0
152953176,0
66005695,0
35262520,0
203918884,0
193496849,0
113281641,0
135253611,0
102701525,0
87029649,0
113345912,0
62111909,0
194487510,0
60426023,0
78386413,0
67008121,0
59100318,0
125602105,0
89503673,0
177417665,0
95596012,0
142926794,0
107545556,0
97239567,0
152986230,0
99346422,0
63440842,0
75871657,0
32628856,0
131625179,0
111609079,0
174592086,0
130907629,0
107153654,0
60312789,0
129906960,0
65614987,0
173795550,0
85531029,0
161245539,0
32966613,0
127466394,0
74903380,0
103993327,0
176379106,0
151030291,0
160624158,0
66999416,0
60123372,0
73947341,0
124475450,0
102974942,0
130005745,0
115589372,0
80202361,0
115777457,0
91685902,0
205806308,0
208194377,0
34150107,0
75585271,0
117317480,0
76071635,0
102250869,0
102032829,0
86917057,0
179839744,0
111913596,0
115986742,0
143676291,0
42751753,0
113746302,0
141081760,0
163721210,0
122868965,0
178039302,0
142101547,0
75409868,0
64466323,0
91586150,0
92990288,0
107442014,0
145989756,0
114373664,0
125012446,0
130793033,0
194669831,0
122042090,0
141041393,0
42481987,0
107837874,0
122787442,0
56879470,0
71732266,0
43963178,0
130792145,0
101547630,0
150960543,0
79722560,0
122665760,0
61508117,0
141575734,0
103834506,0
166228287,0
113526575,0
191823733,0
110229437,0
144909765,0
83540833,0
81445921,0
95626943,0
78912453,0
94650425,0
110992071,0
182612837,0
179509754,0
43095383,0
191656138,0
135411771,0
94400507,0
37127026,0
56212719,0
99212935,0
62284815,0
110260329,0
31743394,0
143333174,0
31570420,0
118860465,0
74525641,0
128483941,0
81393346,0
100866617,0
107643601,0
115138598,0
96605485,0
57138488,0
83095596,0
100950163,0
73890127,0
140611592,0
89460365,0
77782580,0
64364765,0
127429216,0
174189209,0
36482235,0
118012320,0
34996653,0
81957808,0
37539665,0
89222014,0
154538284,0
94532641,0
41311610,0
44101570,0
93520059,0
83650070,0
139170304,0
146582110,0
118870680,0
109149801,0
63902335,0
82362886,0
121154437,0
122105985,0
106935308,0
72487232,0
129058391,0
41063311,0
36099068,0
85122980,0
43951907,0
77444310,0
88099860,0
94055653,0
35238606,0
44353896,0
151283841,0
84898299,0
35603870,0
74365556,0
196384024,0
123751683,0
84848299,0
144714791,0
137790385,0
107729821,0
108698691,0
140057305,0
138745062,0
75869022,0
88710858,0
60627462,0
118322443,0
181249420,0
90318823,0
39292575,0
115553841,0
81236853,0
45149968,0
132179120,0
108628942,0
38452406,0
153784483,0
125619535,0
127547503,0
66700101,0
31610747,0
76721726,0
109913698,0
196088468,0
151504239,0
55853317,0
37224726,0
76091473,0
74134528,0
99854410,0
175471823,0
113282273,0
167236586,0
195056276,0
97298390,0
32137172,0
176862105,0
178807196,0
109629641,0
181351847,0
105103510,0
196352510,0
115047590,0
91820503,0
80210967,0
149483162,0
111924443,0
101376668,0
158135222,0
125534439,0
59466234,0
39196524,0
42892425,0
68651776,0
117098583,0
102263758,0
86153130,0
65470259,0
76784912,0
59796579,0
132771928,0
82249958,0
175983167,0
133381258,0
76444756,0
148145416,0
150018775,0
107486802,0
72598344,0
44814905,0
58730672,0
91711553,0
39154569,0
87723394,0
85229325,0
120112177,0
33123826,0
36111997,0
100044913,0
75379865,0
102264706,0
141713385,0
101492330,0
73849208,0
92818922,0
191642468,0
138602417,0
150970817,0
36817022,0
85185504,0
90090460,0
178113659,0
181035516,0
100728305,0
99905061,0
115173052,0
71905902,0
35288605,0
66958003,0
60761076,0
102086490,0
131868633,0
106830572,0
124705728,0
95366928,0
130533374,0
152952900,0
196575622,0
92436830,0
98553054,0
33426803,0
82602648,0
93475063,0
66215612,0
129080203,0
82755509,0
79680525,0
45418777,0
63365270,0
161476606,0
77493964,0
152573098,0
58194111,0
126196364,0
35339355,0
76815784,0
62603376,0
96080669,0
123965399,0
134891406,0
151676207,0
90354561,0
75536604,0
84411806,0
88498631,0
133964936,0
118982275,0
174954932,0
82719899,0
101850794,0
120692352,0
67111880,0
166411773,0
65217785,0
36523263,0
59943380,0
36651203,0
59558712,0
115724951,0
121558795,0
152119491,0
151381195,0
76744071,0
61219707,0
33781152,0
82697890,0
108402356,0
74515061,0
114909129,0
156361743,0
134735299,0
118298608,0
63466522,0
32510568,0
94247863,0
76578854,0
88468914,0
126598461,0
160865549,0
129030934,0
132921966,0
115651264,0
148504334,0
90406712,0
83659831,0
77376634,0
42599367,0
133734106,0
88660898,0
34126884,0
104246917,0
117785319,0
62084896,0
98981118,0
89609159,0
144283420,0
62037177,0
178312127,0
159631967,0
127253171,0
77260715,0
107039709,0
138266445,0
134671126,0
124473664,0
124723395,0
75539960,0
156832779,0
127516127,0
82673473,0
173729107,0
97538192,0
121605626,0
56248427,0
112019092,0
76678665,0
56574637,0
196371084,0
125576898,0
159946827,0
75565226,0
100778215,0
159747323,0
166573792,0
138654647,0
174252177,0
66140001,0
91803685,0
60367378,0
78961327,0
130826175,0
37388403,0
119144482,0
127029882,0
118104048,0
173792668,0
82809555,0
159738657,0
74792860,0
73420156,0
74606374,0
109219194,0
73357514,0
147654058,0
118480376,0
66984592,0
130535150,0
129157837,0
154184784,0
44514938,0
163271897,0
89084649,0
77713286,0
87785385,0
64046549,0
83050649,0
119793744,0
165689999,0
136690053,0
98353392,0
97511899,0
193472500,0
62156638,0
143090382,0
112509967,0
107404845,0
159362606,0
44084012,0
130763543,0
94185300,0
44233230,0
61687891,0
160214599,0
127660747,0
84670469,0
116325990,0
100276415,0
198813742,0
195236603,0
124500322,0
115280138,0
134526586,0
75836166,0
149513925,0
68343341,0
132078204,0
102207689,0
163073922,0
99699053,0
64801633,0
75489714,0
161837369,0
83853453,0
75610389,0
35951606,0
121078935,0
193793144,0
91313512,0
198673081,0
59384987,0
38745938,0
74150162,0
177129897,0
75087596,0
135455543,0
82297717,0
86414813,0
120811123,0
67815040,0
44526979,0
116403150,0
72059839,0
72988736,0
109966155,0
113469667,0
150312801,0
194177604,0
33886648,0
140429231,0
127375505,0
122938417,0
71620394,0
82190148,0
151627698,0
175886020,0
95642744,0
34786776,0
78263418,0
86108233,0
32188859,0
78312450,0
144828952,0
34932036,0
71458415,0
113325759,0
58841073,0
146008558,0
140313609,0
150695544,0
61796516,0
33489090,0
117152895,0
72378972,0
76734567,0
44836026,0
160496781,0
93850404,0
193923887,0
164198810,0
50052368,0
107669439,0
161921636,0
124729978,0
67560138,0
42736219,0
75037972,0
58833997,0
130532140,0
109227899,0
36897450,0
146704306,0
93298585,0
113497115,0
74886404,0
152141115,0
162540727,0
99014872,0
96349684,0
86913741,0
178559736,0
36852434,0
83679501,0
138243992,0
133555239,0
120711706,0
143211838,0
38858895,0
74975754,0
36250260,0
164720646,0
75327319,0
64495083,0
82340719,0
165319593,0
98794040,0
158961574,0
177463775,0
115925402,0
160438866,0
32792405,0
80634787,0
204913464,0
131859582,0
115998556,0
151278887,0
61618962,0
178032847,0
59968064,0
78845399,0
106355617,0
90660085,0
98837634,0
88906394,0
129302911,0
137704727,0
38288649,0
43576704,0
86968093,0
207260317,0
68964119,0
138746740,0
99033595,0
109878641,0
74236254,0
146087978,0
192538490,0
109623354,0
89310554,0
112971746,0
75240822,0
102453373,0
56562349,0
129236557,0
155167748,0
112838792,0
106172773,0
146457447,0
44624096,0
56417997,0
99166331,0
37682813,0
142858871,0
203919575,0
144959814,0
64193478,0
35821426,0
65126264,0
32691774,0
72470799,0
204790409,0
78262707,0
138167443,0
134428788,0
79681157,0
147583618,0
201032725,0
33174171,0
32417607,0
90094063,0
44489090,0
96260660,0
66294776,0
42917582,0
192128388,0
150200623,0
103904284,0
41644443,0
86028704,0
130692038,0
113423408,0
155726920,0
82580787,0
146927033,0
73652970,0
35082104,0
113058194,0
124178977,0
122996885,0
210994492,0
145040547,0
94103501,0
36210584,0
134095679,0
134945126,0
97741249,0
153835627,0
166059014,0
41191872,0
120405966,0
72212551,0
141371956,0
133598675,0
97558691,0
65721263,0
130627589,0
103213412,0
139626082,0
103865654,0
157400449,0
102023611,0
103159514,0
147544150,0
44083508,0
88463930,0
180203755,0
110155208,0
112385906,0
44131218,0
152827408,0
117223769,0
116292581,0
87796192,0
62706277,0
157148656,0
151461909,0
89081027,0
60711215,0
151959998,0
105803452,0
130584686,0
114560673,0
198945166,0
132088093,0
57835015,0
43220086,0
87991018,0
45478981,0
106550127,0
90949659,0
129663664,0
102139500,0
106032674,0
82372548,0
38882572,0
130913403,0
99993621,0
137369141,0
61884751,0
114595483,0
75239874,0
128386784,0
63343310,0
42753609,0
85092651,0
85079702,0
94215076,0
66708658,0
130607001,0
40654186,0
139064531,0
84077799,0
139157207,0
122618524,0
122042840,0
45061349,0
92797298,0
87569546,0
180101565,0
142358758,0
87957688,0
91600579,0
92580404,0
85195275,0
43243684,0
33008707,0
137562081,0
31931854,0
31127136,0
194903474,0
174388959,0
145586089,0
56441447,0
97037250,0
147298278,0
32945038,0
152135924,0
37600027,0
212746751,0
113740045,0
93526148,0
174398345,0
38414418,0
71017835,0
112355754,0
65780806,0
102346515,0
38946419,0
102271506,0
205379664,0
90286096,0
145716319,0
39751058,0
34882373,0
43000980,0
207263999,0
196313861,0
80901099,0
75066248,0
110351415,0
63625463,0
94360495,0
33938098,0
76441568,0
136559488,0
126279002,0
63201287,0
85509316,0
35788195,0
147356992,0
67577361,0
102408190,0
146023175,0
137508815,0
76350935,0
123641183,0
115382545,0
115620481,0
60637065,0
154322969,0
82351339,0
81167509,0
75427239,0
192558447,0
84352332,0
89585778,0
75426518,0
99922086,0
151583877,0
71615341,0
78780111,0
73419386,0
61431755,0
124889046,0
34254182,0
94675454,0
95674594,0
59875566,0
121357889,0
85110554,0
78907192,0
176005650,0
34537134,0
107366699,0
33552404,0
58079633,0
134229610,0
31576154,0
130676957,0
157372696,0
73021622,0
99456576,0
156397017,0
60290454,0
116461727,0
75931852,0
180631494,0
77449580,0
89676865,0
83340678,0
124813504,0
135672220,0
56072255,0
122738449,0
104122382,0
87734645,0
132942939,0
133139324,0
56086832,0
41130335,0
113684548,0
66682957,0
150065537,0
76074991,0
80831114,0
94212195,0
106552644,0
92000061,0
60465067,0
41185763,0
113386871,0
71092637,0
155632093,0
156261408,0
139839956,0
37119989,0
61440806,0
35266547,0
118035919,0
67192910,0
192302360,0
43979295,0
87762596,0
157348960,0
108274387,0
75977756,0
102585014,0
103592158,0
176974450,0
91766507,0
137788253,0
156948362,0
34767510,0
66013088,0
143730623,0
123838239,0
41707737,0
34249751,0
66654306,0
115937325,0
72831059,0
128726230,0
84523125,0
210469636,0
158487715,0
80437879,0
72714351,0
177278631,0
162682859,0
204061845,0
78266023,0
154072547,0
178537875,0
132763835,0
76785060,0
106638539,0
35688818,0
43807998,0
148445008,0
194960698,0
87649697,0
83507395,0
106799137,0
177745178,0
104297696,0
32208045,0
154598785,0
31782902,0
92106100,0
61798194,0
76779286,0
62101092,0
177401074,0
90809866,0
34822267,0
83817271,0
77742234,0
161180271,0
178008508,0
120098715,0
152736568,0
154152146,0
155340821,0
110614568,0
37862213,0
74114986,0
107805551,0
159703117,0
76329202,0
77878286,0
73932971,0
124927804,0
66809555,0
119362561,0
45059839,0
174994006,0
107861837,0
33530977,0
84545924,0
115887177,0
129544400,0
42703994,0
96423469,0
110393766,0
33342043,0
90659275,0
138635411,0
86581115,0
62966430,0
176478236,0
56026963,0
96424249,0
88592008,0
179691513,0
132521092,0
62619898,0
204362621,0
133569116,0
61690191,0
112322582,0
213266149,0
84948949,0
140798265,0
72085963,0
129593412,0
109571786,0
41842190,0
103195340,0
33718006,0
31569946,0
102711789,0
165431771,0
68773527,0
166412079,0
152694356,0
45604681,0
59290861,0
125254488,0
84935882,0
194098095,0
106460265,0
83392671,0
34948973,0
151991591,0
72482228,0
77148784,0
133958975,0
106082407,0
178048145,0
128592358,0
76343207,0
35915306,0
40533254,0
40468588,0
59386014,0
146246080,0
134524030,0
178046477,0
66621154,0
99953491,0
74455280,0
194611630,0
63923248,0
144283963,0
89305402,0
81357677,0
184004244,0
176905067,0
57132892,0
35963894,0
34250491,0
124620079,0
141364376,0
68089889,0
31230668,0
75051543,0
77206719,0
117765077,0
139282600,0
127701192,0
152416398,0
118302427,0
155617940,0
109761657,0
35783892,0
107969544,0
75517279,0
65375481,0
118710259,0
122691184,0
101905176,0
60779296,0
95420885,0
121673450,0
66728979,0
96446870,0
151377701,0
157186536,0
98787595,0
174496548,0
208041595,0
73210358,0
115424530,0
207307455,0
180074375,0
134444392,0
114552452,0
96426203,0
131446746,0
108151500,0
121480529,0
103640144,0
85455872,0
125487035,0
64102451,0
133713982,0
103083903,0
75959181,0
152963431,0
112918608,0
42274262,0
74253634,0
104071968,0
87851521,0
180622365,0
36898575,0
89707155,0
174240452,0
102295104,0
76037180,0
69963071,0
111070189,0
148289502,0
114574560,0
114426289,0
127510215,0
115941796,0
34630076,0
56051755,0
141163648,0
85194545,0
151281285,0
69403593,0
160093183,0
42598616,0
103144907,0
161308714,0
85226907,0
129140704,0
81467022,0
86998017,0
98570543,0
39591072,0
60637845,0
90459732,0
119890318,0
101298363,0
88129923,0
116473343,0
153005337,0
86201777,0
212409912,0
137048536,0
88200481,0
80067236,0
63917534,0
131178668,0
62629304,0
76180655,0
97948610,0
88971701,0
191039574,0
205796576,0
87168189,0
173375578,0
160627129,0
65815281,0
124759636,0
85988229,0
42002147,0
196545767,0
137269606,0
112847566,0
112126542,0
57866193,0
194393068,0
121959471,0
120794058,0
209983647,0
195117516,0
102525658,0
108992647,0
175814930,0
92313441,0
37104879,0
87090219,0
121825106,0
121078796,0
56037958,0
140792502,0
40999642,0
196595351,0
81549305,0
60804157,0
44469745,0
152396126,0
145088286,0
136998162,0
149874867,0
134690313,0
133460402,0
96329363,0
41517905,0
63450919,0
83353962,0
165709255,0
130584785,0
151332923,0
73831393,0
85855551,0
118776168,0
37845692,0
37376046,0
104176073,0
80792810,0
66170656,0
126697848,0
112721374,0
185619769,0
98114587,0
180218510,0
106675363,0
144169239,0
59386290,0
63453149,0
121461135,0
154329917,0
152785196,0
78558529,0
74664733,0
154560076,0
95493259,0
143529560,0
78127740,0
56083772,0
97332499,0
111776872,0
92249209,0
79132535,0
128948750,0
136670521,0
152484775,0
109992645,0
102493473,0
76349988,0
145372333,0
78672947,0
184769937,0
59072782,0
101683228,0
61887859,0
112039779,0
97651870,0
101559305,0
136886142,0
126669374,0
181231191,0
78615664,0
129182876,0
84616097,0
165940825,0
92501457,0
58158452,0
63161749,0
69782082,0
81556826,0
139339123,0
42140173,0
60380909,0
92135018,0
74154327,0
179317494,0
112476459,0
138896630,0
56751056,0
150377792,0
42518969,0
178616338,0
194522113,0
94022925,0
138550374,0
81785021,0
38789611,0
91488588,0
161837379,0
126330048,0
115403300,0
89559407,0
110959284,0
46222311,0
35740841,0
67060065,0
63550246,0
124972711,0
83179241,0
206678998,0
125907727,0
73893275,0
165342500,0
135623000,0
108464268,0
37152628,0
191806945,0
178998015,0
160791488,0
64147071,0
83947017,0
45169737,0
134679594,0
84277165,0
132418261,0
126820893,0
63617004,0
124033637,0
77757699,0
81500875,0
140014283,0
142519436,0
152807491,0
120759140,0
196673479,0
145663151,0
32673437,0
113466233,0
185658330,0
113405189,0
124915329,0
110806927,0
34024872,0
98488260,0
96180450,0
179882993,0
141107559,0
40903334,0
65980212,0
113985946,0
34068051,0
145675083,0
127453455,0
114575201,0
41558508,0
78362232,0
163617757,0
56656269,0
124016306,0
103851817,0
105557906,0
78140028,0
76810484,0
144291780,0
110402402,0
94207220,0
102285027,0
185706484,0
123950644,0
38771154,0
65807918,0
163868662,0
196644749,0
167157629,0
144186017,0
102644419,0
42141496,0
90815886,0
122515337,0
42423372,0
205578803,0
176816941,0
98671311,0
56222707,0
97017294,0
91817138,0
33509422,0
77797266,0
137310041,0
119619329,0
173199287,0
82146100,0
31247062,0
81027608,0
119961557,0
92729790,0
77084967,0
121353537,0
98645542,0
103781348,0
92849281,0
57160773,0
75187664,0
144266454,0
35406626,0
103513694,0
120367119,0
131567225,0
154260632,0
152978314,0
157581616,0
86469411,0
42958808,0
71074645,0
109617472,0
144206506,0
115478181,0
196113725,0
196182634,0
121103273,0
131763580,0
99197411,0
45008981,0
164350348,0
92100099,0
204614415,0
92170736,0
195699596,0
67167940,0
43720790,0
86827934,0
152720925,0
69419335,0
87230249,0
76019879,0
123883254,0
112169189,0
142327709,0
152147767,0
63164917,0
44666318,0
160482776,0
35588592,0
65601584,0
147963904,0
87967884,0
115057045,0
76716851,0
32919989,0
77322509,0
64045710,0
37090726,0
141073716,0
180147025,0
38197089,0
103164192,0
116396252,0
66799369,0
32419581,0
91409553,0
108331551,0
99147875,0
95603009,0
144909873,0
178693400,0
102543562,0
114860798,0
185188270,0
82547655,0
66226676,0
85551587,0
82606231,0
143818877,0
96162705,0
100231242,0
62654353,0
39019740,0
81934289,0
80011009,0
153554067,0
43373755,0
199365068,0
58914523,0
31638017,0
42447473,0
44154737,0
44160985,0
81522351,0
97145125,0
123890035,0
115285319,0
105749012,0
140965980,0
33327110,0
114900365,0
121787967,0
111667487,0
76446404,0
143074926,0
146481460,0
141084810,0
93021733,0
196524902,0
111029260,0
106388473,0
90895781,0
132512377,0
161417082,0
102640836,0
131689549,0
76119947,0
142018060,0
37465070,0
141619032,0
155751466,0
133725391,0
79642576,0
120257981,0
144965469,0
173337718,0
92777687,0
82551583,0
78576116,0
42465318,0
148542944,0
161180607,0
123330714,0
175314166,0
162355455,0
45091007,0
123032800,0
33505395,0
148242799,0
75739691,0
44300916,0
44980497,0
162958685,0
78428368,0
104868485,0
66219678,0
136472142,0
125902615,0
70082019,0
145402090,0
83410031,0
126160409,0
39039144,0
73822698,0
99992506,0
90799897,0
101693384,0
120939596,0
179661322,0
102403907,0
155534334,0
68934994,0
77827556,0
38526645,0
93791246,0
103150967,0
193796934,0
207253024,0
86924064,0
41742034,0
33674303,0
55879738,0
87722407,0
132614903,0
124670405,0
74683939,0
135533848,0
169741481,0
133073178,0
77220812,0
95255116,0
87679356,0
118797497,0
195284451,0
130257647,0
113385351,0
118496286,0
84218816,0
75371012,0
45078552,0
32351086,0
177270055,0
60081337,0
36602398,0
85948415,0
117385097,0
156923708,0
62806631,0
121540250,0
60263875,0
132615485,0
75483328,0
130987326,0
159385247,0
138684078,0
91973650,0
100712632,0
119896349,0
74679310,0
196128026,0
143236433,0
78969667,0
110357307,0
159967277,0
61502609,0
193251668,0
86625025,0
69750805,0
116339245,0
108121161,0
184762476,0
165666855,0
123992156,0
56045123,0
160856360,0
101547472,0
61998744,0
87404497,0
82308139,0
108971437,0
79767012,0
45669356,0
145875890,0
80014532,0
44829206,0
160146094,0
74608466,0
210586532,0
75120334,0
31873466,0
79448737,0
107471425,0
100136770,0
135581232,0
80379293,0
137424124,0
72006405,0
88363892,0
141213687,0
98843279,0
81224102,0
107964264,0
83065039,0
81031950,0
75888613,0
184703061,0
87699420,0
41252274,0
41310613,0
112791122,0
136121781,0
41054912,0
91294453,0
206809819,0
122636013,0
80756154,0
191566749,0
212567253,0
93596529,0
77051509,0
83022551,0
86933737,0
40740920,0
116528939,0
123234999,0
45328055,0
112659916,0
153797837,0
102145254,0
109486325,0
130684912,0
58428099,0
112158530,0
102594005,0
32930866,0
78605735,0
82442938,0
57064396,0
62126921,0
156131751,0
70079108,0
125298674,0
109079875,0
148185230,0
127722422,0
74818867,0
145095461,0
84592479,0
179762456,0
152374433,0
139670900,0
160382590,0
41434270,0
144971035,0
92417664,0
75704062,0
160482549,0
37170117,0
120041432,0
63295334,0
193483130,0
120578812,0
126098280,0
176764405,0
138975251,0
131541623,0
76878012,0
156000653,0
209924469,0
206643428,0
148463839,0
91896736,0
66011824,0
62337716,0
97383456,0
104528852,0
136547151,0
163190364,0
144079504,0
203902303,0
81374801,0
111602496,0
48368101,0
74591905,0
94755408,0
115989288,0
66489592,0
135437254,0
89208453,0
107660093,0
39345210,0
198558820,0
174991203,0
139630435,0
118759193,0
124719861,0
127530567,0
111649189,0
174043286,0
45051262,0
104101755,0
142852801,0
133063072,0
42837362,0
71590401,0
193041662,0
144166722,0
147375942,0
144517172,0
85305193,0
194402898,0
108391944,0
80504203,0
95392431,0
121307702,0
128688182,0
178847247,0
59445843,0
101679636,0
94596053,0
36136730,0
67862918,0
63999797,0
38182956,0
143252984,0
39965604,0
156957166,0
180360248,0
65818686,0
76042105,0
95988891,0
102190023,0
112778371,0
32344710,0
173822227,0
112612561,0
138400633,0
98639334,0
155350365,0
106365674,0
134228800,0
196663590,0
62180947,0
85940450,0
75674739,0
75376924,0
85874047,0
35840454,0
195334342,0
146471166,0
41452923,0
185226555,0
90310740,0
122358006,0
130562055,0
92899330,0
102497352,0
179955732,0
142220979,0
96099283,0
49761876,0
33295251,0
75306800,0
99538317,0
41729094,0
132946758,0
125526662,0
119639285,0
107958273,0
35413081,0
112225179,0
107448094,0
191849286,0
84334122,0
40828019,0
176474427,0
76864786,0
101976375,0
72033714,0
145855125,0
164316890,0
121455342,0
155350128,0
81082858,0
32616410,0
40629255,0
34293621,0
154565139,0
40538485,0
100803846,0
120603299,0
86111924,0
112866516,0
40532267,0
177966434,0
100310426,0
38656825,0
163757649,0
160201058,0
44829680,0
131484577,0
84562130,0
137200864,0
66653427,0
159867091,0
99871613,0
124922376,0
56488209,0
56818298,0
115549272,0
67340668,0
55749163,0
61831879,0
193740746,0
39555383,0
116273829,0
152294538,0
74800934,0
96978220,0
148354020,0
82508246,0
83273702,0
109544220,0
42823535,0
82471471,0
126017635,0
60399168,0
31574160,0
166543335,0
134665925,0
75793924,0
76537599,0
64173206,0
194883103,0
112710379,0
173360596,0
175826635,0
85365832,0
116761358,0
155102638,0
138818906,0
126664943,0
116365014,0
35395661,0
162228374,0
78943680,0
103197344,0
118620910,0
156770088,0
142563582,0
79534356,0
64003912,0
111091211,0
67352028,0
31611941,0
35338546,0
144430842,0
89281390,0
84368291,0
129041613,0
115369467,0
127052917,0
59442083,0
88995398,0
66800031,0
38800349,0
94143956,0
179298910,0
115569110,0
113446770,0
106358627,0
164009363,0
60904245,0
93690398,0
76292024,0
77977416,0
111386638,0
108120559,0
35113933,0
194597043,0
38161687,0
125732887,0
112372286,0
61948429,0
78262905,0
122704360,0
127126998,0
102656924,0
91433220,0
92185077,0
114219461,0
174312569,0
95564528,0
64106922,0
207224787,0
125696172,0
42946865,0
122573854,0
85435087,0
59711474,0
60776355,0
130433987,0
130533206,0
86931970,0
88063145,0
102322966,0
89100796,0
175651311,0
77376288,0
154323334,0
117839612,0
154216772,0
110917852,0
124526614,0
68044321,0
146457792,0
131686213,0
90212528,0
82828337,0
41472031,0
44108883,0
196457720,0
154403959,0
68184933,0
110123279,0
94002919,0
117200693,0
89482907,0
43526567,0
77483660,0
140693055,0
181132682,0
64017039,0
142781503,0
100184953,0
195364217,0
86558702,0
62855929,0
37357798,0
74699948,0
75464576,0
87318849,0
76586315,0
40047344,0
56378084,0
143148721,0
181056923,0
61033014,0
72459607,0
161859882,0
194003820,0
125024417,0
157844730,0
34388113,0
204041326,0
66690922,0
108994453,0
162212375,0
67074790,0
87227298,0
66303649,0
106653788,0
118066554,0
151169354,0
87604949,0
116903648,0
95881914,0
175304770,0
130654365,0
86086313,0
43029701,0
87464583,0
99587122,0
108884703,0
109024605,0
78914644,0
212796474,0
84577053,0
124472006,0
177977202,0
151961548,0
175693988,0
94051725,0
102822496,0
124574383,0
107002303,0
126676530,0
181050390,0
105901507,0
31751438,0
130718883,0
95488542,0
121867644,0
163162255,0
150016683,0
148905050,0
63932141,0
112109873,0
41007735,0
121557334,0
146067084,0
173132411,0
114613110,0
33397688,0
141138984,0
113057552,0
78969391,0
120703238,0
76750388,0
151666427,0
84589873,0
104802921,0
65804513,0
89203469,0
39815033,0
115793140,0
208015155,0
66880270,0
57741047,0
87725940,0
60649668,0
62587012,0
90381545,0
66839943,0
145357055,0
122405617,0
95586359,0
99236346,0
194965979,0
84404818,0
153916173,0
125494763,0
116771997,0
107877017,0
134591755,0
32953526,0
78818139,0
130596697,0
121775571,0
63112618,0
41798340,0
92210668,0
137399865,0
97682160,0
194406115,0
71639966,0
104225618,0
173810482,0
120645393,0
129211222,0
139997436,0
75292489,0
95747599,0
82855182,0
105831768,0
67065266,0
32312041,0
120255948,0
112969249,0
58694638,0
58497364,0
125309195,0
173114142,0
38890063,0
79586547,0
33122474,0
64587078,0
32679457,0
116459437,0
77105131,0
37534542,0
103743242,0
81576812,0
195191025,0
143503060,0
116588433,0
122288909,0
122856727,0
74854753,0
194411445,0
112507677,0
127886218,0
129508050,0
87867154,0
141273437,0
147392306,0
83921573,0
79189463,0
73201209,0
163460001,0
95953380,0
81625794,0
32348944,0
77581191,0
75945344,0
147948705,0
87623355,0
134526043,0
40838017,0
87706586,0
78461481,0
87971012,0
102503787,0
85072517,0
106702840,0
127031796,0
83525417,0
104628318,0
35249472,0
124731093,0
81579121,0
130196801,0
112931754,0
31637227,0
31467993,0
84995583,0
112670456,0
164781334,0
39399651,0
45493273,0
134412276,0
36105216,0
75891979,0
116319407,0
121446992,0
94301722,0
147953916,0
176718709,0
154746750,0
40081581,0
102186183,0
134391382,0
56670580,0
149350258,0
57814417,0
73882991,0
112375562,0
77830586,0
83321876,0
55969976,0
126289217,0
156029552,0
120101903,0
76334167,0
119991788,0
163889734,0
127547384,0
72490459,0
155748278,0
119849715,0
37536832,0
36123515,0
95455804,0
98953227,0
60878771,0
59657941,0
104984482,0
105894085,0
56420375,0
73823468,0
76644309,0
162648463,0
119478460,0
99196690,0
60718538,0
92050781,0
44888572,0
76708116,0
95186848,0
139940646,0
142107281,0
93023796,0
87548741,0
192642427,0
104946248,0
62856986,0
88758044,0
39204499,0
90108571,0
153952227,0
98482664,0
132900134,0
211624370,0
44882591,0
114352938,0
36249451,0
166450699,0
150158351,0
139410787,0
35195792,0
31225003,0
144806302,0
109634477,0
90617616,0
63934312,0
148317522,0
45081848,0
68808465,0
128686771,0
166722241,0
162092084,0
139807604,0
157702992,0
77594535,0
77448485,0
34887830,0
156592543,0
87001452,0
83882805,0
61615695,0
80933442,0
92448417,0
86310915,0
116634188,0
63845495,0
190984452,0
40447595,0
78514708,0
82991116,0
64845454,0
61430245,0
95011040,0
105880198,0
131848913,0
57778729,0
84104240,0
84516404,0
33884269,0
36380045,0
107317588,0
130932728,0
127595982,0
176855551,0
176911828,0
85798712,0
41882360,0
56124751,0
156982501,0
32406967,0
87196722,0
102457824,0
179190285,0
142414295,0
141408049,0
118597223,0
139960356,0
193994790,0
127843275,0
74504530,0
72413032,0
90369336,0
42094526,0
155218704,0
32582814,0
136500359,0
212160368,0
33034141,0
72213064,0
58453553,0
144361301,0
124521226,0
122117286,0
67165176,0
178331777,0
108867027,0
72381637,0
118328237,0
77194253,0
136620600,0
45117399,0
40942142,0
210553587,0
164268085,0
110436669,0
141820983,0
72248545,0
144823603,0
129387562,0
104228846,0
108030746,0
87106218,0
33213817,0
151440176,0
82719011,0
115564807,0
98824882,0
103792807,0
192923701,0
122191190,0
72275292,0
140559273,0
110002179,0
162815497,0
138437081,0
139903546,0
125227790,0
78328123,0
124125464,0
85966960,0
33377307,0
174426306,0
154256467,0
142567500,0
127152028,0
136566722,0
127020979,0
143378052,0
175420994,0
178651957,0
77912603,0
61790683,0
75109428,0
84050421,0
67818238,0
44848975,0
160883778,0
128029475,0
149516551,0
165372010,0
78489649,0
193443928,0
73199630,0
147678761,0
146444597,0
150055678,0
144957099,0
120201280,0
75071489,0
114050365,0
79813232,0
160034380,0
82145034,0
61438743,0
155583791,0
65072810,0
176844320,0
36117020,0
132576954,0
176831459,0
123891486,0
115167772,0
111324696,0
144706569,0
34171899,0
64840184,0
98407329,0
151522330,0
118019723,0
60180379,0
37084686,0
90972941,0
36247832,0
161217993,0
87471946,0
82828682,0
106935279,0
105185615,0
35544564,0
35299107,0
120282497,0
40963105,0
153999996,0
99124425,0
72376475,0
118669271,0
63699346,0
115157192,0
43166444,0
86130657,0
208330617,0
77850059,0
143630240,0
31811820,0
113476033,0
135859979,0
67428596,0
103005311,0
129448497,0
203715116,0
37900201,0
176971183,0
161295202,0
80331731,0
35244824,0
41784384,0
74736268,0
103042894,0
131802457,0
196106244,0
203994702,0
161107483,0
127160101,0
122912510,0
95374637,0
99907943,0
143433045,0
75331612,0
75741527,0
35142851,0
50523869,0
68200508,0
194787566,0
159780445,0
98798195,0
61832906,0
89110754,0
39641190,0
62562052,0
75294453,0
33991769,0
195335003,0
126785352,0
203625569,0
130518747,0
126839901,0
83367178,0
58051910,0
85173384,0
85519205,0
84836011,0
116259646,0
121629540,0
64961442,0
84753057,0
142747443,0
67164791,0
192766083,0
136379604,0
39605343,0
39219225,0
37744518,0
76188699,0
57065008,0
127477547,0
154422780,0
174228638,0
121555893,0
174454800,0
77475843,0
73708447,0
90197773,0
174920714,0
116261739,0
94408284,0
196251465,0
95971580,0
128611900,0
44513270,0
35039161,0
73883090,0
163322696,0
192189412,0
37866102,0
90633101,0
34801244,0
139629290,0
156873946,0
184291577,0
92898264,0
140230724,0
90581700,0
63733021,0
176928488,0
75380654,0
75464309,0
57573096,0
79877878,0
34435427,0
117173542,0
161178623,0
175103539,0
37112814,0
122751615,0
90881026,0
105507196,0
71292556,0
94569336,0
64697568,0
76833282,0
104896317,0
118640037,0
75796777,0
106940421,0
157179479,0
41145564,0
46213023,0
45517651,0
63478593,0
112752522,0
87476989,0
162187099,0
84525158,0
118773158,0
144965528,0
120449106,0
101613499,0
66927684,0
41889870,0
101425997,0
105239444,0
84442333,0
145393395,0
102500165,0
108657327,0
106703225,0
84951782,0
198727137,0
32429973,0
129872712,0
108617276,0
82326793,0
132487338,0
134695879,0
97418089,0
41403605,0
86035316,0
137889545,0
156014086,0
43033600,0
44426013,0
81399672,0
94728335,0
90506444,0
128193991,0
66305425,0
74106104,0
151055271,0
39749410,0
154407413,0
125977219,0
166955006,0
123733157,0
66601375,0
103093387,0
133838981,0
62112196,0
94217218,0
108331334,0
163983949,0
84906727,0
99195841,0
164027997,0
156148441,0
111412023,0
145303049,0
61907757,0
81467713,0
157179568,0
136770362,0
83244104,0
109606329,0
44435794,0
77591140,0
117998730,0
130804808,0
78708882,0
184986240,0
132891735,0
77306915,0
67402372,0
61941303,0
103816849,0
207357809,0
108129057,0
102264380,0
83137828,0
77213548,0
150948591,0
80781420,0
63183482,0
192160603,0
109042291,0
110931235,0
34064725,0
62507217,0
67071751,0
143308392,0
120056908,0
116344101,0
162194215,0
141510209,0
123821441,0
150034507,0
142738472,0
63925735,0
67004272,0
115565349,0
119011223,0
185009828,0
164256863,0
96412287,0
198548112,0
181017307,0
83986811,0
155853626,0
93648472,0
88535751,0
147412894,0
111379483,0
146565924,0
205301536,0
174603633,0
44360143,0
76338361,0
59232600,0
163740328,0
192847557,0
94525722,0
80600224,0
159537071,0
90128567,0
62647454,0
175817496,0
87488695,0
59861778,0
135129017,0
127222250,0
38756972,0
92051087,0
115888984,0
78244478,0
94500959,0
32284229,0
68733762,0
134875842,0
34827468,0
97719980,0
116952108,0
167013918,0
59479074,0
79574762,0
127707825,0
71754364,0
62588305,0
58500927,0
86674255,0
100032527,0
59907563,0
83742213,0
131201773,0
87043368,0
175070436,0
178711313,0
40915622,0
213815343,0
113182146,0
120152840,0
103706448,0
177374525,0
133354373,0
118426873,0
144509315,0
35715683,0
66442563,0
78238092,0
100946709,0
92575449,0
145660269,0
154967326,0
56813709,0
97271880,0
89249629,0
76864559,0
79722984,0
44373852,0
87643114,0
206347300,0
57116271,0
102816042,0
133550512,0
40908328,0
122333411,0
119749775,0
149291987,0
106931755,0
83268462,0
134486624,0
126186850,0
90815205,0
144950901,0
88707265,0
88214663,0
122068964,0
175520579,0
107328405,0
60309039,0
163456666,0
85402616,0
80422176,0
109803504,0
100267888,0
171074865,0
71650477,0
85090697,0
179967220,0
195458738,0
78709139,0
108957571,0
90897419,0
135132363,0
158872254,0
145938039,0
162015753,0
31770743,0
32729595,0
142773430,0
41471024,0
151521116,0
167157915,0
85364578,0
124004670,0
112983135,0
138976850,0
55718242,0
41651618,0
159978124,0
90619353,0
96696818,0
112114373,0
131607947,0
97515433,0
40859444,0
124628143,0
66755134,0
95086158,0
67211692,0
148318390,0
86417813,0
135887950,0
142664163,0
112115350,0
67094688,0
90429718,0
61916156,0
130240809,0
128729131,0
175597275,0
145199566,0
142088460,0
100769905,0
39791573,0
85548488,0
185294694,0
57597661,0
190923448,0
81904788,0
32452298,0
38742463,0
34924772,0
35892171,0
212306044,0
182776248,0
88796585,0
206834957,0
32999311,0
90487505,0
125476110,0
34820391,0
141531883,0
84558231,0
39211447,0
66680214,0
118171418,0
72702853,0
73975637,0
65543610,0
156212534,0
76299505,0
59006261,0
84209124,0
31929012,0
133876643,0
66041147,0
92631647,0
158419861,0
152488436,0
134522885,0
174376168,0
112180954,0
34520730,0
63920810,0
133283371,0
137413159,0
133784490,0
132570440,0
133942868,0
132930187,0
83546459,0
75582774,0
137868868,0
159528346,0
196446518,0
102903447,0
63316169,0
145578638,0
76095717,0
80598428,0
88626907,0
39265444,0
105021296,0
71565687,0
35440627,0
95522246,0
116225132,0
120233850,0
139954641,0
92843873,0
85135485,0
36278142,0
44912170,0
90299933,0
39150947,0
106416779,0
82307824,0
96591835,0
81263086,0
108909989,0
122210159,0
106249361,0
141660849,0
151595385,0
72081621,0
143982456,0
100653394,0
109513821,0
156502799,0
177655157,0
160439952,0
102036609,0
79235011,0
138411963,0
66290621,0
123721195,0
95282336,0
73294684,0
137845339,0
56558194,0
173504643,0
102895028,0
75279945,0
114216935,0
60831999,0
128767188,0
127170059,0
82348358,0
84783328,0
86474247,0
32074075,0
32872566,0
90059805,0
103196683,0
123625954,0
37197051,0
43561505,0
194260529,0
89308719,0
194416449,0
160744725,0
44064845,0
139311597,0
195496944,0
83369398,0
161113375,0
102819160,0
110643674,0
81019080,0
152599864,0
175710045,0
128994081,0
111698330,0
57774070,0
89420522,0
108136637,0
98641456,0
83117743,0
121469929,0
65447046,0
131941312,0
133874255,0
131302640,0
106969655,0
124012141,0
86473231,0
103945707,0
66449867,0
94421776,0
159919261,0
132574201,0
149111008,0
122966694,0
142266468,0
102363658,0
164773991,0
121398236,0
194045924,0
152144994,0
73184964,0
119972661,0
147906581,0
66639630,0
42707528,0
93666642,0
129071113,0
33270252,0
96508437,0
113725033,0
37575324,0
159537347,0
113168279,0
100608359,0
45450152,0
102893696,0
83676560,0
139697143,0
63184123,0
180724100,0
86879247,0
126340401,0
62094450,0
95376255,0
110752220,0
159546052,0
83644731,0
43196586,0
56948468,0
148738707,0
42189235,0
173498711,0
95215736,0
130700338,0
62529157,0
71134988,0
163922412,0
65073600,0
108471779,0
165945385,0
91779850,0
88583500,0
32462040,0
95984292,0
143194043,0
140038878,0
116049503,0
204452987,0
84149857,0
37244070,0
35016234,0
151602630,0
96897793,0
101380676,0
44518857,0
80830709,0
133182366,0
41490428,0
33337266,0
122483794,0
83397951,0
112442923,0
155323075,0
93372844,0
129158143,0
80312811,0
114386396,0
138086710,0
101785102,0
113423665,0
90129287,0
64734905,0
69749275,0
78903846,0
37713636,0
130623957,0
121364334,0
90711614,0
110576462,0
45347232,0
84959362,0
43992649,0
87148677,0
94175953,0
88793032,0
139830778,0
198617396,0
37560095,0
110140778,0
39469537,0
32802383,0
179901341,0
131085835,0
146037377,0
167035117,0
139121775,0
147974593,0
148127927,0
65484837,0
108706399,0
93839242,0
60800456,0
58765462,0
87790625,0
150016752,0
38117589,0
77082717,0
156784872,0
107672755,0
96094673,0
75730877,0
62214336,0
59245905,0
156371247,0
73046542,0
66445011,0
113555257,0
109555530,0
203790599,0
32237970,0
97714019,0
102494865,0
63228329,0
110042477,0
77950778,0
72293640,0
143055464,0
62440133,0
114143722,0
120063037,0
89771021,0
131720440,0
117434791,0
60389417,0
44288253,0
203693906,0
78092654,0
67470621,0
141551721,0
86492990,0
98874132,0
121823626,0
132502587,0
33252585,0
156065664,0
93497063,0
58804191,0
152308671,0
66360646,0
77585633,0
154757754,0
80550343,0
96434287,0
75589515,0
113883322,0
152382269,0
129445378,0
41462694,0
113027203,0
57079763,0
71617858,0
156358930,0
129137683,0
87404240,0
38921409,0
161166414,0
73513908,0
195145467,0
108219235,0
36086148,0
207025460,0
98705273,0
97425047,0
130747317,0
139504785,0
87273537,0
115277167,0
64425137,0
43454035,0
79575473,0
61765289,0
177995392,0
161923699,0
91733246,0
152020252,0
108070747,0
109012436,0
161883095,0
40210567,0
102807771,0
154083226,0
132353664,0
157837485,0
62813234,0
184013294,0
167237405,0
119096595,0
132097992,0
113981169,0
37605327,0
90880828,0
136456449,0
116367107,0
62534930,0
154896324,0
76837655,0
107621216,0
63113921,0
78182092,0
100913221,0
111516976,0
67309253,0
119927645,0
35325419,0
151757572,0
129515206,0
117518751,0
96937676,0
146644545,0
107775083,0
80143449,0
111751567,0
32080787,0
65806319,0
34821329,0
35404001,0
90356644,0
60051037,0
62306548,0
193905924,0
57661596,0
156125336,0
42054012,0
143809255,0
78451217,0
93346433,0
124254312,0
81467348,0
41842003,0
121561381,0
183514978,0
149113209,0
167198272,0
36345452,0
65502503,0
40397833,0
111190677,0
38961934,0
142988854,0
124680472,0
90956577,0
129417704,0
83725257,0
161278247,0
131377689,0
74051594,0
109885067,0
109404673,0
153816796,0
62316575,0
146259068,0
44553973,0
166159585,0
78765514,0
37501558,0
99561944,0
40556832,0
173359915,0
42983936,0
76865763,0
64451213,0
144813349,0
78540685,0
198778380,0
132968294,0
99160429,0
103575330,0
65761955,0
110425694,0
73517017,0
206756543,0
35721052,0
102174004,0
151195874,0
136229606,0
131231708,0
77108832,0
94501946,0
105255709,0
194003771,0
81296209,0
173658707,0
131832549,0
41832350,0
94222765,0
88130870,0
82789668,0
113385410,0
145081200,0
57722275,0
84969320,0
82221800,0
115953501,0
142092269,0
94296895,0
155196636,0
151151510,0
107351510,0
174287559,0
177073887,0
33770759,0
135075632,0
109608747,0
133729902,0
76451911,0
139955253,0
164385543,0
78134965,0
159436174,0
60450510,0
75387573,0
38327822,0
32322049,0
36191635,0
88971642,0
105016036,0
78114485,0
111256172,0
99998378,0
124785474,0
78998022,0
89527626,0
103647240,0
111532866,0
174605538,0
161898216,0
78662673,0
72213360,0
94289849,0
109235262,0
76357508,0
146018408,0
150583593,0
108306058,0
149141279,0
208298452,0
94122806,0
67059680,0
82504939,0
194373378,0
56550693,0
68483568,0
145742068,0
58071669,0
76223005,0
108026304,0
144208431,0
128150082,0
148595193,0
76546551,0
67767104,0
82229923,0
133277913,0
80670229,0
128370944,0
113985216,0
59731312,0
95472809,0
84576421,0
32228811,0
108424760,0
76510033,0
102509334,0
65858233,0
185542500,0
116385553,0
71934159,0
128098957,0
133864750,0
134496316,0
45277464,0
130291529,0
114994324,0
121192544,0
78790089,0
114010374,0
61345130,0
63381693,0
185287855,0
192545281,0
82165257,0
108641171,0
113802944,0
127195187,0
91999133,0
117399773,0
40282013,0
72427669,0
81084141,0
78131807,0
42780128,0
118361981,0
173993030,0
156088217,0
77390066,0
37362574,0
64542990,0
80442537,0
102045117,0
92816307,0
84114583,0
113283833,0
75951858,0
144650303,0
72711913,0
61413132,0
152125482,0
87671006,0
65753517,0
102031803,0
60041424,0
60695967,0
85969555,0
44868418,0
115332802,0
213091427,0
159122222,0
89638502,0
130484233,0
85035881,0
34400558,0
108981386,0
61643093,0
123530623,0
66428933,0
139061087,0
61989832,0
150141040,0
98736362,0
98366173,0
59867976,0
120432920,0
124415729,0
124295774,0
74952945,0
173108586,0
83750947,0
61715329,0
43541795,0
40050018,0
109185776,0
158548847,0
76035513,0
65421977,0
78819649,0
81548032,0
132765247,0
165972329,0
79687335,0
100688116,0
34403786,0
78004844,0
86319561,0
154931035,0
118826898,0
129076768,0
117807506,0
84995554,0
63945869,0
56036250,0
134625371,0
127116803,0
157300993,0
140980596,0
76696815,0
70777106,0
40159186,0
205758292,0
72937937,0
162827103,0
98924141,0
116536874,0
111600305,0
84328359,0
88957499,0
93396738,0
55925494,0
34418462,0
64063959,0
99077534,0
87757543,0
76982402,0
162945756,0
93929726,0
141697900,0
66484835,0
103966650,0
111694619,0
42480813,0
61653812,0
63904674,0
88771635,0
61662596,0
38841041,0
115624893,0
34050819,0
208081922,0
192483990,0
134136845,0
125975147,0
80809805,0
127601332,0
92352988,0
161416638,0
82614758,0
60445150,0
81374090,0
38100258,0
94864467,0
91827540,0
72082766,0
75280971,0
198785900,0
92755026,0
76156089,0
82452887,0
63516650,0
111157841,0
79549319,0
86808521,0
82360359,0
86412533,0
79836544,0
36884244,0
91115044,0
36929042,0
74918875,0
107347532,0
106942266,0
110777348,0
121630596,0
86540551,0
94179270,0
32543464,0
71433977,0
98701512,0
156129304,0
117600146,0
123953723,0
208333538,0
85595764,0
77151834,0
138092030,0
138598903,0
152900394,0
142150638,0
38583711,0
102634609,0
192670624,0
40882687,0
173302286,0
155951029,0
157336869,0
59403335,0
76499404,0
133207040,0
123647706,0
33835938,0
84034461,0
75285531,0
123721788,0
98758934,0
152087494,0
108254657,0
174171996,0
67560118,0
32728282,0
143254622,0
34793615,0
157817134,0
96432382,0
66373802,0
115509527,0
79904733,0
109181433,0
149441897,0
63338810,0
66142754,0
53044684,0
31875351,0
97502079,0
139941890,0
112205361,0
206611934,0
161156347,0
103807710,0
140472203,0
128959744,0
89881777,0
97415602,0
84757657,0
78727289,0
99065878,0
160774235,0
66970380,0
78497860,0
199944671,0
130717728,0
116249589,0
43668047,0
75578451,0
133767080,0
112496080,0
76647971,0
119032403,0
140462363,0
90179445,0
64518010,0
94401168,0
102615639,0
126201032,0
41506041,0
31975192,0
79638658,0
101568001,0
108369145,0
115989446,0
80652928,0
32852570,0
116455686,0
107208440,0
122549071,0
35935894,0
63779971,0
65366816,0
98773620,0
77334224,0
160548123,0
125119491,0
106916892,0
123570743,0
115815179,0
134469165,0
120409795,0
116298276,0
106230796,0
82133822,0
104917685,0
101912627,0
127143204,0
79576845,0
90088773,0
198809676,0
88120260,0
207382878,0
160015006,0
122303683,0
112189205,0
45538880,0
45346324,0
163165029,0
196320532,0
125456874,0
121885666,0
116102187,0
150027865,0
179782165,0
122922626,0
157240957,0
84492776,0
140262247,0
126906018,0
95861583,0
152121909,0
126183622,0
105547474,0
64842839,0
33450707,0
89537486,0
63457995,0
176217205,0
154050064,0
34989872,0
56146030,0
147275706,0
100411737,0
96179325,0
98785700,0
154732340,0
114426210,0
134325670,0
107245550,0
71266915,0
78845547,0
86089481,0
195484774,0
97011382,0
74855986,0
31999274,0
88303835,0
156790883,0
86918360,0
180871977,0
105704036,0
81507399,0
32626063,0
78558499,0
59841506,0
65855825,0
176366295,0
41587150,0
150118665,0
113112299,0
133925646,0
180202294,0
154392648,0
130810058,0
83540616,0
136644712,0
74910634,0
151330900,0
78361295,0
112095345,0
103421650,0
194714096,0
113368366,0
161245924,0
71515007,0
57186316,0
64908531,0
41733871,0
193948768,0
163969727,0
115635266,0
39980329,0
79561498,0
127764871,0
61646084,0
64786325,0
43827017,0
86732515,0
121268224,0
160067098,0
72325657,0
121770172,0
64272287,0
138931805,0
155148374,0
187297691,0
75242737,0
149542823,0
82373229,0
111661990,0
85758030,0
63467499,0
141062169,0
66342150,0
95410542,0
156831427,0
128633149,0
63622660,0
36011406,0
127107249,0
105679441,0
63427093,0
193777431,0
35791768,0
61985302,0
135225601,0
165414173,0
185888706,0
40276802,0
68430321,0
60489879,0
120191302,0
64334564,0
64452496,0
59193635,0
86373439,0
130550419,0
141792243,0
123310432,0
34818802,0
58171322,0
44580749,0
40178599,0
44389417,0
76040043,0
140578045,0
62606969,0
109885718,0
196287015,0
148240184,0
162572546,0
105516800,0
65099271,0
60509856,0
78433076,0
164304198,0
60325629,0
121463602,0
81647912,0
146552866,0
92885315,0
118129107,0
112242214,0
181175635,0
121363456,0
77235834,0
106935338,0
79876733,0
75115577,0
92634617,0
66797060,0
141811143,0
104130466,0
76803338,0
157496106,0
77693103,0
192335670,0
41519464,0
150928782,0
65107749,0
107842404,0
43752788,0
115141795,0
152816620,0
128458980,0
103168140,0
161327506,0
78261661,0
102829109,0
76127428,0
112760418,0
96373786,0
148592045,0
118264291,0
157431904,0
130086271,0
152670748,0
76689028,0
101070829,0
56961338,0
35805477,0
96703441,0
130314357,0
130751670,0
58150576,0
191904694,0
133574692,0
130797129,0
104219963,0
121540309,0
140305821,0
35408294,0
84874197,0
153241191,0
81336822,0
72822236,0
41666472,0
57232910,0
126219449,0
164838371,0
117100665,0
143044074,0
194688120,0
206740150,0
133884904,0
157048766,0
121779390,0
140278315,0
103993959,0
41527133,0
60084110,0
115883565,0
125164970,0
65415799,0
36232534,0
164672196,0
95442786,0
108688890,0
179362490,0
146475627,0
78824534,0
78281736,0
122779882,0
75768964,0
111719323,0
41135438,0
64118696,0
123572273,0
151081169,0
65313007,0
159680999,0
86136638,0
37851564,0
87148568,0
63958305,0
35507168,0
114288844,0
164146610,0
104327384,0
165924678,0
191551451,0
42863625,0
31262064,0
128717801,0
143171431,0
175601016,0
83040296,0
57109994,0
43356257,0
174433856,0
147941460,0
105106806,0
194327652,0
35707965,0
161723593,0
203991090,0
96421111,0
37629537,0
31911266,0
138611359,0
89443014,0
131318215,0
89545885,0
78903856,0
159910704,0
82883123,0
180415646,0
207229327,0
194708471,0
145808925,0
108890319,0
154909450,0
194040348,0
68111760,0
90881243,0
92700517,0
87631478,0
41929980,0
66256018,0
107704427,0
165642793,0
109193059,0
123805808,0
117268359,0
64271547,0
76117539,0
77169925,0
75326747,0
121237529,0
107434552,0
83307772,0
97085088,0
98409342,0
73570293,0
129599768,0
37867750,0
72405275,0
115997332,0
44347076,0
83553664,0
162511108,0
116499073,0
77585455,0
208588006,0
189467622,0
55994176,0
185388771,0
79372120,0
107241612,0
108400451,0
75033708,0
35990512,0
204598880,0
109914290,0
98877596,0
124601298,0
37207641,0
82863206,0
83215047,0
108065654,0
185090996,0
33043053,0
78067980,0
95128360,0
154791666,0
177019318,0
212281409,0
121921118,0
159623292,0
162760878,0
39614473,0
200333346,0
149635321,0
98459964,0
143081736,0
65160897,0
82794010,0
145602522,0
192517952,0
157186634,0
129835356,0
36225724,0
135922326,0
73254722,0
37581749,0
128806114,0
117058482,0
115937493,0
124637154,0
104914428,0
102260718,0
145900318,0
180945249,0
91781538,0
118156061,0
70516203,0
177369797,0
88776105,0
128445163,0
97968171,0
110724230,0
31370195,0
88626048,0
124300867,0
96903764,0
35150915,0
33009082,0
93587399,0
83905801,0
78265165,0
81288382,0
184548779,0
91627878,0
64648901,0
63650818,0
121836841,0
141546766,0
126103945,0
86073620,0
44274732,0
161948452,0
122518229,0
82086340,0
156784112,0
132571575,0
65481442,0
36117771,0
74951218,0
103756329,0
194562904,0
73720399,0
126101329,0
34863403,0
131708370,0
101837076,0
100141596,0
81585793,0
184828908,0
44046221,0
154068017,0
210330860,0
94585335,0
131597584,0
122842287,0
39171239,0
102261942,0
131459972,0
58181616,0
108150424,0
147614096,0
41583913,0
95685717,0
67219025,0
59696452,0
80621000,0
125274819,0
194215523,0
79667023,0
39551959,0
102408072,0
75155351,0
141496550,0
105025106,0
81671056,0
145946379,0
65150859,0
181051880,0
37568000,0
34107934,0
116610096,0
32630070,0
66673305,0
122085763,0
115200697,0
114654612,0
119594566,0
164825678,0
33874390,0
119662262,0
36955749,0
81403156,0
57062995,0
80769587,0
135910077,0
67139298,0
34064775,0
62254278,0
107262130,0
141978966,0
107843509,0
96595576,0
160900951,0
96341226,0
83761004,0
74653679,0
38746559,0
35876814,0
185491099,0
71589345,0
177006319,0
166038959,0
162586423,0
38938573,0
109771033,0
40486551,0
40720303,0
146071052,0
153784108,0
163596666,0
156831279,0
122047084,0
166803053,0
206414236,0
36863972,0
74861859,0
134730976,0
195765219,0
132031284,0
76553104,0
148753364,0
100744629,0
118523665,0
145369688,0
138547325,0
76132175,0
117948839,0
131442404,0
74929959,0
120181008,0
152352038,0
176766379,0
117954534,0
114103533,0
136618991,0
40762081,0
126274778,0
114170143,0
62991202,0
91638350,0
39155289,0
107797675,0
156284760,0
191618910,0
193623002,0
109807284,0
105850540,0
94542175,0
111634266,0
123055125,0
75385688,0
85548469,0
32541460,0
41353507,0
108871409,0
59111718,0
33878979,0
106799335,0
110994262,0
112213553,0
180284567,0
147651472,0
191459545,0
80720021,0
173716682,0
37905018,0
55946901,0
136545058,0
79620913,0
89530084,0
77706002,0
157170823,0
130822889,0
117948168,0
132130690,0
66796181,0
106536902,0
43674295,0
115500674,0
119486701,0
35482030,0
130256916,0
109860185,0
101281762,0
49565590,0
120842489,0
108405850,0
97519854,0
64823030,0
76075307,0
184965721,0
148800659,0
103279489,0
127815324,0
60056209,0
41319328,0
59330665,0
147437055,0
109067054,0
71642226,0
97235156,0
122489903,0
100950489,0
60516616,0
109703387,0
143846966,0
52551145,0
39630797,0
178737349,0
128961215,0
132632441,0
99900640,0
40274216,0
114768793,0
73411175,0
77913748,0
34160608,0
62539056,0
122744519,0
194979520,0
39605501,0
72271028,0
87936222,0
103163550,0
130145005,0
109640814,0
84603000,0
67803266,0
115941885,0
56771427,0
127587119,0
33814580,0
102299437,0
94100175,0
38879552,0
188691171,0
204281720,0
185032084,0
45604286,0
132627595,0
60119957,0
115074534,0
180143324,0
82435220,0
102807001,0
69483793,0
79121994,0
129682397,0
95277460,0
121985783,0
67820074,0
141735542,0
78141045,0
64544333,0
121411540,0
83442907,0
56461403,0
35485415,0
83647228,0
34696163,0
110525476,0
157405453,0
65377673,0
129020600,0
95511636,0
72436719,0
109456321,0
74778470,0
106567113,0
135339170,0
161571028,0
43299980,0
166337563,0
109204656,0
83862484,0
81442743,0
207123643,0
81642780,0
126159412,0
131991766,0
89097855,0
87680017,0
32165774,0
196519089,0
98208407,0
88952386,0
125931622,0
154292886,0
76802618,0
90171786,0
98820707,0
211599124,0
41211947,0
57605221,0
77895054,0
147396717,0
60032127,0
92543560,0
119136636,0
193554378,0
126259144,0
82529949,0
104306046,0
42165262,0
112421121,0
130270803,0
178326843,0
102344492,0
143829497,0
41936544,0
129562866,0
113783965,0
117079811,0
195371037,0
160758128,0
36430430,0
85984448,0
146507545,0
96051879,0
99147451,0
63477438,0
191908721,0
70345903,0
83498680,0
64884034,0
106996599,0
117434840,0
90978764,0
60080972,0
84088971,0
94063450,0
38668570,0
86149182,0
33775950,0
99038016,0
166278050,0
77880882,0
162533759,0
130895815,0
164847046,0
144871875,0
179862119,0
37263257,0
40284027,0
115388062,0
98053109,0
75668432,0
89662761,0
112807081,0
165762758,0
108867797,0
194856465,0
84343291,0
155285610,0
116644452,0
63913961,0
118378828,0
96951641,0
121248860,0
56941490,0
105721160,0
60258023,0
94118295,0
157320989,0
129310757,0
67389088,0
60275048,0
157813463,0
38092915,0
41512940,0
113176362,0
161394570,0
150200741,0
71967262,0
75360659,0
101923593,0
45025325,0
138992947,0
36155956,0
127113990,0
194074901,0
129573693,0
193742533,0
135181168,0
193757357,0
174112137,0
72509014,0
138542074,0
105032143,0
35883002,0
98869434,0
95536676,0
196221540,0
50475705,0
140877518,0
107243053,0
43662678,0
122388898,0
34118554,0
33697902,0
113565106,0
121814112,0
146616525,0
115768722,0
32599612,0
208243656,0
113252418,0
64548409,0
40446303,0
145928663,0
66755469,0
124851433,0
130344410,0
125900947,0
74741923,0
72230524,0
65382617,0
113929305,0
61464878,0
194621500,0
90471161,0
98109908,0
78838529,0
126016066,0
41742172,0
135973401,0
81337276,0
63861553,0
141866857,0
212397140,0
132802791,0
133838467,0
77296295,0
109294835,0
191113379,0
156706873,0
126888697,0
123613903,0
192644480,0
64075507,0
140436327,0
133755800,0
117971460,0
63292521,0
208021856,0
74254000,0
99999247,0
83408482,0
111088763,0
86321614,0
98841799,0
112887331,0
94164623,0
78271807,0
166024371,0
87498574,0
141334037,0
64425157,0
66976963,0
127129831,0
95212844,0
84703038,0
33738268,0
132523619,0
151013799,0
127462071,0
63928351,0
180571477,0
65671175,0
59554162,0
40262126,0
35252167,0
195173013,0
144604784,0
94628939,0
196495047,0
42352113,0
95232514,0
195305513,0
88338773,0
112865115,0
180239513,0
45339455,0
75880570,0
161298529,0
177220746,0
159779133,0
141738019,0
176122417,0
107689968,0
64557607,0
179210715,0
108844948,0
141957816,0
155174686,0
204299416,0
59197879,0
40500398,0
94695243,0
72910056,0
163784544,0
180781354,0
88791255,0
36263515,0
72199227,0
42827789,0
71972108,0
111954821,0
89234252,0
74879397,0
118195559,0
84211483,0
108900830,0
178989034,0
42659670,0
65038237,0
145104295,0
65113789,0
210000800,0
204273627,0
139239006,0
161143260,0
111552822,0
146626040,0
61183841,0
93771004,0
75464122,0
150430190,0
160026189,0
143309497,0
116261936,0
149324557,0
37372957,0
75662333,0
115706870,0
165644105,0
164860350,0
41592637,0
141252326,0
99757343,0
140828605,0
96041289,0
160857565,0
208235444,0
109715369,0
128955935,0
166955223,0
192526607,0
148980295,0
199039549,0
85852571,0
60831674,0
144794804,0
81679090,0
33451458,0
126809237,0
92255407,0
43561357,0
144319237,0
75490997,0
42859421,0
127872815,0
78258740,0
42392194,0
78537250,0
110006729,0
81823769,0
180733171,0
133824591,0
61705815,0
80631688,0
129433969,0
76248953,0
171860278,0
61099959,0
73985665,0
133637996,0
85226196,0
125680647,0
112002748,0
150206347,0
111451205,0
106462327,0
97558178,0
119826709,0
43063406,0
89127937,0
62199650,0
127523352,0
96328001,0
95574792,0
161121172,0
75960109,0
93621064,0
89512625,0
127242364,0
106798674,0
211004875,0
92023057,0
66289229,0
35109334,0
140355110,0
40520710,0
37008818,0
128529647,0
139910317,0
160814355,0
34133398,0
60792541,0
179818604,0
65057493,0
78779085,0
34093238,0
89124493,0
40055703,0
92559924,0
130871388,0
127468210,0
82413349,0
210579110,0
119588516,0
109855764,0
203989531,0
155110297,0
36351088,0
152335517,0
90987903,0
79413000,0
68088270,0
56556457,0
199554160,0
119988669,0
161852085,0
37695249,0
126766432,0
66614285,0
159794006,0
32229502,0
127118530,0
34065446,0
85399536,0
87234355,0
106663786,0
116631079,0
83348810,0
135950592,0
84855770,0
94373365,0
112339311,0
88928097,0
182143221,0
144511280,0
175694027,0
60929274,0
127619729,0
192919289,0
78237678,0
106941753,0
174561895,0
124071655,0
38763752,0
132939820,0
92674244,0
69696552,0
66114567,0
86876345,0
80630366,0
34807117,0
85951879,0
104897975,0
84781097,0
121546260,0
39247175,0
100705772,0
78127671,0
193952242,0
59558959,0
99083357,0
123413984,0
83644879,0
87349592,0
152301723,0
116276869,0
81623169,0
141141945,0
164061830,0
83651195,0
116478495,0
135432547,0
125002842,0
124613042,0
91547313,0
61220625,0
162565124,0
108144305,0
73294763,0
61303135,0
96560223,0
180309182,0
152330888,0
45281777,0
93705321,0
79539153,0
71681971,0
146048569,0
66050108,0
88370445,0
82624125,0
94867497,0
157400568,0
111326433,0
82394005,0
85529174,0
128124904,0
109079894,0
61922531,0
208356021,0
152944432,0
43088583,0
74509780,0
84380756,0
43491450,0
78688926,0
195122372,0
148282929,0
143209765,0
59905757,0
111861396,0
111568663,0
107051464,0
114836983,0
98971249,0
175392382,0
34045430,0
138604953,0
84139553,0
94858812,0
79602032,0
81292695,0
71314338,0
76030262,0
152823628,0
139906181,0
131254427,0
87832275,0
95013547,0
103225492,0
112360659,0
135861588,0
155636653,0
82541200,0
178679415,0
132447445,0
79154080,0
194770639,0
33148826,0
123725883,0
64015884,0
44032690,0
33697142,0
144960554,0
92130616,0
125774093,0
180660984,0
151555848,0
163213390,0
160445568,0
90112953,0
82842421,0
120039192,0
35934512,0
118099272,0
101679132,0
162302603,0
36778620,0
143240953,0
98836667,0
107228801,0
32059064,0
39524235,0
88636273,0
41586538,0
105717310,0
131254496,0
166038021,0
66130190,0
34779748,0
43113257,0
95715089,0
102783985,0
79194871,0
73821642,0
164335504,0
66608639,0
115866540,0
89236374,0
102384010,0
74217097,0
115613977,0
183446808,0
139267885,0
79680357,0
113502809,0
32417370,0
178428569,0
124863790,0
192543001,0
93626177,0
38445684,0
44857137,0
82205614,0
142236701,0
34355128,0
160164985,0
112338887,0
114439356,0
103970687,0
107709737,0
81415463,0
38706439,0
79187894,0
105206124,0
176971174,0
106707696,0
41473057,0
127223503,0
40689065,0
177056496,0
87701019,0
42903005,0
204861362,0
107932395,0
131142190,0
82717807,0
75401252,0
179986910,0
90776467,0
57014407,0
121785095,0
60004601,0
58350830,0
106698241,0
122277292,0
37739988,0
110058406,0
198928575,0
77254280,0
36500208,0
113724619,0
79879032,0
96083471,0
121792290,0
210508838,0
73125183,0
137904270,0
145249526,0
78971739,0
114958773,0
92317428,0
81903022,0
103571925,0
43886965,0
63819440,0
88146839,0
174269162,0
99389335,0
64380339,0
38585024,0
79927620,0
159857892,0
79463749,0
123359810,0
113380565,0
162355879,0
143729192,0
94244419,0
96704753,0
78126408,0
104291784,0
67590211,0
166277685,0
134996409,0
99946889,0
84825451,0
130967656,0
159357997,0
41260505,0
110979566,0
159365073,0
80081093,0
70380565,0
60948816,0
86499356,0
65895432,0
39121881,0
133756214,0
77559064,0
43709332,0
57810302,0
173202120,0
115507395,0
99194923,0
34764066,0
67509596,0
78286690,0
77284343,0
95278289,0
121641482,0
128210493,0
78593852,0
120510465,0
162002182,0
40236090,0
78752220,0
150388234,0
89400318,0
77471086,0
141648176,0
149621287,0
159720675,0
76119671,0
173295200,0
188084683,0
131030506,0
154602140,0
142430037,0
102995520,0
55897217,0
136494625,0
184202741,0
109040140,0
109565617,0
185889851,0
106556365,0
49457123,0
63907398,0
142493242,0
138683259,0
140292211,0
143666333,0
112329314,0
123909715,0
118451330,0
66784121,0
76136182,0
157486651,0
191991724,0
74445598,0
89384034,0
66766168,0
130393660,0
39105428,0
102217539,0
63928371,0
153755388,0
129633236,0
89791994,0
129274358,0
107091554,0
37592803,0
76354715,0
108100040,0
32046065,0
132067110,0
175988783,0
194981247,0
171222869,0
96029731,0
109991945,0
83966233,0
156688575,0
59758887,0
115845794,0
32310137,0
127646702,0
38357569,0
149449388,0
116237775,0
81470990,0
187824767,0
134781172,0
162590203,0
131309539,0
123387771,0
31830513,0
144133491,0
126336996,0
82720718,0
114443965,0
204524868,0
132079585,0
161667060,0
191754340,0
64609423,0
162586295,0
97634687,0
38706193,0
140313974,0
59086925,0
117336726,0
114716070,0
106091250,0
74853341,0
38575381,0
40145260,0
99631949,0
142167278,0
76487767,0
185808457,0
130218119,0
110494298,0
82252801,0
162808844,0
107350740,0
78979971,0
69119170,0
136109907,0
73420285,0
78916016,0
152830813,0
63817387,0
175814920,0
32274468,0
114327504,0
130969048,0
128432678,0
57659040,0
94749733,0
87096407,0
121771988,0
109250323,0
151432784,0
60756092,0
77687625,0
39470278,0
113005362,0
62317019,0
79110022,0
79822825,0
76033558,0
33348113,0
149342954,0
144464192,0
39285213,0
78499844,0
61682532,0
75869910,0
94315144,0
91779446,0
147326860,0
183333061,0
72712032,0
107925447,0
67192712,0
107895473,0
39489217,0
65879295,0
114176351,0
84287952,0
164303349,0
129084151,0
128112311,0
80771412,0
127304957,0
76527108,0
84921166,0
85863674,0
55912683,0
56632769,0
75972396,0
42011898,0
193110937,0
35228026,0
36397900,0
159455114,0
104924761,0
126177355,0
87930073,0
101396042,0
67190699,0
36009156,0
39825495,0
78611627,0
157357043,0
73671486,0
152499757,0
97330101,0
77286021,0
96740382,0
81132304,0
153725226,0
79721662,0
155056843,0
41704342,0
106249430,0
142086288,0
116789713,0
78839970,0
152730676,0
118515275,0
86688605,0
154519453,0
121465527,0
141280623,0
127137283,0
164363751,0
66067509,0
139701594,0
64853498,0
59336103,0
139147416,0
88861162,0
123831715,0
146426358,0
75259772,0
92386101,0
92452533,0
115493459,0
34913699,0
147447398,0
75018381,0
44344678,0
67569791,0
113012093,0
124229164,0
78352629,0
68426906,0
133857131,0
173774892,0
56027703,0
55745403,0
81467604,0
105804242,0
160712304,0
31844913,0
116192632,0
59381375,0
141997718,0
89075885,0
115549982,0
61984591,0
208218912,0
96979809,0
211720865,0
43866170,0
139185691,0
98923411,0
77216203,0
86558169,0
88351150,0
88659072,0
78174927,0
59178041,0
122651705,0
81529931,0
92376823,0
44190426,0
165873889,0
118635537,0
138259014,0
78728316,0
140039500,0
102624285,0
179777724,0
60506569,0
43359879,0
164054408,0
71465096,0
98721222,0
44443265,0
136453014,0
104002062,0
146045075,0
105062285,0
142559703,0
116730209,0
155847280,0
35066243,0
116161622,0
33288639,0
95071107,0
149448825,0
158276446,0
128015460,0
131949810,0
154424655,0
95419287,0
88288281,0
41071907,0
191958138,0
66760532,0
75882198,0
143803491,0
84099334,0
63152314,0
81393977,0
107943962,0
90561507,0
78165452,0
213397859,0
66031366,0
175175695,0
178685465,0
160736050,0
124911657,0
51747276,0
84919341,0
73412527,0
108347372,0
34792845,0
121084383,0
112378701,0
113568669,0
142334124,0
160682359,0
111877552,0
59819457,0
43482943,0
103933528,0
111110368,0
40302986,0
88539748,0
157685523,0
124120579,0
160186274,0
139189678,0
83060845,0
100229258,0
154789150,0
102243891,0
67041283,0
149259813,0
160084301,0
141183812,0
152587123,0
61698215,0
103861282,0
159969132,0
146010334,0
163838442,0
56593162,0
61081602,0
159678295,0
115120329,0
181072063,0
124881111,0
67152987,0
163666898,0
62895724,0
92863464,0
76811589,0
114653674,0
175481396,0
37468238,0
84871730,0
178519813,0
104318205,0
124473328,0
109337866,0
71568579,0
62704609,0
127550148,0
126944411,0
73408382,0
36306458,0
150201284,0
71728042,0
32888920,0
133867089,0
176007466,0
104925709,0
124623919,0
109792046,0
144755730,0
71083873,0
126906008,0
79098751,0
133695319,0
91864078,0
147660552,0
75835100,0
194294243,0
65271564,0
82228107,0
58110742,0
114997581,0
107743787,0
78278854,0
112528867,0
62265214,0
102463332,0
75957967,0
92743519,0
85141643,0
40628880,0
38486091,0
112025073,0
41223317,0
66017292,0
93560998,0
145252062,0
34885669,0
88024663,0
130045569,0
78757786,0
73866598,0
99065335,0
69806342,0
36506613,0
59744112,0
167143496,0
147507435,0
67449845,0
120756455,0
66385675,0
149940105,0
65911085,0
141220339,0
66142340,0
78954221,0
110033377,0
75519885,0
95187864,0
147287550,0
76228809,0
86461703,0
105631968,0
157405286,0
85207000,0
131499559,0
41732134,0
177792542,0
145905766,0
56216578,0
84968886,0
75565907,0
32756558,0
103289348,0
86950051,0
41593447,0
77078167,0
92387038,0
44882216,0
119059021,0
99404386,0
100656878,0
103462974,0
42430794,0
78899326,0
125466842,0
164471468,0
81215969,0
134346643,0
76172305,0
37825340,0
63275022,0
62920842,0
71508562,0
134182384,0
60214458,0
141392080,0
194206315,0
62397259,0
97742108,0
157371018,0
137846198,0
117043076,0
108549413,0
188956623,0
43321338,0
113349702,0
143006846,0
109625042,0
146578665,0
114829422,0
72334677,0
120528428,0
210396463,0
87606459,0
59594815,0
88221750,0
140965930,0
32182394,0
135024172,0
153202591,0
165284585,0
106519620,0
160482510,0
59929286,0
95951998,0
84296707,0
192097566,0
99331311,0
82656615,0
98789115,0
174381577,0
32386281,0
124045165,0
37729961,0
112341878,0
137943867,0
173653980,0
81172947,0
36741016,0
124954896,0
100743218,0
84207831,0
123031586,0
165742347,0
41743129,0
128783454,0
32962024,0
108463330,0
126785362,0
66370180,0
98748028,0
150112467,0
110466771,0
151197897,0
138972576,0
121474953,0
163069313,0
180447613,0
195323416,0
179531754,0
104864133,0
114901293,0
128666370,0
111944853,0
63114780,0
139802679,0
115062760,0
109169501,0
209903220,0
90893057,0
119226370,0
39822109,0
137456714,0
93495030,0
137420038,0
156424247,0
113824855,0
41634238,0
93276408,0
75259821,0
108440334,0
55869661,0
86498536,0
37193597,0
98751936,0
133760971,0
58746888,0
63830869,0
60423733,0
43673860,0
148413474,0
132652615,0
123625263,0
57622710,0
213067859,0
191873072,0
69010960,0
78953007,0
96500975,0
141335498,0
110835697,0
131751470,0
144839533,0
96100082,0
100590140,0
132664636,0
43034448,0
75701693,0
107629586,0
72771013,0
106720881,0
66973370,0
126134718,0
127054348,0
74661180,0
95773270,0
64546820,0
31369050,0
38124804,0
212770715,0
75263325,0
122357858,0
82769188,0
40323929,0
86109506,0
106876219,0
204280704,0
162916630,0
61111507,0
62295474,0
93437717,0
118870512,0
176003864,0
164188891,0
129135680,0
31454925,0
78689982,0
161892126,0
178382665,0
121192554,0
86378690,0
71821912,0
104638385,0
102301559,0
117198443,0
66074319,0
85185139,0
96519126,0
106129060,0
92550242,0
89844006,0
158749634,0
79644156,0
76430297,0
43324950,0
78916026,0
83663976,0
213493347,0
92657712,0
90615898,0
69503404,0
79673636,0
177017985,0
32564713,0
89679421,0
137625504,0
112958945,0
32053260,0
114937722,0
118058964,0
133048435,0
101722884,0
73476176,0
97728971,0
156719170,0
75844299,0
121490813,0
97127508,0
92330535,0
114661156,0
145097317,0
100706779,0
87168229,0
116559031,0
33738712,0
131155485,0
63046166,0
106581661,0
65835908,0
33865112,0
34834860,0
155337258,0
127436233,0
72490173,0
89456871,0
34903128,0
139776594,0
33294916,0
37153704,0
176510164,0
129936105,0
32097901,0
44842510,0
143604391,0
73763016,0
125408819,0
122668879,0
115983031,0
133729931,0
178099911,0
213094201,0
64788970,0
191932072,0
122779892,0
89124532,0
35753414,0
104009079,0
72495828,0
105695410,0
89457858,0
91549129,0
76878239,0
83387094,0
67478576,0
109558639,0
156715311,0
76209593,0
40196493,0
36475100,0
42157524,0
42179928,0
105583794,0
106360858,0
161388352,0
133842435,0
69696404,0
82848283,0
161591222,0
57644473,0
41158602,0
88160913,0
88559922,0
32215201,0
88589501,0
61766315,0
72944412,0
35271422,0
205395446,0
64317124,0
112725213,0
125519043,0
41779272,0
108886914,0
66811055,0
207232219,0
90176079,0
42125714,0
104269884,0
112301274,0
72267347,0
125286080,0
71705214,0
77526869,0
93166017,0
179317475,0
75032129,0
63862896,0
112860348,0
83708162,0
125795026,0
112301007,0
145573930,0
112401036,0
36666481,0
103890654,0
76269827,0
60080163,0
65967727,0
42041576,0
44789076,0
31420658,0
65257994,0
81843242,0
90670645,0
37067621,0
108992381,0
125305425,0
150259969,0
75368357,0
84458450,0
133605387,0
212321352,0
123982631,0
93635119,0
104168207,0
122663263,0
164078115,0
105505055,0
31730485,0
90233076,0
103643845,0
151487550,0
96584295,0
129912882,0
175707845,0
142287381,0
96566569,0
198717346,0
138705011,0
31649603,0
64967136,0
135346385,0
83754757,0
91331909,0
164059017,0
33355120,0
207166497,0
37720387,0
176208411,0
93836074,0
185679096,0
79901969,0
118080174,0
166112181,0
79995010,0
70470773,0
87439198,0
58695566,0
130643272,0
122637375,0
138331220,0
62204161,0
98494132,0
62373859,0
76025436,0
123591450,0
162437461,0
44173934,0
194191797,0
148019114,0
176516185,0
84869006,0
134299398,0
114177150,0
81272324,0
191732558,0
71738534,0
109930773,0
40579365,0
98804581,0
178881968,0
121546359,0
140806832,0
75042966,0
146917074,0
78141173,0
179187571,0
144894279,0
137991705,0
145144671,0
38557211,0
83631051,0
83524065,0
97368681,0
36522414,0
109169718,0
41099118,0
63402261,0
129073807,0
77303806,0
181050863,0
152229053,0
73207091,0
87702154,0
118253218,0
174412696,0
74231655,0
72112177,0
76643944,0
71579751,0
99923014,0
75905332,0
131660907,0
42498973,0
101487840,0
153419367,0
115439028,0
121383974,0
174352422,0
44336437,0
151375717,0
134019288,0
177528313,0
72989427,0
149979810,0
114774577,0
94017753,0
113991266,0
118460608,0
111248779,0
132535097,0
150069831,0
199103465,0
80596109,0
198624917,0
212582768,0
63087549,0
36372880,0
72947106,0
185009858,0
76265593,0
63314748,0
116181519,0
135209849,0
139242816,0
83503210,0
132146689,0
147264208,0
56384134,0
125838433,0
73502489,0
65856161,0
34984276,0
159984233,0
76590016,0
164134895,0
40355473,0
135011203,0
159946768,0
81149083,0
119640223,0
40482336,0
82805794,0
37271261,0
107413826,0
64796906,0
131892882,0
82392909,0
121131599,0
38396228,0
103911439,0
81455149,0
59676683,0
72464798,0
178745225,0
116268736,0
34285084,0
121267513,0
102609293,0
37743452,0
150032474,0
191442056,0
112609127,0
120689450,0
117355656,0
196248119,0
192043766,0
92183043,0
89542836,0
131942970,0
78004795,0
125010758,0
56041540,0
57671851,0
174928570,0
39131869,0
131801875,0
113903002,0
114826600,0
152886102,0
195299956,0
174165176,0
99629058,0
59196043,0
49786620,0
188129886,0
125029540,0
36995593,0
145888326,0
43463934,0
138223226,0
80562769,0
64424170,0
150096715,0
188738199,0
78067555,0
166222859,0
62214178,0
32581916,0
130107214,0
91807643,0
36387576,0
115865010,0
92092450,0
38551299,0
114667896,0
38178198,0
80751130,0
73536095,0
108055943,0
119710731,0
102275947,0
59870789,0
63934579,0
76830716,0
83215472,0
173539749,0
59938119,0
104837948,0
121746307,0
60014401,0
160061976,0
95385088,0
38241591,0
108176243,0
123352477,0
182341383,0
115160952,0
34772751,0
38394106,0
36711842,0
65492574,0
81341323,0
80708464,0
84031204,0
43835515,0
105053876,0
152268542,0
77357043,0
115107390,0
193668047,0
192560815,0
152123794,0
80373579,0
85547610,0
71863503,0
155906162,0
84509328,0
60870678,0
91202271,0
194996031,0
78066786,0
75505910,0
208270501,0
113307520,0
85749572,0
102447945,0
152286682,0
119822909,0
66312452,0
135976806,0
64822083,0
163023696,0
65404182,0
117098385,0
89727762,0
74209044,0
83477816,0
60761323,0
55783973,0
185422654,0
178210233,0
33421138,0
39848116,0
71993041,0
112443673,0
115675386,0
134451320,0
109132223,0
130357685,0
33472164,0
63094942,0
139327270,0
88083723,0
156285826,0
102523161,0
155249290,0
81544439,0
133968292,0
109239427,0
84747619,0
78121897,0
98937988,0
88765979,0
60840418,0
144360590,0
76428412,0
107077075,0
93011873,0
37745209,0
112000439,0
55796735,0
67942220,0
33259356,0
79064583,0
129167243,0
59318831,0
118198185,0
56116895,0
185536460,0
79959845,0
179333552,0
94457425,0
32431493,0
125449403,0
121123476,0
135783845,0
90380469,0
77850592,0
33633749,0
86163069,0
108538389,0
78186997,0
132975351,0
159430657,0
157802281,0
79429492,0
83673619,0
175897864,0
110294359,0
41653809,0
132901546,0
83902673,0
154156488,0
195410367,0
156329607,0
109186279,0
116165066,0
174804233,0
174279279,0
176970029,0
136024249,0
88358799,0
89463415,0
63000154,0
113214923,0
86762716,0
118480890,0
147912365,0
137973298,0
61508018,0
126936722,0
82669870,0
177175859,0
113592968,0
38386171,0
95440901,0
191684167,0
139557143,0
78868049,0
64921608,0
43358448,0
118602375,0
111236127,0
74690779,0
74561270,0
107876030,0
74786208,0
136925551,0
106334555,0
60480720,0
73808910,0
63782004,0
98957253,0
56895646,0
77193493,0
144990074,0
95114316,0
82655382,0
107151107,0
40873272,0
35993532,0
126032686,0
37771778,0
119891335,0
113367704,0
56465509,0
135180072,0
92181997,0
70902914,0
80465129,0
32123927,0
59481561,0
179813067,0
65734913,0
140281315,0
115443203,0
65107512,0
119359906,0
80442419,0
156090082,0
157290364,0
119504081,0
173620325,0
147512271,0
64074589,0
98832235,0
130230535,0
76714275,0
122622274,0
79343903,0
37655198,0
85857427,0
102464516,0
39711738,0
35520127,0
79911059,0
89447594,0
56006503,0
194604741,0
86313126,0
87192774,0
64518267,0
116672245,0
83667184,0
103571362,0
112382521,0
154968944,0
81356621,0
147563642,0
95523056,0
39322461,0
120814133,0
45064192,0
115872679,0
71235796,0
111788203,0
34821487,0
144614634,0
35398178,0
42702089,0
148463108,0
65642425,0
85368664,0
147474145,0
144746630,0
100545036,0
124505355,0
141723570,0
36471704,0
66333218,0
74189749,0
62604107,0
143364807,0
107903655,0
43531334,0
176666677,0
129782100,0
108433988,0
107220007,0
129075396,0
109674597,0
179553437,0
118071735,0
155017799,0
84634435,0
139834844,0
149384140,0
44957333,0
78902030,0
114727726,0
84923881,0
36180916,0
174942921,0
70917689,0
32442320,0
174168482,0
42488817,0
66608619,0
32672390,0
185765346,0
40053719,0
173112030,0
174965344,0
162086439,0
37808848,0
78742439,0
90864593,0
81377623,0
76252831,0
104236988,0
102737588,0
94462902,0
92880795,0
87472301,0
80515257,0
44856565,0
63796592,0
176891595,0
59708148,0
107910662,0
41492224,0
84221145,0
142436837,0
112933541,0
131073636,0
176950803,0
144640966,0
89446646,0
129197928,0
131280611,0
194239388,0
65131258,0
33764788,0
84579046,0
135266668,0
130825129,0
85175832,0
148180443,0
43984260,0
162494685,0
97418523,0
106381673,0
89027899,0
102798237,0
80934241,0
90813892,0
114274711,0
64384178,0
191658585,0
39744248,0
126062295,0
56517354,0
85161827,0
111709275,0
84178281,0
130222619,0
115675701,0
58709857,0
45257063,0
92914174,0
39252002,0
99094441,0
73827603,0
208028587,0
151908765,0
201273702,0
164872085,0
126806138,0
77328480,0
32178081,0
120942813,0
83009888,0
161278612,0
79849039,0
174948142,0
103318404,0
151200552,0
125132618,0
72412539,0
31671090,0
59019496,0
59487355,0
44595306,0
92443700,0
205933754,0
78375665,0
129113128,0
72408571,0
37414074,0
74736633,0
141662843,0
137269645,0
192219120,0
65886470,0
42781974,0
143111049,0
145879286,0
75850290,0
88053098,0
136946613,0
87949250,0
107785910,0
94289148,0
98720087,0
177384226,0
78158978,0
115051331,0
90919231,0
73649901,0
118247937,0
191598193,0
62845606,0
74005404,0
90100103,0
108059496,0
120993602,0
60520071,0
127201622,0
115569465,0
88321136,0
112854781,0
76787418,0
82001905,0
140958183,0
60385301,0
102726692,0
98820263,0
94991291,0
129548545,0
129593452,0
114810719,0
64666044,0
71467988,0
71988975,0
161579042,0
34336268,0
144854791,0
62726539,0
62605696,0
82375944,0
78433155,0
62621141,0
40438772,0
194809476,0
74148306,0
78563839,0
150367034,0
116083859,0
204131436,0
81630502,0
115717943,0
41323661,0
165588826,0
85933867,0
175930444,0
151102458,0
107628194,0
65846311,0
149910308,0
176288108,0
35166173,0
120352542,0
98525636,0
79709344,0
39467031,0
94030012,0
133609700,0
134669222,0
111899384,0
31783603,0
160362170,0
73775423,0
92262523,0
177600835,0
134944751,0
95541946,0
37740028,0
114914212,0
92795768,0
103338410,0
183999457,0
98751650,0
71997798,0
147916875,0
44774736,0
112747153,0
68086978,0
41752022,0
83027239,0
41163389,0
96429904,0
115516080,0
60344382,0
125999623,0
37561950,0
87069325,0
35767508,0
150138207,0
148650769,0
115926370,0
150905006,0
102767325,0
118289390,0
72312382,0
134399850,0
39351497,0
75762756,0
83831079,0
69354373,0
181314095,0
142928708,0
156397175,0
113227704,0
133969644,0
86307076,0
130228067,0
137064722,0
174960262,0
132575790,0
96548261,0
67305502,0
111623114,0
180158355,0
205283465,0
45459982,0
168680153,0
113116227,0
132165796,0
72338685,0
116182131,0
60094089,0
42892188,0
92946862,0
113934861,0
41992100,0
72878947,0
108323073,0
39471709,0
152862948,0
75317548,0
75387366,0
81816051,0
127709789,0
73907725,0
95198494,0
76804434,0
97804642,0
96055264,0
41009699,0
118492023,0
179044412,0
143116635,0
82016354,0
147392059,0
129965704,0
56634427,0
107357066,0
31842623,0
105096542,0
107210996,0
44523535,0
145318514,0
140118062,0
129775428,0
40234412,0
95748132,0
73974483,0
64138060,0
164887225,0
42657301,0
78187797,0
66056869,0
144344088,0
45427097,0
73472505,0
112767287,0
84828728,0
93434746,0
139333123,0
83834000,0
126097303,0
93819957,0
194692660,0
175320354,0
145094563,0
32640482,0
116751459,0
83738699,0
35004193,0
94414225,0
166180400,0
144929316,0
113655660,0
96245086,0
92191245,0
79103913,0
41229466,0
113271190,0
122100498,0
119832877,0
144032949,0
148223928,0
127395027,0
79205580,0
73842852,0
123983095,0
130510772,0
109659822,0
160920088,0
56785856,0
78165314,0
34867134,0
100809827,0
94227986,0
108170716,0
122486370,0
121939623,0
100591008,0
87090880,0
139301491,0
140150592,0
141395169,0
123712125,0
122667191,0
34088659,0
38337218,0
103875376,0
152038471,0
62572672,0
63544028,0
87881189,0
140259602,0
95695754,0
114064617,0
86765716,0
135198963,0
188203010,0
65457222,0
109967488,0
77572447,0
79092287,0
178551860,0
63619926,0
38831823,0
70898107,0
130084119,0
65761482,0
81134032,0
107604665,0
154880986,0
72454899,0
53732467,0
115938746,0
60218179,0
59853695,0
144972279,0
204306029,0
167261664,0
137012246,0
66162365,0
38113612,0
209986105,0
108093852,0
112755394,0
122177964,0
74845130,0
84114435,0
89730457,0
144282324,0
176954050,0
114564068,0
125090040,0
155970610,0
131838185,0
84240628,0
32937449,0
73787602,0
149163544,0
156302032,0
56474342,0
43662027,0
150125248,0
86639810,0
40332812,0
142122608,0
90308687,0
57697680,0
32786819,0
78816510,0
95931657,0
32859479,0
150117155,0
117335631,0
99829223,0
78177098,0
64206832,0
118037004,0
78871987,0
130895805,0
61684763,0
81372382,0
209953130,0
37202618,0
121614301,0
130526909,0
104843742,0
116039396,0
33649195,0
116181785,0
105514016,0
32465119,0
111189878,0
70085750,0
161725576,0
38914737,0
93719899,0
59754584,0
185102385,0
130379665,0
195197737,0
96098799,0
129283467,0
96416166,0
113356206,0
40816886,0
62650464,0
85453207,0
73260180,0
165696572,0
86817848,0
125846713,0
99120447,0
58111236,0
159404522,0
106173326,0
33555710,0
139785151,0
124598909,0
63025460,0
78269853,0
96673407,0
194785039,0
115328410,0
59309662,0
35054844,0
92246604,0
68691846,0
97683542,0
100768128,0
210375668,0
108400767,0
126362380,0
78626363,0
92940575,0
39562618,0
133216969,0
81249970,0
127832626,0
120962207,0
34837061,0
95446023,0
156887960,0
92352120,0
96911285,0
121087008,0
83384360,0
91508851,0
33560300,0
45068396,0
83393283,0
38170767,0
122372850,0
81622024,0
127398551,0
142409972,0
75975821,0
210494369,0
31664329,0
112336400,0
152635661,0
193693589,0
93016018,0
177848680,0
138745940,0
119805568,0
164670143,0
88150076,0
117946480,0
99146503,0
128636643,0
90989206,0
74864622,0
56536876,0
32029228,0
39707602,0
81215594,0
81725931,0
71300896,0
64341660,0
84167750,0
194628892,0
76601317,0
77294479,0
180652072,0
129828210,0
83170318,0
203917107,0
106340882,0
189497448,0
150982394,0
154745792,0
38843370,0
116867061,0
210347431,0
34691830,0
36218944,0
81443493,0
114532939,0
120350558,0
82251152,0
209965171,0
77669781,0
194560930,0
157087988,0
196351207,0
108225473,0
39501939,0
180367709,0
108344056,0
43979621,0
72406805,0
35906857,0
81764304,0
125033300,0
193867916,0
177599255,0
85471199,0
208076928,0
194052122,0
162251459,0
63282158,0
77885738,0
63351946,0
118875496,0
118582833,0
92694802,0
77988648,0
195263458,0
135707415,0
59675894,0
40318166,0
141524668,0
78296284,0
58285257,0
144341986,0
78096987,0
151393453,0
160167847,0
121345335,0
132796889,0
166566647,0
161707742,0
98912307,0
112634511,0
120673827,0
122780672,0
74220532,0
77671913,0
181168568,0
79710035,0
87990534,0
84595785,0
42658811,0
131743989,0
131476424,0
193045255,0
83255355,0
158397279,0
110536924,0
136869146,0
31496555,0
101837915,0
62041579,0
78220288,0
88892221,0
32996192,0
158028472,0
85488955,0
103323290,0
85622116,0
119742817,0
100768148,0
109048519,0
88946692,0
145784162,0
143129821,0
102906635,0
131997026,0
116179880,0
90259803,0
32908422,0
98224100,0
155322839,0
33871922,0
119541685,0
122913812,0
76691180,0
85440475,0
36773675,0
159290281,0
112066259,0
193926749,0
118439072,0
65459571,0
76053090,0
99428251,0
145261330,0
118160246,0
74353752,0
120040465,0
125999564,0
162520356,0
75589614,0
174621833,0
144391463,0
73219142,0
78480421,0
64364410,0
33679771,0
44655649,0
194214053,0
145924666,0
77702795,0
192876781,0
138812935,0
106833267,0
79972892,0
79593219,0
105739784,0
56036408,0
81960542,0
82615805,0
33551979,0
175241743,0
164388790,0
88212265,0
86381453,0
33745286,0
77208564,0
85832812,0
178712606,0
31581049,0
138777701,0
74982840,0
142940433,0
76445091,0
150353039,0
116015936,0
128615137,0
71848481,0
143341781,0
122188545,0
81631173,0
83383107,0
147997757,0
185326050,0
84904181,0
111133502,0
108300067,0
138790354,0
82660346,0
112922783,0
142485139,0
66766760,0
157281521,0
112636189,0
98495149,0
42573903,0
148739783,0
72283780,0
94525456,0
104183426,0
111679183,0
139886472,0
166943468,0
148158621,0
127623726,0
151285154,0
121353468,0
173800218,0
126987057,0
114228620,0
97180517,0
107131911,0
60497469,0
93618558,0
121943976,0
80864660,0
61362767,0
62541158,0
120131729,0
90889454,0
105617331,0
198934685,0
93195369,0
60220143,0
130032333,0
141766335,0
173408582,0
58075044,0
77076904,0
157015140,0
180262667,0
100616255,0
35105001,0
111188634,0
38871854,0
114803752,0
144922911,0
134333389,0
78892585,0
178618815,0
43288502,0
94126388,0
89742952,0
61468204,0
76428974,0
156337878,0
75317203,0
65445901,0
127509219,0
33112121,0
31715809,0
132768040,0
139991386,0
102678262,0
115878265,0
78328330,0
208365960,0
141941017,0
89526057,0
106351640,0
59639287,0
149144042,0
139850774,0
159897410,0
120543667,0
99586559,0
127438611,0
147964062,0
56529109,0
81339852,0
185288348,0
77468648,0
136399926,0
81320291,0
92499058,0
203825142,0
79721060,0
37081478,0
60399918,0
128098454,0
135001087,0
62159895,0
84724288,0
103114587,0
66676325,0
106340615,0
140053900,0
37346339,0
65155468,0
63690385,0
127184538,0
106140489,0
68180907,0
122030414,0
107231347,0
159412635,0
132436727,0
83766581,0
74017563,0
151072918,0
74913210,0
61456992,0
48013575,0
132659642,0
74832990,0
185650030,0
127334339,0
120964773,0
75474712,0
32511269,0
107335018,0
119942973,0
133027966,0
74759106,0
42402152,0
34226981,0
112227903,0
88845686,0
39719288,0
164389491,0
75074746,0
95843107,0
64383428,0
91797033,0
59622213,0
115502598,0
35245633,0
107566489,0
149050083,0
75425887,0
85048958,0
166918439,0
101428879,0
90050390,0
144299685,0
76950899,0
174136988,0
191825628,0
75002195,0
41040897,0
161949024,0
77106444,0
115879736,0
109779353,0
134234732,0
82153335,0
79550207,0
142159797,0
164967643,0
114457960,0
164694570,0
207125173,0
108207402,0
71846389,0
151362275,0
87530858,0
104154172,0
101327261,0
140142943,0
92204816,0
74531661,0
87412472,0
93171573,0
73986454,0
106120484,0
94787040,0
128948710,0
75507469,0
118241631,0
96714248,0
45040179,0
125728347,0
196520796,0
151726671,0
135017707,0
99880279,0
121394890,0
156275127,0
91634876,0
87699430,0
128556097,0
31239857,0
193375748,0
115750671,0
111638895,0
104883980,0
74340033,0
85060890,0
174454809,0
51214179,0
83611332,0
213526638,0
37038338,0
112594826,0
74560994,0
59644923,0
119595869,0
61458137,0
193933184,0
87115061,0
185390637,0
35159649,0
126455865,0
138076604,0
140805036,0
102496888,0
62389512,0
127571190,0
104152988,0
118625361,0
139227538,0
124769545,0
73725996,0
139885663,0
154790304,0
155746235,0
38100199,0
62250360,0
211579927,0
119642118,0
148608912,0
74644185,0
54957345,0
122360779,0
124651139,0
78334726,0
154807912,0
113726257,0
118208479,0
95935546,0
88762683,0
66628092,0
176272524,0
56079074,0
107659076,0
82006771,0
32831173,0
74200645,0
161788140,0
144204049,0
153893611,0
75595111,0
72366971,0
103533661,0
77475379,0
117580269,0
79671554,0
162609133,0
76187909,0
124617415,0
129438618,0
84295749,0
179118395,0
70928525,0
82378914,0
121258463,0
102506442,0
112701733,0
107961589,0
78719344,0
160795100,0
152967803,0
84871976,0
163988144,0
66728466,0
177033875,0
112503058,0
109015485,0
112138840,0
107916377,0
111094646,0
100169606,0
39562223,0
106845209,0
84315568,0
113571620,0
130721390,0
103933853,0
145254184,0
37751368,0
59201343,0
139325671,0
95076574,0
74908729,0
145340297,0
42523607,0
99310862,0
118085020,0
116127098,0
198873750,0
109084099,0
77431262,0
208472097,0
62977829,0
212309508,0
110036397,0
98783045,0
164053086,0
150342360,0
64382649,0
31838981,0
116797609,0
127132772,0
127731058,0
164500485,0
93491141,0
91869486,0
35875274,0
44101264,0
108420250,0
142308749,0
33985235,0
69628412,0
80329570,0
79899926,0
120776974,0
121281923,0
74232287,0
121351997,0
105222606,0
159650976,0
150266295,0
115887424,0
65953011,0
104867883,0
127671129,0
78433550,0
177954068,0
60611818,0
31806579,0
83889813,0
84616551,0
126317780,0
141412826,0
41244230,0
79394395,0
42931943,0
181184665,0
43880678,0
42108522,0
108051393,0
65962950,0
38439782,0
135399395,0
144414814,0
88648334,0
44904107,0
135247926,0
150324772,0
182208923,0
37946658,0
38083736,0
33599630,0
42780484,0
126245564,0
185667153,0
87284108,0
175069666,0
132077315,0
128726980,0
95551214,0
73505844,0
42764455,0
106763656,0
117390703,0
93739964,0
142449184,0
93490934,0
153546951,0
78748894,0
82903247,0
119334068,0
66612488,0
83227394,0
125495237,0
83814103,0
62118769,0
43821993,0
82562331,0
73221432,0
176599859,0
85194604,0
75478245,0
103971930,0
161627265,0
115071090,0
179661786,0
149966595,0
117484968,0
105044904,0
104857658,0
81578647,0
199066690,0
66239802,0
173427887,0
43395518,0
150520684,0
94508115,0
166604931,0
162867598,0
124840882,0
121256183,0
86980844,0
97264656,0
93505649,0
64110889,0
37018609,0
141014094,0
31853036,0
120466634,0
89537693,0
60688446,0
106661841,0
122831293,0
86643402,0
139282630,0
40029647,0
95467036,0
194995647,0
98779966,0
38323617,0
91657221,0
139368170,0
64174736,0
83081650,0
194284621,0
110811507,0
62603277,0
138129702,0
35616444,0
103746360,0
127546289,0
165529016,0
112191396,0
62486046,0
83488524,0
196071996,0
77677479,0
66504308,0
113164884,0
94488692,0
33941325,0
113604131,0
35038796,0
77227869,0
104001914,0
116079122,0
60095865,0
78444673,0
87898984,0
134812775,0
94476354,0
125353213,0
212466010,0
88320554,0
31447967,0
57903737,0
103244057,0
192507342,0
42353367,0
106773092,0
149365092,0
196532255,0
44993851,0
78678632,0
93304902,0
108246396,0
105968877,0
92464268,0
41519543,0
77788808,0
93880053,0
112582370,0
38411378,0
179099583,0
66783835,0
80186865,0
199015576,0
117226749,0
153922875,0
83572297,0
81634411,0
108057621,0
80067493,0
99179448,0
125150038,0
123901108,0
45077387,0
107226304,0
146767224,0
95927512,0
144044635,0
133157119,0
137285782,0
66457832,0
85930580,0
194960402,0
181379057,0
40587201,0
64878626,0
60838494,0
61533896,0
85148779,0
78308769,0
135509421,0
92873373,0
77973932,0
45677291,0
198633356,0
162857867,0
106038033,0
146004916,0
86409443,0
87111686,0
38537827,0
131411571,0
85182138,0
105496814,0
109156650,0
37729013,0
142458254,0
103934554,0
66102536,0
44591832,0
91270904,0
116679865,0
138897340,0
68313228,0
88511136,0
115861655,0
66500320,0
82891611,0
38061362,0
179895774,0
82592749,0
150983825,0
138575305,0
92321790,0
98822198,0
134381967,0
150529280,0
114193583,0
126901113,0
90605910,0
145225237,0
116202422,0
74071027,0
79815462,0
115021811,0
80104000,0
123705256,0
35757392,0
87216915,0
83207438,0
155387929,0
116157210,0
40700573,0
196626273,0
67024051,0
59462621,0
56642747,0
88130554,0
132935191,0
89935211,0
156240662,0
88714825,0
129841722,0
207171145,0
65328907,0
61770056,0
62605320,0
136775701,0
43381355,0
108723108,0
68261877,0
80047497,0
175257475,0
77794138,0
193703291,0
93703268,0
79200862,0
57932320,0
108673829,0
106682459,0
104143049,0
121372476,0
109792727,0
145626841,0
120291380,0
106981656,0
152081986,0
114804719,0
74902975,0
94714311,0
180412389,0
102965092,0
108907966,0
146806979,0
72496756,0
86910148,0
34541545,0
150213512,0
40200026,0
132449725,0
105091262,0
173135263,0
185295790,0
38952054,0
72385881,0
199772624,0
110850107,0
108875988,0
78879291,0
76587105,0
132357138,0
73052375,0
105773626,0
105813036,0
125478498,0
40018287,0
100675403,0
78676451,0
44907433,0
133859648,0
31902660,0
145395626,0
126403300,0
83295050,0
32363442,0
132443468,0
56388398,0
194311486,0
131579542,0
75192777,0
203706796,0
37981734,0
98829926,0
78493863,0
38744516,0
120107598,0
108146901,0
98741346,0
94109926,0
66478202,0
151673010,0
156233497,0
33975642,0
144158372,0
39165425,0
125387806,0
108158162,0
120758113,0
85567912,0
143858336,0
151938739,0
104045419,0
110479779,0
82535604,0
95297456,0
177399199,0
176220492,0
43124854,0
75356543,0
79742032,0
39142952,0
164108425,0
86321565,0
144779071,0
153782075,0
33136815,0
67940730,0
33239241,0
103121713,0
36682243,0
66826076,0
82451387,0
100027217,0
160908758,0
66714372,0
107739879,0
173188352,0
117433636,0
148402262,0
37745160,0
155576339,0
113904789,0
101899659,0
115826203,0
67497644,0
106337250,0
87517849,0
175476165,0
40315925,0
78195317,0
152828444,0
109716395,0
41098752,0
213265527,0
75475511,0
150409562,0
116191990,0
147542876,0
45259353,0
62139140,0
196156026,0
72177849,0
37679527,0
124119345,0
161004908,0
128619885,0
59914087,0
75251609,0
136563307,0
109169955,0
180019371,0
72425280,0
75195915,0
121521369,0
147502066,0
84743573,0
76582308,0
65413361,0
117711386,0
199060917,0
78037828,0
84655575,0
67725247,0
115430925,0
109786015,0
38794980,0
195130021,0
160908038,0
98623572,0
65569814,0
32428937,0
83965947,0
93510821,0
73199235,0
149849067,0
106349261,0
107616923,0
75904770,0
209877164,0
159659148,0
60577976,0
41838627,0
89616088,0
67576581,0
198925052,0
94994844,0
184799556,0
93731792,0
157328283,0
112458299,0
78578860,0
77989033,0
126780812,0
40473227,0
38736769,0
161926601,0
78897333,0
74946875,0
65256040,0
129426883,0
104121642,0
75689198,0
124353176,0
190690515,0
39610120,0
78074494,0
204047060,0
75612738,0
145291146,0
85855561,0
32642308,0
129878851,0
78143058,0
89379138,0
97554378,0
131974731,0
176386261,0
89840187,0
151877508,0
31213110,0
126204704,0
146028534,0
178448061,0
66377750,0
125695018,0
145512186,0
174963992,0
157364060,0
127550108,0
95731413,0
67742696,0
39022642,0
91398361,0
154864859,0
125088915,0
36844489,0
135824024,0
144150378,0
31227214,0
161364181,0
118768204,0
56918445,0
75063653,0
175663234,0
153671634,0
89346105,0
44659281,0
132625404,0
102339991,0
59850250,0
55853840,0
71830923,0
75642584,0
85951563,0
73984293,0
206744019,0
42143934,0
41145031,0
152378647,0
60171210,0
66823244,0
78859265,0
66217675,0
42895090,0
177425728,0
78743831,0
126911515,0
143341435,0
161844110,0
113407222,0
140068250,0
119347915,0
61295604,0
125389593,0
115620501,0
40504849,0
128605021,0
166684214,0
60141433,0
34434362,0
127410394,0
194393265,0
134477307,0
148688807,0
36187638,0
143864860,0
140539869,0
93035876,0
191922084,0
128819132,0
79814199,0
65727244,0
31250763,0
127246894,0
107260926,0
94083288,0
106583220,0
194445446,0
112627198,0
195432120,0
73163053,0
71950207,0
110362371,0
145176817,0
38135206,0
100847668,0
153045052,0
31980156,0
112373875,0
97623228,0
89640910,0
63175507,0
78468212,0
194629297,0
56026321,0
130752203,0
177097554,0
78157004,0
127091330,0
110624882,0
41337409,0
99012020,0
83665901,0
61390520,0
51068336,0
115488830,0
95596416,0
108185057,0
32470271,0
42996658,0
90242699,0
164155966,0
76045145,0
82244174,0
156833687,0
101220334,0
133722855,0
42187409,0
144351501,0
76735218,0
61438723,0
93057066,0
122590613,0
56474678,0
95081016,0
126301011,0
198968330,0
39205160,0
79669155,0
138526904,0
83345938,0
61079983,0
96667900,0
62229150,0
126311779,0
121078806,0
45436453,0
76015023,0
42555891,0
86944040,0
75187279,0
75288699,0
73876300,0
40049308,0
109796941,0
124470920,0
32156644,0
40390529,0
78106827,0
175494286,0
106664635,0
150993191,0
108588566,0
115089477,0
119325856,0
180521823,0
99491278,0
113069702,0
83183899,0
173313163,0
128483289,0
89227610,0
213435590,0
62200963,0
74037668,0
107179601,0
38035069,0
82746685,0
165778421,0
31254207,0
39638456,0
43510331,0
70791407,0
37797261,0
38592781,0
155310077,0
156858312,0
71128740,0
196343983,0
63454817,0
63593603,0
35967743,0
180281380,0
86094465,0
199003713,0
149797617,0
111370669,0
85105383,0
128010525,0
35225114,0
106065076,0
196244082,0
213085555,0
41882044,0
139811897,0
44988778,0
156243574,0
111225773,0
83628880,0
176657843,0
132083208,0
121349372,0
86749471,0
31955147,0
88751925,0
137822827,0
127423037,0
60461050,0
117482599,0
204074587,0
40163459,0
153917940,0
120273358,0
199769959,0
92895639,0
121461372,0
38862695,0
212467915,0
92705294,0
44073905,0
163175925,0
61796309,0
65738535,0
36367797,0
118645228,0
97285007,0
155595457,0
88839310,0
84879280,0
86984427,0
72501168,0
87747732,0
206910578,0
173776551,0
112916703,0
101972546,0
106203596,0
56250361,0
143888616,0
156097316,0
144808848,0
132104526,0
96498508,0
112930649,0
119263095,0
118122120,0
114492731,0
134080490,0
35865602,0
119856446,0
114320980,0
100597779,0
90290083,0
78051261,0
61723797,0
75618680,0
66119067,0
64138899,0
124613230,0
92736432,0
112134063,0
144769340,0
84872490,0
142595254,0
67941855,0
126033950,0
77441842,0
45605599,0
102146961,0
184643666,0
131352748,0
102812646,0
180994715,0
57527745,0
67783300,0
84311689,0
96912883,0
145280615,0
33066819,0
34122976,0
100220592,0
72468193,0
134383575,0
144678994,0
145969129,0
45142971,0
92567415,0
164722304,0
95075124,0
88975412,0
90758238,0
106221588,0
61848697,0
119279834,0
120229784,0
81410075,0
130935343,0
116399449,0
56962463,0
121470353,0
198681421,0
135885206,0
137102839,0
31427083,0
56174020,0
44149269,0
165942059,0
109287946,0
93753949,0
63804349,0
120307665,0
89639104,0
202247082,0
66162829,0
83433314,0
78358393,0
154296577,0
112771955,0
156864352,0
99487458,0
85235217,0
39921447,0
98393502,0
142488208,0
130556133,0
84301118,0
73751834,0
96407570,0
149518238,0
74903499,0
121710797,0
151254282,0
125069778,0
94262105,0
90258619,0
99594021,0
120601966,0
107653214,0
203568345,0
176199607,0
127306388,0
185862779,0
33720385,0
131654354,0
173423949,0
62185813,0
36143560,0
84229475,0
131814883,0
109191697,0
88036971,0
72214900,0
31972369,0
164773754,0
87684922,0
107617347,0
35646783,0
128267935,0
84872578,0
95148336,0
78783674,0
111646722,0
57555271,0
74990164,0
142310654,0
62560325,0
100538295,0
130699420,0
92850456,0
75021105,0
75758483,0
158231233,0
100095199,0
62990334,0
178980595,0
106924511,0
159841893,0
39403460,0
141179202,0
91266503,0
115724171,0
76836826,0
43598161,0
81308279,0
139854149,0
41653079,0
96366226,0
76065477,0
93827063,0
142003561,0
72940760,0
157154430,0
87624708,0
142215462,0
82410872,0
95145010,0
147551670,0
56370603,0
40399649,0
74913822,0
63314975,0
204880144,0
117360956,0
102551674,0
32121321,0
82547714,0
84747550,0
56321600,0
38063148,0
91301530,0
88273772,0
121800334,0
120818821,0
142744354,0
200513920,0
106571811,0
97195904,0
66885235,0
98836183,0
90970642,0
37914325,0
109242397,0
207038843,0
114147650,0
199573712,0
129504399,0
143916744,0
74667408,0
96048089,0
83545314,0
90658940,0
116122992,0
166352032,0
39410004,0
100521033,0
155866071,0
134493197,0
43050664,0
95048979,0
117307611,0
73425417,0
137577932,0
126933317,0
34522685,0
125369666,0
102027273,0
132861554,0
73076516,0
145047880,0
72420839,0
56655410,0
84714911,0
99081383,0
64484187,0
69246538,0
134121537,0
36783989,0
76571008,0
112216652,0
134364201,0
65923077,0
68800195,0
120751313,0
37271063,0
39934712,0
82549471,0
117291464,0
117292195,0
133680583,0
92778496,0
32262210,0
33894267,0
81389822,0
82196623,0
38573930,0
67295090,0
78508855,0
95309270,0
71642167,0
164147025,0
107118340,0
88428429,0
144894171,0
121348740,0
73585571,0
115489166,0
146665765,0
65818301,0
59260946,0
155174982,0
99104853,0
67310437,0
82762763,0
123555356,0
156694151,0
68113734,0
80399545,0
120821812,0
60081742,0
63465239,0
95888981,0
158360871,0
118059300,0
31714516,0
34246059,0
115082005,0
196552695,0
81492841,0
63921462,0
145918162,0
140382873,0
91811463,0
66178028,0
62581693,0
146252771,0
142858831,0
63911247,0
106466729,0
69170818,0
173487628,0
37710863,0
115039339,0
58092859,0
210436682,0
106551035,0
142094421,0
71593658,0
55986537,0
68558212,0
57052365,0
31576104,0
78667588,0
63832053,0
127251089,0
36840551,0
191680496,0
71181651,0
118566262,0
176637009,0
66064577,0
145584392,0
141542947,0
114457773,0
36014406,0
129492812,0
77491447,0
191492233,0
208390456,0
59757634,0
115421224,0
45246552,0
198866268,0
79501402,0
142494386,0
94041806,0
97879986,0
70907306,0
153519840,0
135075553,0
163451958,0
97506945,0
128345687,0
83761883,0
82324138,0
132616295,0
136619031,0
81417615,0
104884296,0
131513731,0
192901968,0
129548417,0
87572468,0
73916647,0
122638855,0
44763159,0
142514372,0
175056668,0
114359323,0
34845618,0
67028936,0
105485089,0
121730792,0
40334816,0
132910715,0
99854331,0
58866991,0
121111060,0
34869641,0
92901432,0
95926268,0
76810069,0
100787996,0
108716288,0
116517460,0
116305609,0
60028061,0
35630449,0
114550517,0
103653705,0
37403750,0
113842580,0
160898395,0
147264741,0
34039390,0
132532748,0
99627291,0
72003799,0
114900059,0
44700625,0
102624788,0
120749823,0
41896009,0
151164538,0
144120720,0
137172933,0
44514682,0
121846563,0
93852270,0
139802778,0
79158374,0
78537921,0
163788748,0
78130070,0
126815928,0
83140769,0
69557953,0
32894861,0
127295186,0
138287191,0
140660367,0
84929309,0
154327805,0
75264756,0
104280257,0
131722553,0
62319714,0
128332867,0
121020062,0
74278457,0
175004063,0
42902284,0
35137452,0
114399019,0
107229709,0
127730160,0
71665538,0
62847718,0
40279003,0
98723798,0
116330402,0
66978779,0
96648743,0
37236609,0
43838140,0
192951050,0
140461495,0
65938681,0
127192187,0
80542329,0
118494737,0
134110247,0
179781879,0
73316397,0
88934937,0
77399373,0
65071369,0
107066298,0
87415886,0
44679899,0
130512904,0
44067441,0
126184313,0
77404555,0
131998290,0
96923918,0
161490828,0
102763970,0
42157406,0
155579517,0
58374004,0
64788378,0
134673288,0
63632292,0
110732639,0
55862417,0
41678977,0
179992171,0
60540432,0
135588131,0
165002334,0
125591466,0
56755507,0
91006231,0
86161489,0
146413557,0
108005647,0
111588995,0
127954890,0
120029746,0
114069650,0
65608592,0
205725100,0
60210195,0
98841572,0
108050712,0
63393537,0
154592261,0
140801591,0
72439325,0
154823851,0
66603349,0
76074409,0
196281212,0
179544949,0
119312197,0
43594775,0
75798543,0
74503316,0
87647516,0
75572066,0
112104810,0
140910976,0
45213568,0
66974338,0
43139619,0
146618114,0
180636241,0
156205981,0
173131315,0
100397742,0
99720786,0
59982335,0
91561801,0
116512555,0
175610629,0
173430453,0
175478268,0
87688278,0
81697685,0
84076861,0
132802761,0
191782103,0
76045698,0
177325009,0
34357793,0
146245418,0
77500902,0
145277763,0
152867419,0
68433420,0
39664067,0
87783263,0
103058202,0
157400607,0
88178787,0
74447128,0
41609041,0
83218946,0
37007723,0
59043449,0
110947342,0
115512725,0
94709327,0
115068523,0
150184989,0
121997528,0
67048754,0
204550637,0
96247948,0
57063054,0
39774686,0
156886184,0
81499345,0
55777696,0
162161734,0
66201765,0
84760312,0
33610733,0
104530244,0
134459147,0
45401229,0
63094971,0
93894847,0
117354876,0
79829635,0
82345960,0
103729809,0
115994628,0
124791317,0
132138912,0
146065565,0
83481300,0
122647580,0
66445820,0
83117940,0
83120931,0
126497397,0
68829675,0
74441937,0
67456024,0
121717843,0
142291359,0
144237418,0
132775649,0
112573813,0
180335485,0
83920764,0
73858643,0
146773393,0
93481696,0
175004764,0
126797788,0
152696892,0
76011717,0
90974846,0
108541764,0
103121674,0
85296280,0
42493466,0
127622156,0
194960609,0
119741238,0
98262305,0
59073167,0
178744218,0
115010303,0
95752869,0
176276541,0
143094972,0
36348186,0
86611691,0
44701000,0
59036432,0
143256172,0
160436833,0
174954182,0
110485217,0
56548433,0
84971195,0
111622670,0
83180247,0
67408886,0
159428989,0
79175724,0
41978124,0
140141739,0
126382297,0
63868314,0
78157162,0
42815817,0
199098905,0
117006183,0
90156824,0
61366132,0
39389080,0
133127155,0
35113746,0
83236228,0
122777010,0
151525666,0
84859047,0
72167072,0
33795315,0
132805929,0
132886366,0
34562499,0
91857100,0
196119380,0
96637442,0
161573131,0
36075914,0
59034666,0
76247581,0
63035507,0
106171598,0
104834830,0
67076626,0
122151465,0
140491064,0
58112923,0
154835951,0
94575860,0
114129865,0
125760275,0
139275909,0
43908658,0
102789117,0
126052880,0
44999980,0
112400690,0
83678060,0
80422147,0
77913945,0
193494421,0
161290702,0
144340575,0
80523014,0
86784706,0
65266037,0
88529967,0
114451584,0
56080170,0
112987784,0
83335763,0
127214917,0
39107984,0
72936180,0
178372993,0
41184105,0
59681184,0
62467284,0
162867884,0
39524097,0
196152897,0
87069000,0
76568205,0
154378683,0
147970171,0
75031557,0
75443583,0
58872044,0
111805465,0
65558178,0
174093513,0
165775559,0
114768764,0
127022519,0
160781470,0
79360247,0
33751207,0
39370911,0
166922170,0
117975467,0
40419181,0
111577812,0
74732853,0
99674882,0
75040627,0
78799801,0
132457167,0
117204898,0
56331006,0
111416701,0
32777206,0
32201423,0
180205384,0
67607631,0
152720639,0
107832406,0
65951254,0
45082569,0
99116174,0
195841758,0
113787202,0
155954701,0
77907362,0
94049188,0
179063767,0
89110399,0
72082588,0
143323887,0
131524864,0
109610563,0
85298876,0
116403644,0
74703797,0
124684893,0
139794023,0
127892159,0
64937311,0
106968332,0
174941726,0
128092867,0
185379721,0
87810355,0
151689551,0
54336142,0
140283625,0
122679439,0
82606892,0
86880944,0
110040266,0
138081686,0
147396283,0
110106491,0
160761356,0
132063153,0
76679327,0
159322752,0
133458527,0
80016259,0
145532142,0
81560379,0
66385665,0
120974899,0
74580151,0
71665015,0
38997682,0
205394400,0
112231654,0
84947607,0
65473240,0
163871742,0
88611934,0
129216295,0
44140693,0
42453918,0
82450410,0
105026557,0
34992764,0
196498392,0
106509928,0
41660086,0
78436392,0
123208993,0
61124732,0
127173237,0
82448692,0
134047644,0
156687765,0
124660950,0
83111022,0
62688107,0
162764984,0
142588434,0
199024202,0
38350926,0
72199049,0
140660831,0
74423155,0
81551555,0
132585422,0
60141680,0
185319635,0
91773494,0
35786596,0
88542255,0
204110562,0
88597772,0
116809847,0
43141168,0
121137777,0
137059028,0
116604382,0
36834294,0
111996708,0
66202446,0
105618585,0
43030639,0
122845199,0
87182431,0
108656518,0
78424569,0
37540967,0
87122157,0
114970281,0
206837553,0
112639930,0
120502688,0
162161280,0
42964690,0
114929717,0
158191084,0
44097553,0
143541690,0
106699297,0
140701395,0
65604960,0
156228227,0
123643818,0
41502597,0
130416814,0
133865944,0
62557867,0
39689541,0
139980569,0
127285100,0
131340875,0
43966958,0
78091943,0
99566366,0
117685044,0
162462816,0
74750056,0
110459359,0
74719815,0
75935247,0
148685086,0
194008153,0
126773449,0
40129972,0
94738284,0
139725449,0
59381316,0
134298115,0
102500333,0
122999244,0
73786763,0
95739486,0
124559776,0
59526764,0
98711589,0
59567387,0
78556575,0
63976485,0
112951799,0
159853727,0
85610687,0
96405418,0
91899588,0
71023984,0
62969104,0
37331110,0
85900438,0
126990433,0
153754371,0
176207079,0
83004124,0
108641112,0
136279043,0
40591425,0
164177176,0
79637306,0
141118672,0
124403590,0
33819011,0
127902137,0
60978583,0
207159450,0
124512491,0
104603989,0
93038136,0
123934754,0
79684404,0
64889848,0
150901582,0
174516001,0
132508657,0
87861104,0
72995862,0
105694798,0
111613372,0
88396678,0
114723443,0
92495407,0
76756773,0
112358468,0
90231467,0
37483803,0
114947769,0
164875826,0
44268761,0
155387021,0
161107068,0
116798349,0
208337427,0
130189517,0
106487120,0
36386125,0
89375783,0
39720472,0
205679819,0
96239668,0
87946812,0
72537291,0
85949372,0
157009623,0
74097744,0
102842443,0
72402610,0
174428991,0
85257325,0
65555621,0
99039615,0
31882408,0
124235323,0
116422071,0
105865177,0
34614284,0
39375658,0
126846317,0
150398439,0
125287906,0
109702755,0
100198741,0
94747848,0
119281867,0
101226512,0
79711081,0
84844667,0
77357003,0
38976205,0
151334107,0
64822409,0
64307501,0
72488752,0
162839490,0
111219871,0
75306751,0
36485009,0
34001797,0
124877321,0
142142910,0
96408912,0
60387749,0
130761026,0
175673350,0
44930439,0
77708795,0
91812331,0
104473671,0
121811891,0
42676971,0
69044842,0
73381250,0
116256745,0
116848388,0
118060800,0
36701341,0
107660418,0
115013224,0
132653572,0
62485652,0
72454040,0
66087386,0
195082785,0
123281613,0
107222504,0
72105861,0
142238093,0
66540223,0
40439058,0
92321899,0
88758192,0
121382168,0
78275636,0
96135001,0
132445373,0
58456030,0
126751272,0
78482878,0
164587880,0
90845041,0
159603454,0
86291324,0
131566731,0
63623281,0
71597793,0
38206416,0
137095802,0
75870957,0
92878446,0
104077584,0
129147395,0
77581596,0
104315027,0
132203893,0
76354982,0
161365504,0
113640086,0
89409961,0
115234599,0
161418346,0
60437946,0
62928570,0
113248647,0
43181180,0
79849522,0
122644274,0
141265275,0
120522585,0
107119979,0
160515533,0
154808968,0
105882695,0
87680106,0
210563763,0
115882983,0
100640593,0
119194502,0
65384956,0
88860451,0
102891455,0
77123656,0
41906560,0
91591213,0
192547235,0
74756708,0
133699020,0
129029572,0
45427581,0
140007621,0
139920818,0
195427708,0
61430374,0
42380005,0
131768012,0
85272949,0
75576300,0
66341301,0
109323091,0
69495271,0
59157414,0
163855121,0
59611899,0
129874370,0
119325027,0
57741935,0
87978474,0
147414285,0
90314313,0
112665926,0
81272265,0
86752679,0
166302803,0
133763962,0
206820084,0
74996056,0
132046848,0
36578573,0
35416841,0
38884023,0
93478389,0
39912426,0
134227498,0
150399248,0
115448819,0
79485373,0
175884185,0
208187211,0
196336610,0
185737050,0
93824161,0
164345502,0
161977024,0
104100600,0
81869781,0
89419919,0
72601996,0
76107679,0
86092550,0
180506337,0
194478568,0
82667107,0
174417167,0
101913970,0
56432613,0
59619242,0
104433255,0
142023340,0
38210196,0
134479617,0
116563749,0
115728227,0
129491351,0
121271451,0
40189861,0
139457993,0
111725965,0
209829484,0
166554517,0
96641558,0
91280468,0
61502915,0
143754824,0
136122629,0
145946912,0
131368362,0
33890388,0
112546415,0
75950703,0
139269474,0
164844835,0
164451413,0
95427853,0
37276916,0
65193713,0
136485179,0
208354343,0
104310665,0
61181235,0
140561415,0
93722415,0
106734403,0
83293422,0
117686140,0
153951655,0
42123701,0
32756736,0
75499968,0
87569685,0
111367096,0
41393558,0
210502847,0
88176685,0
36636843,0
36803313,0
56138657,0
87693785,0
114095499,0
136113411,0
131271650,0
38822062,0
66957303,0
98837792,0
75835594,0
145417428,0
151258240,0
59113770,0
69774561,0
149292007,0
104294311,0
178787684,0
59577454,0
78286809,0
93009958,0
144678954,0
62880189,0
166986233,0
95501323,0
37935811,0
76214389,0
105607817,0
130225432,0
83422911,0
36214147,0
45199050,0
104145991,0
95379986,0
33076590,0
101969624,0
90833928,0
111663017,0
95795654,0
180367028,0
177834902,0
132910280,0
149968657,0
150517743,0
63456317,0
130625319,0
82112701,0
115447990,0
113362858,0
107610054,0
129033776,0
57669956,0
77537854,0
127767980,0
103038483,0
116761664,0
195027743,0
176859084,0
75281248,0
100481485,0
135250373,0
83666602,0
44946102,0
75452900,0
95862007,0
63933049,0
121285101,0
117870909,0
32072082,0
194928079,0
73760964,0
75460480,0
77653743,0
140448832,0
41040542,0
194661955,0
63543446,0
58803322,0
125923272,0
185839023,0
142590576,0
95302628,0
169288032,0
145710871,0
90901219,0
121456664,0
101644224,0
114402967,0
88928078,0
163532691,0
31259320,0
206310634,0
63650788,0
153388811,0
118552977,0
70035731,0
119103494,0
83583973,0
153962531,0
116554540,0
142220525,0
194468679,0
85455684,0
117764554,0
32449397,0
113181633,0
73647058,0
166935444,0
74182030,0
97029345,0
80681717,0
107051661,0
82132026,0
175174402,0
36452942,0
112753322,0
85845761,0
141143938,0
126007460,0
79154712,0
119773818,0
100886771,0
103023057,0
62351899,0
84364896,0
115404968,0
64956388,0
74739989,0
115984956,0
123522155,0
96782614,0
112861394,0
40321403,0
162550202,0
45507041,0
62968532,0
66133595,0
111562860,0
136490746,0
108997108,0
144669262,0
109527560,0
87565924,0
71870461,0
107062557,0
90494028,0
175254948,0
120103926,0
122013142,0
65240209,0
144899037,0
141998370,0
119685672,0
134291137,0
110549163,0
64891713,0
136495444,0
146649717,0
56466407,0
104802862,0
117326995,0
39117054,0
115195506,0
57190708,0
130728585,0
38176077,0
109440125,0
78992012,0
80625737,0
68550059,0
160746245,0
43019841,0
42182129,0
142283216,0
78262766,0
177476922,0
139149765,0
125442948,0
135374681,0
41047431,0
78079843,0
40272361,0
177581934,0
44518393,0
125655746,0
129186025,0
133710715,0
150279402,0
81434936,0
113094208,0
151109554,0
134582862,0
77634319,0
152753100,0
194720719,0
80704210,0
115212551,0
103667443,0
128176295,0
133604538,0
98136231,0
151163097,0
78188498,0
83271650,0
150304629,0
64963909,0
149687235,0
128186599,0
99092043,0
74866813,0
97505227,0
135902902,0
147551789,0
88935756,0
135231976,0
57713678,0
110821988,0
109411602,0
111963319,0
193647054,0
111348443,0
98507910,0
80618710,0
102061293,0
73291141,0
129122553,0
175513966,0
95260475,0
59155341,0
125465115,0
62733586,0
111494848,0
73723143,0
76106130,0
95785360,0
163822147,0
102243575,0
60289803,0
73882419,0
119614572,0
82344529,0
75347947,0
81564386,0
80527041,0
76953850,0
78066815,0
145630424,0
83660759,0
39828673,0
192088417,0
195327749,0
112989827,0
38170105,0
191838666,0
146355978,0
83234382,0
213273147,0
59799816,0
111230876,0
183983873,0
37357699,0
141691060,0
165559562,0
33872830,0
36188476,0
83238359,0
44314121,0
130652411,0
39331037,0
127881066,0
108188294,0
185254693,0
114887327,0
110075491,0
139876770,0
118686710,0
78865246,0
89849820,0
179622347,0
113653696,0
44565658,0
95762917,0
33669063,0
87984721,0
61066570,0
34584399,0
94853373,0
127603602,0
84789980,0
144761356,0
41031748,0
96098148,0
153893434,0
96379303,0
81962940,0
37654142,0
80919605,0
84770773,0
118179709,0
84797145,0
34559725,0
121461244,0
94182428,0
146725940,0
38999162,0
143112461,0
100365903,0
32789937,0
81961726,0
44978849,0
110142150,0
80086107,0
125586906,0
85899323,0
109392642,0
62248722,0
165309684,0
59831103,0
45653121,0
141116955,0
106074659,0
129236281,0
126244083,0
111084184,0
129035543,0
95695142,0
135917124,0
154973425,0
140702037,0
75220204,0
106360009,0
43009972,0
101471486,0
182576595,0
56308859,0
64555594,0
98462411,0
77078374,0
142522150,0
112063653,0
124784764,0
107192520,0
131957676,0
98914558,0
40839379,0
63933335,0
115139733,0
86686118,0
63916399,0
112543444,0
106053430,0
104180712,0
61927071,0
94588019,0
33285480,0
85628560,0
91648052,0
119819721,0
43442004,0
133022518,0
72000206,0
139800261,0
127760094,0
116620805,0
83998803,0
113322423,0
109237670,0
77010304,0
57690307,0
87226410,0
43400542,0
117270945,0
144756677,0
61833902,0
119859170,0
151393986,0
94748361,0
116350131,0
124619596,0
79515565,0
89335554,0
126136307,0
212743919,0
118253099,0
118408674,0
177136697,0
41287973,0
200135154,0
144254591,0
182141435,0
41401552,0
175671317,0
77470000,0
134486446,0
32554251,0
59381049,0
115591672,0
89545106,0
154944843,0
90270018,0
35949573,0
61859504,0
80610558,0
105555863,0
117241494,0
78659702,0
191492480,0
84110072,0
203918558,0
45439069,0
181185830,0
144419946,0
128680129,0
85999569,0
122113861,0
78733724,0
67138864,0
127383144,0
176307255,0
123547175,0
83239188,0
137621329,0
108393878,0
154290596,0
40844551,0
129804010,0
159462664,0
120768921,0
199084002,0
80091989,0
57107803,0
85462169,0
179625159,0
78813786,0
141252928,0
111125518,0
40435377,0
41330728,0
128065706,0
208300692,0
177146320,0
85629360,0
111609888,0
59529587,0
74272851,0
83663345,0
121253419,0
119532664,0
32208026,0
159333273,0
144798436,0
92699194,0
71543333,0
146551277,0
84110230,0
40834671,0
84558883,0
92167282,0
118005145,0
192022951,0
60308812,0
173118060,0
100436628,0
149340289,0
154913724,0
34146623,0
160918036,0
89295178,0
82796300,0
96504529,0
76327406,0
97402386,0
199192350,0
118412681,0
74970493,0
121253400,0
185163557,0
90343764,0
88515805,0
134152459,0
32241859,0
62020102,0
203784144,0
107748998,0
59336063,0
39678388,0
78309361,0
94244034,0
99142565,0
91911521,0
89252955,0
66627332,0
33869080,0
144860417,0
45204330,0
131709051,0
111872607,0
82181256,0
33529516,0
36683852,0
104971159,0
92863306,0
85832743,0
61916560,0
125961546,0
103087959,0
93125176,0
42814356,0
81892471,0
194844780,0
104868534,0
177198332,0
118270884,0
66830616,0
164411441,0
116857547,0
85028923,0
199001571,0
143392757,0
58941674,0
88657591,0
129254194,0
111635806,0
100492372,0
157140030,0
91430160,0
88803415,0
43965043,0
161603440,0
79446359,0
61846555,0
84026763,0
62304159,0
196195544,0
107176087,0
38901966,0
135985600,0
37792948,0
73825077,0
33325373,0
104930417,0
150005501,0
89013825,0
75692682,0
32406563,0
106377360,0
125163500,0
77195931,0
81944889,0
60342171,0
33281868,0
112032426,0
82466102,0
141024368,0
61992793,0
62247153,0
42871965,0
122529095,0
151747002,0
102066337,0
95922113,0
115666246,0
37095838,0
38856053,0
90106331,0
90127195,0
35636894,0
173448969,0
146680342,0
105556308,0
83339602,0
63966023,0
57171195,0
166729880,0
90262428,0
42514547,0
133692200,0
100449666,0
119325422,0
56198378,0
93769434,0
33543965,0
40635582,0
63820052,0
112867513,0
78949049,0
109218158,0
143594117,0
84157249,0
141168928,0
151861361,0
40066017,0
129131752,0
139275524,0
125211555,0
116373167,0
75331089,0
109149534,0
121148920,0
132720202,0
115872057,0
163186327,0
56516505,0
113661898,0
93539739,0
93778949,0
162572931,0
78081027,0
88289327,0
135709379,0
31397099,0
76879670,0
94036782,0
78479907,0
84578405,0
129709321,0
83567718,0
111466858,0
91414142,0
93755222,0
98793823,0
96697529,0
148079299,0
154283293,0
113602078,0
203710803,0
82633757,0
196265342,0
144945631,0
151195903,0
43988089,0
112132415,0
176592289,0
37131497,0
88458038,0
58010487,0
193480712,0
77483926,0
106953281,0
93487785,0
34049486,0
192169851,0
148023812,0
86653588,0
121612693,0
43186055,0
162343720,0
72351485,0
136385230,0
209997050,0
124967894,0
56101646,0
136873815,0
37681669,0
207070397,0
106329976,0
77847355,0
97451142,0
119082422,0
43827619,0
95307523,0
77065475,0
159615682,0
102808304,0
73919223,0
146488003,0
58367372,0
64337535,0
141132134,0
43727758,0
127997596,0
130541950,0
115994638,0
159508903,0
73312568,0
166985750,0
127774701,0
134294058,0
153757648,0
145369767,0
97810938,0
199377386,0
105686942,0
76088236,0
86191148,0
122826032,0
144695644,0
141827280,0
129973412,0
175387862,0
42730376,0
31421438,0
82858883,0
91176591,0
106621761,0
77054707,0
88187137,0
78191083,0
148418143,0
109592354,0
59279728,0
163900827,0
200156295,0
157783795,0
141066817,0
119863029,0
173508078,0
154272269,0
35961910,0
144527367,0
151190435,0
165703412,0
67572199,0
145911362,0
178960955,0
80788921,0
97103525,0
65765874,0
162431016,0
196617341,0
156515146,0
35010707,0
84587584,0
88020400,0
174562911,0
89254742,0
134165645,0
82345022,0
92999595,0
35396154,0
35100688,0
133792485,0
126196255,0
73606169,0
56790219,0
81733126,0
62531979,0
66219204,0
106900735,0
156859319,0
75545477,0
67389937,0
38886254,0
39100414,0
63563333,0
76755056,0
95818631,0
35803917,0
116912225,0
91895542,0
164741106,0
66392534,0
38345015,0
85820248,0
92087545,0
60195597,0
83802101,0
175959796,0
94838451,0
76624373,0
78134925,0
65380041,0
156829305,0
160515405,0
32158411,0
107533930,0
32453897,0
73156223,0
59075496,0
72495059,0
107702601,0
73745755,0
127264946,0
112517359,0
77996652,0
31926929,0
146983872,0
119302574,0
42466897,0
127745309,0
164213901,0
60206533,0
159325989,0
78675474,0
96742761,0
83359983,0
75138504,0
41358215,0
64738063,0
79865926,0
86353720,0
154824187,0
65416608,0
40818989,0
100097913,0
145586010,0
84089366,0
63524941,0
148794668,0
88055851,0
94646724,0
89277412,0
96260355,0
106315369,0
152330098,0
122184123,0
99897797,0
58767564,0
115797680,0
88653258,0
92356156,0
60509490,0
135671855,0
128217738,0
91839285,0
60528904,0
81369885,0
192373855,0
133131952,0
132748587,0
195783478,0
90351580,0
156953712,0
63418734,0
32941998,0
87256956,0
125299661,0
160791300,0
145962180,0
92262612,0
118529409,0
103852725,0
128420607,0
173122591,0
192326304,0
63921630,0
156495584,0
89057073,0
106045524,0
36243944,0
94218955,0
109336830,0
134300542,0
127549783,0
79528227,0
44013296,0
116084431,0
118323568,0
102801829,0
196684444,0
146469883,0
60420684,0
55744465,0
207077542,0
45417356,0
180719935,0
88821999,0
129562294,0
33751997,0
80745021,0
66405937,0
78188715,0
42617142,0
82076144,0
177710930,0
140580384,0
175830307,0
116939475,0
128880126,0
43300375,0
150627069,0
133279354,0
61172215,0
39153621,0
32612334,0
174593112,0
112882406,0
139276945,0
44172197,0
83868524,0
61692254,0
39346681,0
138546229,0
39504081,0
166649946,0
78814556,0
77077151,0
43328049,0
31617369,0
61387352,0
184986822,0
92666032,0
175306023,0
96693206,0
168266893,0
180119390,0
152370465,0
173454338,0
74385858,0
196215263,0
33562777,0
139037923,0
119370161,0
84835794,0
64780808,0
73449054,0
77985253,0
92934505,0
174954962,0
164578395,0
75558534,0
138213169,0
174456606,0
78920941,0
74661871,0
94160192,0
78344013,0
110576728,0
143680871,0
159855405,0
149466630,0
113230063,0
125005823,0
67564935,0
110727793,0
133310671,0
96298885,0
123797507,0
134801415,0
40027446,0
81347264,0
96725450,0
112622836,0
120556448,0
106882022,0
107153604,0
37846264,0
86884576,0
96817879,0
59353898,0
76206997,0
60607663,0
72212186,0
36884392,0
83541692,0
211701452,0
119549531,0
115989427,0
41948535,0
37202292,0
199942272,0
137235447,0
35200144,0
84625996,0
71938048,0
108310203,0
63176040,0
84189207,0
76508721,0
84287587,0
83779214,0
133860664,0
139085386,0
95882536,0
153051872,0
121417324,0
115560987,0
99158347,0
60833470,0
72436700,0
74484830,0
87089509,0
122174342,0
41922519,0
35765742,0
132605428,0
131415104,0
131585316,0
85217659,0
89457533,0
79750915,0
107401854,0
164325507,0
156741278,0
69844724,0
105909235,0
165649968,0
137860686,0
137838036,0
161632457,0
140843833,0
38126166,0
125906928,0
61399462,0
132008149,0
78020102,0
78738994,0
91358468,0
32973305,0
105080879,0
102008481,0
94128648,0
208224548,0
83167239,0
117126819,0
60206918,0
174261839,0
133539547,0
42918362,0
36907566,0
102179640,0
74758129,0
159169586,0
130152150,0
98822642,0
75760535,0
140767314,0
33587105,0
157266213,0
59137684,0
161405308,0
123769181,0
151892026,0
60612085,0
105665574,0
34426417,0
138740581,0
175191526,0
72104765,0
83508846,0
79858750,0
76184297,0
143663885,0
95641057,0
86917422,0
118329312,0
108735840,0
178559943,0
130580866,0
164021898,0
143946452,0
181210445,0
58645823,0
114654296,0
139656273,0
119676020,0
113693372,0
88340846,0
109746379,0
61806593,0
37574702,0
98594318,0
206960479,0
80523399,0
59094209,0
59806439,0
136772059,0
124513014,0
64047388,0
109468234,0
135543155,0
82901056,0
185496735,0
44434600,0
81666615,0
105766678,0
110625287,0
86726968,0
111975883,0
174393509,0
56544870,0
117108472,0
83904291,0
93400360,0
72761331,0
146815941,0
56839685,0
115567106,0
81120885,0
162060640,0
77992823,0
35762879,0
137911436,0
65773671,0
91645861,0
86023858,0
44797959,0
122404689,0
113463104,0
110741728,0
183322856,0
104893001,0
93701255,0
137183355,0
80018806,0
96419956,0
106882763,0
71287582,0
129554418,0
94700720,0
33710179,0
141040910,0
60426013,0
75713556,0
118468780,0
86669843,0
85475463,0
204418918,0
82777627,0
159490042,0
36104693,0
35525506,0
132971867,0
123585123,0
41710915,0
74674504,0
121141172,0
85986965,0
71415344,0
109185252,0
123613538,0
37257809,0
117980442,0
75623348,0
113094188,0
138692102,0
117321497,0
114213510,0
62608913,0
90543120,0
62281262,0
77207183,0
35680064,0
96233213,0
135733293,0
148485907,0
112318496,0
161126580,0
151780490,0
31558912,0
132113675,0
109537005,0
99932558,0
126364729,0
137018306,0
86763673,0
95311895,0
101817909,0
162255584,0
119877212,0
56432890,0
71936192,0
67482691,0
42478128,0
33890359,0
57184954,0
82489099,0
91422946,0
141000671,0
37510036,0
87513971,0
78086031,0
60618846,0
65976155,0
80830877,0
76577304,0
78619158,0
77069127,0
192156734,0
169138646,0
115269952,0
95896541,0
99640753,0
88712595,0
42759195,0
150132562,0
87819494,0
161355703,0
161165861,0
143678660,0
35689627,0
165526756,0
34673088,0
122844696,0
65531510,0
106752385,0
120249444,0
88687210,0
126134768,0
76000850,0
76972878,0
137076043,0
130184779,0
42884953,0
159459121,0
157509854,0
93230791,0
105806591,0
129761087,0
34054648,0
150123659,0
44971013,0
128565888,0
157166974,0
163974918,0
132169784,0
84342275,0
99316320,0
76665993,0
34007324,0
137898082,0
97868488,0
137271737,0
84213082,0
36231241,0
119351803,0
75753775,0
120971455,0
119918546,0
154330568,0
81460321,0
36897084,0
115160745,0
193665135,0
147902801,0
145581184,0
182119021,0
33686917,0
100424360,0
64264815,0
84050796,0
180784453,0
127821740,0
63259182,0
42356732,0
61446708,0
74840728,0
36131539,0
56875394,0
185767014,0
36464263,0
89875491,0
72224582,0
105108642,0
102673159,0
109806574,0
153492215,0
180061554,0
60216797,0
100368390,0
62490399,0
143364935,0
79621011,0
82082895,0
32167027,0
41089278,0
87657998,0
108066572,0
79754764,0
127380845,0
122943046,0
84021542,0
177757070,0
83654649,0
105871720,0
78556881,0
83522910,0
90651064,0
96618355,0
105608202,0
60384393,0
134379805,0
96402230,0
118326174,0
34370180,0
129543206,0
118422698,0
152936743,0
211617195,0
154074877,0
146545395,0
177085681,0
196031017,0
86609569,0
174963874,0
38544578,0
59553027,0
144121855,0
116495530,0
103160965,0
56152040,0
36688382,0
62252867,0
40758449,0
102868893,0
33322511,0
83980869,0
95900647,0
39374720,0
32718817,0
95700827,0
193810199,0
67066954,0
79635224,0
88085885,0
162965742,0
193618945,0
104991687,0
133558990,0
77331796,0
213007279,0
42927570,0
119670029,0
146585653,0
92156011,0
194726720,0
132578681,0
84878293,0
84950913,0
113578006,0
127825944,0
78684218,0
117225979,0
103677727,0
124860316,0
42824206,0
78322142,0
59307639,0
108505878,0
120998872,0
41760055,0
111709996,0
119759280,0
56070310,0
35644109,0
66646282,0
133837480,0
115203865,0
104450359,0
56903028,0
145768371,0
103931593,0
83815386,0
134446247,0
107706095,0
62243718,0
143788716,0
38859310,0
127746671,0
161343110,0
203782743,0
71041365,0
43369354,0
147674497,0
117980461,0
98667008,0
180939199,0
108226815,0
78436501,0
124657939,0
119690824,0
130318967,0
141732374,0
164493507,0
166446248,0
166098166,0
79675265,0
178405444,0
62149680,0
109546362,0
96752956,0
129566814,0
156655393,0
45362362,0
157271543,0
102927164,0
152134838,0
152413990,0
111499645,0
78285595,0
206371155,0
104970448,0
130251537,0
143127147,0
120113135,0
85964482,0
88587744,0
77526770,0
133488511,0
41661004,0
114371601,0
77391438,0
175033632,0
67228184,0
85576182,0
147644681,0
107864907,0
33849982,0
192476322,0
82196968,0
108747555,0
37909874,0
102698603,0
40096247,0
100397258,0
92443749,0
32080293,0
127108424,0
135541142,0
100568989,0
185412755,0
110177819,0
85306160,0
77253017,0
97249881,0
69373451,0
63622334,0
115136940,0
76800506,0
98994955,0
121957704,0
127126939,0
174040562,0
162812615,0
206886111,0
39973884,0
136714993,0
32612067,0
63191901,0
38579092,0
57711833,0
65808007,0
159878707,0
159587495,0
37706283,0
72507119,0
72420573,0
163073251,0
128923493,0
131578367,0
142097480,0
97281691,0
161101985,0
97770453,0
180842684,0
163765663,0
126739389,0
85972635,0
67292504,0
118808482,0
161790301,0
104273259,0
183212968,0
34541506,0
108435695,0
95213377,0
131156777,0
195236297,0
71731477,0
81454892,0
39717995,0
96260897,0
104237344,0
102702502,0
39659478,0
108906870,0
103874043,0
104936092,0
154523993,0
88052920,0
77934878,0
146298842,0
145890557,0
180777702,0
134347719,0
145607042,0
43846194,0
85352636,0
74403870,0
128093815,0
88927732,0
64383794,0
173431726,0
106273966,0
65879808,0
126838391,0
107609185,0
139510331,0
115772947,0
85416216,0
160822962,0
121631790,0
150851345,0
73895220,0
151616003,0
86986845,0
67349955,0
77351417,0
109058211,0
76237593,0
206225479,0
84642656,0
129547134,0
31842515,0
144660005,0
133691657,0
151302574,0
104753169,0
31997004,0
113873561,0
94817754,0
133207059,0
67036970,0
34604563,0
88921958,0
84933829,0
103571422,0
180866085,0
76584223,0
37197140,0
127867989,0
109171455,0
96067285,0
120196010,0
119678576,0
78441219,0
119584361,0
166050240,0
41568704,0
83561263,0
73346944,0
88688908,0
114543589,0
51649507,0
125980664,0
89726183,0
78323168,0
38722399,0
82668212,0
115706277,0
150953516,0
70572598,0
99217081,0
61153966,0
58923988,0
72994727,0
127049512,0
173516704,0
67420769,0
32472413,0
105231844,0
80348164,0
111779438,0
42896639,0
164393528,0
110081669,0
72292939,0
87464771,0
34815180,0
56214446,0
82241253,0
180122982,0
114637784,0
81280388,0
81528233,0
73969883,0
39392387,0
141037495,0
90636585,0
128329067,0
149358301,0
37413156,0
177633414,0
129192529,0
84051615,0
194051639,0
37905442,0
44456421,0
180068788,0
110634456,0
38036925,0
63234409,0
83387766,0
79686802,0
104806356,0
41229347,0
166072782,0
156571669,0
82658579,0
134280902,0
97355446,0
75562068,0
156571916,0
203702720,0
76196456,0
127318261,0
36614705,0
67392315,0
32813022,0
179379663,0
162936449,0
116364284,0
108961755,0
214013387,0
99204102,0
147812040,0
83334302,0
47766321,0
95226918,0
160469344,0
67020794,0
37865421,0
75388274,0
127905088,0
35154468,0
35062246,0
63905335,0
115260349,0
106331802,0
192505170,0
63352114,0
129265090,0
97051581,0
92897692,0
96333557,0
43373104,0
185920023,0
160854663,0
86200721,0
95413454,0
145000822,0
71916907,0
143374420,0
45388684,0
119801403,0
86121952,0
34665547,0
116192750,0
76362779,0
38460923,0
179142467,0
31627683,0
92451299,0
177896232,0
106660766,0
107055727,0
71397213,0
80834765,0
133826150,0
86295094,0
114715448,0
61651384,0
127953292,0
38194286,0
116985151,0
74594866,0
78064979,0
50590785,0
38857918,0
145915270,0
126848379,0
115825739,0
96364953,0
113740381,0
145277102,0
83745331,0
67162156,0
41914278,0
118096518,0
62112906,0
89064189,0
116687632,0
71526998,0
129876038,0
95299598,0
162346000,0
151032492,0
75936106,0
95980117,0
111143273,0
36262489,0
78010035,0
119258674,0
87645769,0
135515728,0
79623074,0
194486385,0
133771117,0
39252080,0
110291132,0
43190072,0
122315053,0
35501838,0
63292916,0
57916884,0
148404858,0
153960359,0
146403598,0
115107380,0
154670241,0
156772930,0
82337126,0
130307133,0
80755098,0
44447075,0
40071623,0
74861829,0
83186228,0
154517647,0
34026796,0
120692905,0
138702396,0
111574032,0
125699498,0
63782596,0
84111198,0
32951819,0
112070286,0
93954361,0
43023779,0
106820308,0
165511734,0
143259764,0
154979534,0
137287884,0
40314830,0
72389888,0
179144026,0
185529374,0
122989147,0
105030120,0
75956141,0
106269071,0
83106205,0
39914331,0
177363480,0
90380893,0
127709986,0
78224689,0
67737742,0
38282579,0
104061507,0
131947254,0
75603036,0
62582453,0
83872097,0
198858244,0
75766734,0
166727561,0
103845728,0
129505612,0
180742724,0
60389061,0
38374910,0
128050813,0
86668491,0
132755949,0
148219211,0
112225959,0
83209442,0
137071769,0
154159183,0
38790173,0
95146895,0
91316058,0
99022817,0
112795109,0
149464538,0
191463611,0
107391975,0
49322857,0
63355114,0
84211196,0
86313195,0
102506797,0
157680480,0
158848745,0
88127732,0
98944847,0
147969224,0
32744715,0
138562257,0
103216777,0
176947013,0
41494356,0
120548019,0
40100580,0
109240660,0
161806478,0
179218690,0
107069614,0
66466971,0
100620499,0
194126352,0
44047307,0
95212538,0
44644131,0
83897392,0
41668150,0
143056717,0
129153386,0
77776333,0
114653408,0
60509402,0
94719009,0
43112665,0
102951245,0
45433542,0
73515428,0
96564319,0
156080025,0
139806962,0
174134136,0
83387835,0
100383668,0
152063629,0
213514330,0
100830830,0
83542136,0
39658639,0
97175089,0
89528840,0
71566191,0
144870454,0
62304909,0
134809390,0
89743771,0
143171037,0
69481592,0
64569628,0
196593397,0
97490670,0
36691501,0
125599430,0
137031442,0
102089816,0
146081287,0
144847320,0
179478655,0
127397100,0
111335079,0
151295132,0
125615557,0
80697588,0
45652361,0
140517633,0
82195646,0
31181034,0
45429564,0
65750023,0
60393986,0
130765852,0
88075255,0
112281663,0
43080786,0
66917439,0
109675545,0
148860478,0
113583118,0
105997331,0
74194358,0
109880546,0
94137906,0
35026005,0
119641526,0
113769762,0
78191587,0
111170632,0
100516197,0
164542361,0
59099361,0
62578830,0
106777967,0
73534239,0
175280520,0
102598851,0
131970289,0
34122995,0
159101831,0
141138747,0
92340296,0
185010953,0
76165505,0
81800733,0
67680093,0
77793250,0
131493380,0
112148680,0
185816105,0
154917405,0
113268742,0
166268753,0
62872698,0
124135916,0
139094495,0
78387311,0
116558952,0
117360088,0
195063915,0
80349181,0
181196914,0
99987078,0
81535211,0
77409963,0
31630022,0
79472543,0
82341509,0
113940211,0
121334972,0
85992857,0
34217743,0
39999762,0
117402882,0
117383982,0
40174464,0
58251177,0
76424405,0
90957357,0
117192048,0
78941065,0
92240188,0
93591614,0
156612717,0
154122991,0
123502396,0
74630683,0
131145112,0
44322540,0
142934896,0
193870798,0
135860078,0
87701039,0
143686062,0
75828784,0
65589149,0
142050205,0
151595750,0
82680944,0
126551788,0
129667790,0
35285013,0
196680704,0
88962572,0
121292029,0
122916606,0
66685484,0
160777423,0
166586682,0
205283140,0
85134518,0
86196408,0
86207709,0
109984651,0
107373055,0
111436312,0
100314136,0
61811824,0
31598301,0
116730762,0
129961884,0
79588343,0
185195288,0
157068880,0
111155689,0
159447504,0
176763665,0
122109381,0
43223195,0
193692888,0
98430226,0
83778997,0
123664702,0
59688685,0
152235518,0
181337773,0
128064946,0
41784897,0
146556094,0
44209336,0
75045571,0
107280073,0
83282931,0
130549619,0
150899627,0
103734231,0
76029354,0
132573381,0
127174639,0
31416562,0
213157860,0
74223552,0
44554565,0
142456981,0
36286511,0
83972332,0
75626852,0
79976534,0
59694162,0
79184903,0
82874220,0
43400719,0
176474407,0
204428392,0
154719559,0
58009095,0
120321383,0
146275669,0
140680511,0
77171958,0
85019349,0
80449723,0
56329703,0
38587244,0
83066737,0
117311253,0
96783700,0
156711808,0
32209190,0
84109727,0
148056096,0
86726356,0
71331610,0
43717139,0
86309494,0
87642088,0
148883090,0
185745479,0
105654786,0
79658161,0
96971272,0
112870059,0
77238104,0
145472105,0
77137395,0
106734314,0
62210734,0
134016841,0
63049048,0
103643391,0
115717341,0
107173620,0
116777722,0
126733951,0
162928612,0
100778274,0
121369219,0
105970861,0
80736583,0
128099974,0
107766467,0
173663109,0
159346054,0
177937842,0
140458978,0
61108299,0
112163396,0
182206061,0
102296861,0
78283058,0
73518754,0
58081104,0
177938582,0
92875100,0
143842367,0
32886906,0
103322333,0
75077233,0
102691596,0
154470894,0
80223640,0
72006612,0
69231348,0
69667930,0
166564890,0
129416095,0
118287465,0
184733597,0
102972672,0
90185613,0
161783521,0
125220290,0
152167427,0
124770917,0
163998615,0
73998219,0
44871586,0
113885355,0
37288612,0
142108080,0
60491074,0
127715513,0
96149894,0
42430448,0
114641367,0
137241033,0
118615304,0
110507207,0
113197789,0
89088084,0
98920272,0
103105645,0
177187357,0
31624505,0
114223636,0
75922821,0
196287183,0
40798934,0
93548414,0
119685840,0
44857798,0
106933561,0
76022761,0
81626831,0
97348903,0
97102084,0
91631875,0
119536217,0
71919147,0
73189839,0
101223137,0
63929782,0
58505842,0
76221219,0
185027198,0
135742748,0
109855329,0
62211977,0
33498151,0
72206985,0
66093712,0
137819984,0
78046207,0
75980953,0
39586749,0
87089992,0
40882450,0
107160335,0
195315382,0
133906479,0
122594975,0
192608258,0
163693891,0
87744673,0
64953043,0
88578309,0
77798638,0
140245656,0
140884121,0
72284619,0
179842666,0
135194097,0
37706540,0
78087423,0
64424486,0
73197597,0
125182963,0
195157686,0
119190672,0
80235384,0
84217148,0
149302124,0
116508716,0
44437965,0
75346782,0
141886064,0
72374215,0
126144746,0
148589844,0
32024402,0
87676108,0
86748316,0
106376166,0
39688732,0
68053677,0
121283946,0
35166203,0
74027315,0
162022908,0
126124849,0
144090173,0
43673426,0
195471648,0
93833370,0
115621665,0
66650595,0
45382506,0
120959364,0
155382658,0
132018848,0
94341516,0
208363877,0
109365116,0
160001001,0
99732017,0
72357308,0
82332547,0
79757123,0
38509274,0
84263190,0
110714883,0
159815838,0
122109716,0
34524570,0
165281980,0
36590436,0
81211883,0
81319669,0
113007513,0
84759038,0
59519480,0
85404303,0
111499606,0
119539948,0
45003622,0
118468582,0
111898101,0
112791023,0
42591816,0
110271718,0
136607977,0
196368064,0
184698106,0
96060436,0
44206266,0
66466576,0
76025041,0
106668267,0
65526338,0
36392511,0
81498802,0
68379088,0
157370742,0
79623568,0
82263766,0
161835099,0
72427511,0
89886446,0
112642752,0
166139786,0
59237121,0
87587430,0
162074881,0
84205166,0
110648046,0
144748703,0
74531957,0
156403787,0
136903966,0
101048711,0
88834899,0
142005486,0
144052096,0
82817786,0
174728770,0
195932460,0
140652531,0
123308685,0
144283558,0
75126453,0
176155066,0
74024679,0
121007005,0
83209392,0
82242447,0
126526078,0
73412646,0
39215602,0
122121333,0
97402287,0
77056257,0
39348467,0
153128233,0
149291849,0
136020657,0
75253524,0
144398766,0
120277710,0
78613631,0
113464278,0
157271839,0
78135162,0
62422417,0
95970336,0
37779634,0
90467193,0
178484362,0
114948055,0
35415904,0
142150510,0
113170233,0
33231099,0
68379572,0
115068671,0
132950420,0
120504089,0
106625758,0
95660460,0
82245517,0
71171722,0
100480390,0
85600659,0
139766596,0
60548979,0
89450752,0
133484938,0
126484546,0
66584093,0
37268813,0
74975063,0
66450676,0
135010266,0
80280903,0
76582664,0
206225687,0
59697044,0
142131254,0
72854105,0
153859236,0
62600553,0
65853999,0
38527020,0
127600354,0
178042894,0
59646620,0
92902123,0
45321255,0
100629618,0
180458549,0
166954907,0
114282360,0
110386156,0
75970728,0
90102788,0
143081727,0
70923423,0
112201769,0
86664109,0
58633279,0
148164662,0
113772161,0
82797662,0
75496149,0
158757796,0
192056054,0
125507821,0
35448927,0
165302893,0
166189885,0
75428739,0
128149855,0
100577023,0
78979112,0
118009458,0
163181481,0
149214294,0
111868600,0
69898603,0
87166018,0
138960841,0
40842291,0
155930303,0
194041285,0
78682817,0
71916700,0
185675098,0
74288425,0
112875843,0
116175863,0
199060966,0
58913210,0
44599116,0
208076770,0
171448074,0
162347539,0
155391985,0
99586865,0
114058478,0
77107727,0
111490486,0
63797865,0
162318868,0
105754085,0
143754311,0
57052385,0
147997026,0
159142622,0
88544308,0
90115203,0
150715105,0
119333722,0
121490171,0
194306798,0
64912627,0
39003376,0
132094262,0
120376110,0
36467253,0
78283650,0
112691439,0
66454772,0
72051627,0
154417056,0
121324846,0
31121264,0
83880288,0
209970925,0
180803738,0
73926200,0
104184334,0
176217156,0
133606838,0
61623551,0
194456589,0
141630480,0
142684613,0
68271539,0
84066311,0
174219804,0
114581715,0
44027933,0
102516825,0
131065099,0
119340216,0
159573953,0
194158586,0
119636275,0
110767508,0
174089210,0
59556225,0
159648617,0
151834170,0
65905992,0
115549657,0
96974578,0
61599203,0
140297373,0
126899869,0
44281108,0
78439541,0
108277594,0
45410773,0
35933012,0
158124355,0
96196538,0
45174514,0
126796228,0
160065973,0
35838540,0
41227423,0
111617824,0
102343811,0
64246764,0
120380719,0
125565943,0
145746766,0
91421327,0
78631653,0
80680494,0
164222409,0
38127192,0
127900706,0
105103411,0
64488204,0
42373205,0
57116745,0
114694821,0
103707415,0
92813622,0
115933032,0
44174536,0
143604490,0
132516641,0
125921268,0
109744721,0
145066652,0
77963135,0
102054602,0
89825876,0
181400484,0
163940671,0
76027824,0
87340641,0
192804012,0
133689604,0
143596288,0
40280207,0
131899100,0
185321865,0
152299976,0
160825380,0
100621644,0
117855216,0
73077148,0
116401917,0
129406107,0
113980676,0
114238677,0
59115399,0
32901188,0
122709373,0
115350508,0
103457369,0
65436407,0
61472260,0
93316123,0
71341628,0
102833047,0
95943659,0
69317016,0
73580676,0
69482994,0
196677220,0
129839501,0
40907716,0
142535592,0
32928852,0
207076417,0
175620775,0
193871035,0
131275617,0
62894342,0
180071295,0
90770683,0
126276574,0
94107932,0
76673326,0
104164032,0
145529951,0
113232254,0
204959634,0
90196036,0
93535623,0
56152070,0
135836875,0
75874371,0
65981238,0
60343030,0
42823949,0
180745952,0
74443141,0
126278992,0
90589843,0
67004085,0
67122638,0
96157217,0
66510328,0
117703560,0
111159825,0
81623475,0
194179677,0
99080327,0
166261765,0
86701258,0
81797506,0
98343719,0
151965071,0
119313963,0
96908205,0
140165081,0
105155789,0
94563434,0
141174623,0
80510746,0
80571622,0
117726457,0
101956794,0
125626295,0
113003279,0
34621993,0
175226307,0
66970498,0
154164414,0
134264765,0
44806625,0
117995147,0
103495998,0
139184269,0
51114289,0
45108753,0
115835540,0
63319811,0
141050779,0
92921694,0
76229628,0
71768873,0
85936620,0
120962483,0
127899769,0
146441399,0
125906059,0
83955238,0
75306662,0
179391832,0
88520256,0
152830606,0
75744497,0
88500151,0
87737478,0
116683279,0
143003441,0
41063656,0
83448394,0
147243176,0
134443464,0
192917424,0
152548917,0
115149898,0
116588827,0
131146641,0
137954250,0
177002411,0
89727496,0
38415385,0
133581749,0
128442942,0
67092398,0
125547270,0
84419376,0
31713410,0
146716692,0
155361152,0
155294079,0
37765629,0
61301783,0
84653621,0
129383604,0
174180533,0
64382471,0
67377856,0
45424975,0
126083288,0
77103453,0
77955871,0
56389809,0
65698316,0
41403358,0
112762036,0
91649730,0
96825843,0
41418172,0
89307781,0
62101477,0
38190743,0
84525287,0
163013836,0
61184473,0
167198864,0
39447726,0
44866582,0
194118811,0
163437479,0
37555456,0
59067304,0
38186568,0
113277121,0
122778323,0
115441466,0
82767056,0
126183178,0
86330901,0
36612869,0
92594497,0
141111931,0
53015174,0
135734122,0
157314515,0
105598510,0
33541893,0
70567989,0
37511655,0
159304020,0
122564201,0
148311995,0
149825124,0
192529489,0
108357568,0
161290712,0
124462590,0
148330994,0
54727294,0
39505108,0
145143339,0
150901651,0
32666942,0
76856841,0
129107828,0
82047967,0
88449412,0
173466240,0
174320247,0
195371076,0
105069578,0
112249330,0
61043693,0
64248856,0
160611061,0
74589852,0
41112402,0
126348899,0
156931791,0
157167606,0
105670025,0
141172462,0
136358424,0
85050063,0
86441135,0
76776809,0
92092065,0
119459076,0
99860026,0
85121036,0
106036730,0
89240115,0
60267192,0
60637381,0
63927374,0
66098104,0
40678031,0
74638154,0
115995487,0
150402081,0
107912646,0
139760822,0
123309584,0
139846382,0
32923947,0
102995826,0
91724462,0
102220174,0
81627798,0
72172500,0
87028060,0
88850828,0
164318568,0
77832383,0
92555522,0
97388204,0
139255528,0
146701641,0
117432195,0
76288658,0
38441441,0
117691558,0
165741430,0
74797687,0
113972376,0
78361206,0
85539280,0
64444916,0
101577614,0
136645896,0
152949209,0
32551606,0
123952055,0
78209421,0
112340407,0
176826347,0
166408319,0
93226557,0
83418549,0
62912403,0
98671321,0
62305630,0
78610038,0
58518880,0
85503957,0
104255484,0
102821371,0
44063147,0
135631468,0
91435737,0
111635303,0
88141480,0
118609234,0
112723890,0
163216637,0
111133384,0
80956546,0
87946970,0
31578750,0
118453511,0
180244122,0
31474882,0
65740489,0
134290633,0
94290845,0
127308007,0
130835048,0
211005270,0
78671931,0
56338625,0
107069713,0
36138359,0
32262871,0
143528376,0
177354499,0
212179525,0
84205255,0
104952860,0
148082240,0
87918437,0
78356340,0
107891150,0
129930637,0
193904937,0
127879408,0
126990956,0
92437758,0
85416463,0
113619675,0
153798735,0
208449753,0
63257642,0
40058881,0
77565992,0
196275349,0
36617242,0
120680706,0
79579944,0
44440443,0
59368959,0
69071411,0
131733370,0
39012535,0
63752504,0
86881615,0
142209550,0
78376662,0
75743846,0
130757049,0
106225960,0
73800324,0
176993518,0
59540325,0
134610724,0
156214982,0
98567256,0
142604265,0
79691747,0
32055145,0
130911774,0
74618839,0
113586810,0
101969309,0
74769410,0
149435176,0
67148388,0
133745219,0
112991939,0
70767661,0
64174124,0
64416116,0
71894582,0
113385549,0
177845236,0
41732055,0
72883003,0
130591052,0
111934944,0
153456279,0
177885819,0
113281859,0
125747257,0
60566270,0
62423374,0
40501108,0
86064994,0
130520297,0
90861454,0
40531675,0
65316747,0
131839843,0
40012652,0
88639589,0
67431547,0
75097713,0
98850079,0
136525181,0
98131335,0
44617632,0
165508655,0
113664730,0
100158355,0
133866270,0
120118721,0
174350734,0
113962042,0
173752113,0
178183585,0
81673514,0
84833939,0
179089684,0
75239480,0
44626692,0
170357769,0
95943007,0
33699451,0
102543404,0
113481037,0
177683907,0
65256227,0
31282790,0
40179873,0
142914624,0
137000688,0
158895448,0
44019307,0
91788851,0
144514418,0
193948284,0
35812188,0
88547012,0
129601486,0
138662750,0
204935522,0
82672821,0
116302431,0
156519933,0
101884963,0
163173822,0
149685844,0
84422031,0
39557061,0
35439373,0
114133842,0
56785412,0
119478292,0
44498120,0
125775425,0
86297127,0
119057561,0
82186319,0
96676941,0
97351785,0
142256341,0
140983143,0
74147023,0
89273711,0
66319667,0
55909001,0
57237223,0
75201600,0
85991712,0
101852452,0
139544164,0
84956618,0
95464282,0
129522470,0
114959889,0
62509625,0
142513237,0
86545032,0
87157569,0
173507831,0
110110735,0
81628982,0
89735303,0
44096891,0
82615558,0
99717509,0
94399105,0
136401416,0
114915594,0
161663793,0
87135284,0
75116682,0
36640406,0
99961140,0
95175567,0
89085478,0
196211138,0
108628972,0
98801797,0
193546611,0
136673659,0
152969313,0
175577388,0
56526296,0
144276926,0
166628569,0
99205849,0
126097539,0
41394229,0
90765561,0
34941067,0
66315749,0
62742617,0
147979370,0
43868390,0
75411053,0
38308280,0
87469804,0
77881099,0
184561659,0
133891862,0
101634166,0
149202510,0
108245449,0
139168962,0
113377762,0
125341094,0
178590835,0
165791241,0
82745432,0
94619937,0
100761970,0
100183947,0
169374411,0
108202269,0
69224489,0
78097135,0
130624194,0
60899754,0
210471442,0
128842957,0
111875687,0
120591060,0
55833075,0
75803824,0
146503864,0
102733206,0
161808037,0
93974791,0
141275984,0
204500115,0
94017546,0
44669940,0
149505615,0
128125388,0
75869565,0
144994140,0
43221171,0
37958531,0
156515334,0
85111275,0
62538030,0
74689812,0
42489676,0
66801087,0
44203868,0
75801889,0
92858114,0
143144902,0
78589835,0
65643688,0
72991361,0
44026916,0
66269312,0
98652460,0
64169515,0
85107426,0
34722347,0
65750329,0
38810366,0
62367917,0
95065817,0
38626752,0
62563167,0
125612192,0
150584975,0
72215966,0
127664092,0
195417700,0
194206197,0
84920910,0
134604980,0
111119221,0
42648675,0
162373013,0
143551747,0
166100338,0
161163009,0
40760097,0
37888269,0
81170204,0
194875405,0
82520060,0
122315517,0
174435327,0
121037739,0
72462282,0
118212111,0
98747722,0
102341659,0
78066124,0
108725299,0
163798045,0
181400622,0
148635333,0
38174981,0
76704435,0
95541739,0
98096871,0
196426867,0
94232200,0
102420813,0
84027967,0
118219325,0
74560944,0
106980343,0
178276073,0
63918027,0
36824582,0
100280738,0
79575522,0
67308216,0
119333189,0
105129279,0
123620565,0
185350487,0
98118683,0
60722210,0
99864991,0
207160309,0
161118862,0
74246489,0
136112414,0
113746263,0
85226364,0
64279807,0
63790522,0
35650109,0
43150209,0
79752780,0
78434409,0
40209570,0
32363817,0
66570444,0
67335447,0
116323296,0
116952177,0
112169771,0
43459019,0
88003691,0
120594959,0
82051747,0
138248108,0
77054381,0
126355334,0
39532861,0
120007816,0
208098306,0
145733176,0
152879065,0
108438508,0
56888194,0
160556443,0
74094438,0
97416885,0
84745764,0
72819048,0
173804876,0
84900144,0
44603044,0
176186619,0
160119437,0
97402159,0
178980289,0
85855038,0
85387515,0
113269048,0
57524192,0
108977862,0
115110371,0
73386155,0
86986667,0
99257931,0
45363260,0
203723782,0
155925496,0
117721078,0
37552406,0
131969914,0
96457362,0
71992992,0
155286548,0
58831075,0
74815294,0
41921947,0
56026262,0
155107168,0
122564271,0
101972743,0
43407796,0
180207624,0
109822582,0
57168580,0
122314856,0
123985997,0
101701309,0
83504819,0
159404561,0
121712988,0
125228195,0
132027671,0
157526099,0
39200196,0
81303917,0
85113900,0
185683813,0
77630964,0
192594964,0
174524696,0
95133749,0
72655193,0
177859981,0
44632416,0
41966824,0
149688084,0
157647574,0
179970448,0
106199302,0
200696547,0
31153528,0
153954971,0
131736666,0
75122801,0
62095516,0
153158661,0
45687595,0
86911155,0
111692803,0
102983845,0
71878751,0
59806794,0
129699442,0
196643288,0
80650243,0
95403554,0
39093861,0
83225983,0
113096409,0
92206642,0
34335685,0
128483102,0
77576276,0
63163081,0
90108640,0
193023453,0
63411430,0
84925983,0
62584920,0
93860590,0
42711426,0
60627215,0
139223501,0
105816539,0
72703189,0
112664584,0
36094686,0
141300441,0
41261473,0
32214056,0
112544935,0
112602553,0
31849907,0
143070840,0
103121160,0
102887725,0
194004166,0
90810300,0
91293062,0
163001904,0
116045091,0
105516306,0
162799597,0
134297414,0
99688937,0
78595658,0
35623432,0
185508075,0
44771884,0
60601653,0
31646810,0
83494555,0
98731782,0
108479556,0
198892492,0
139211736,0
130670068,0
56271857,0
77092596,0
78156717,0
84129693,0
142228420,0
95263929,0
91779002,0
104209304,0
157625694,0
150948926,0
63686249,0
145986460,0
92332844,0
59795513,0
59899006,0
135668213,0
80372907,0
127765305,0
194252683,0
85319415,0
92994374,0
153867625,0
89300675,0
94021119,0
76538931,0
42214097,0
195474589,0
59676377,0
136844788,0
106124343,0
129938444,0
99404633,0
166492033,0
98712152,0
116122913,0
131007174,0
153743682,0
195650672,0
78417433,0
78383876,0
137179990,0
159833751,0
181284664,0
150942462,0
115941737,0
34285558,0
68102078,0
102900723,0
76399138,0
79682242,0
135999427,0
110060953,0
72382446,0
39348990,0
120438269,0
112626931,0
80656017,0
116438040,0
67194637,0
181300406,0
87454832,0
106152372,0
67369734,0
135755895,0
87944404,0
188693391,0
85868875,0
77621607,0
76570297,0
60368227,0
105167860,0
81994720,0
77967073,0
76642898,0
99693871,0
87891039,0
130317368,0
67478852,0
85876396,0
102205202,0
82586364,0
85152944,0
34720491,0
105179328,0
93846170,0
37571919,0
133383222,0
87913601,0
40277838,0
131806661,0
34718971,0
126825028,0
75770099,0
80044200,0
159829991,0
129049183,0
73846602,0
127425100,0
144360867,0
164774149,0
157267259,0
83281203,0
152063649,0
90256852,0
144125042,0
178996574,0
86404627,0
158352343,0
93856662,0
77762900,0
132542588,0
75530988,0
65211686,0
77626335,0
103696499,0
45118978,0
33897277,0
136705647,0
40851114,0
113686384,0
77325223,0
125924545,0
74455774,0
64676210,0
144981704,0
194381037,0
157561028,0
109616248,0
113606480,0
88762939,0
75590650,0
63918767,0
76710751,0
58715749,0
178777114,0
149636930,0
88867774,0
77319509,0
96414587,0
40448237,0
39271701,0
86747774,0
41512348,0
103208427,0
99320968,0
212891065,0
126861526,0
158206727,0
63459327,0
41740583,0
97207639,0
101650708,0
123543720,0
96635696,0
77429930,0
62344645,0
39381718,0
174443163,0
76337463,0
93282744,0
73453456,0
120529425,0
130536769,0
99908269,0
36327628,0
92957847,0
106432383,0
71860167,0
85343368,0
178042292,0
198967234,0
146395565,0
149123316,0
83585533,0
185360811,0
140334522,0
42610203,0
40621903,0
39139054,0
178517968,0
92592987,0
74370372,0
39344381,0
73855376,0
146026313,0
124701741,0
109452304,0
101963762,0
91547688,0
36442737,0
178354093,0
149159172,0
92076254,0
178195064,0
42146095,0
87118377,0
131412667,0
34834347,0
156499749,0
111721208,0
83496193,0
131676837,0
148128312,0
81258033,0
39292477,0
84123841,0
79989365,0
150170787,0
118359780,0
87987929,0
142245021,0
199101807,0
66759526,0
134617189,0
31414885,0
78240570,0
101727227,0
71934939,0
65474405,0
116825905,0
135744998,0
43717070,0
99860885,0
66872858,0
92368701,0
85608318,0
167728990,0
132028175,0
75330852,0
135862999,0
76867945,0
153343707,0
86564238,0
165464350,0
192948760,0
161326104,0
41191922,0
41793948,0
109426693,0
159642824,0
131761932,0
74499180,0
72739075,0
64417360,0
117675846,0
117307246,0
196128973,0
105670015,0
90649435,0
88979676,0
152905960,0
55262631,0
115074623,0
45027852,0
161336951,0
87492484,0
63144161,0
39798768,0
112363739,0
155069871,0
62420897,0
126751095,0
115326841,0
102149606,0
137862907,0
128927056,0
134604911,0
118354223,0
117507352,0
148846819,0
87658620,0
76333634,0
76829473,0
159679775,0
131367819,0
76252841,0
166120245,0
160464794,0
142396026,0
139945897,0
36273010,0
119316934,0
75892571,0
43362840,0
61015002,0
71640440,0
61408690,0
118724728,0
114873638,0
36577615,0
31570568,0
213211008,0
180706236,0
195157636,0
105584337,0
70787341,0
163602479,0
59383398,0
108180241,0
59603194,0
72440924,0
211695115,0
205661649,0
154764604,0
94549804,0
64876603,0
40157962,0
91902717,0
39476051,0
45129173,0
87969246,0
141600348,0
182056300,0
162863216,0
60608167,0
199763060,0
116102838,0
144307285,0
140274051,0
94400220,0
66786963,0
116018196,0
118499306,0
140590974,0
154611260,0
165382028,0
39207638,0
76360153,0
45295594,0
126880870,0
87069207,0
119703112,0
34237196,0
92849587,0
111691944,0
145240485,0
65536208,0
116297941,0
104744118,0
95496970,0
106265715,0
128448272,0
194253837,0
158643763,0
140378659,0
109920755,0
64749087,0
79464983,0
163721891,0
55998084,0
107038663,0
84208749,0
35436235,0
153797728,0
160376599,0
156407400,0
42584444,0
115728139,0
116952167,0
195336326,0
112226137,0
44541636,0
143157061,0
92248449,0
39844652,0
131713670,0
130764638,0
42723872,0
66725574,0
172138078,0
38159121,0
78604936,0
108255338,0
161912438,0
83809898,0
138483764,0
87093624,0
120787989,0
100951802,0
84314738,0
72328331,0
147650810,0
126607680,0
75395686,0
107439704,0
145404380,0
87243050,0
59721412,0
32886058,0
162052211,0
34352779,0
177409907,0
114238875,0
172104768,0
175519414,0
36339817,0
83978461,0
83440124,0
137567756,0
62801538,0
95300516,0
123830334,0
144984872,0
94672207,0
87199160,0
63076880,0
56327374,0
97634796,0
155380734,0
105483855,0
139334386,0
115344675,0
85186392,0
152582405,0
85959577,0
210007068,0
196233828,0
99232211,0
132096650,0
155784213,0
123684609,0
131222114,0
33856299,0
82271040,0
134554122,0
208381830,0
31857299,0
99055061,0
84589982,0
102256021,0
66676374,0
126803147,0
128218586,0
115446579,0
80376382,0
107825270,0
101794982,0
146438942,0
78128421,0
88410545,0
96447660,0
84741944,0
100976683,0
60539879,0
110810046,0
103049033,0
161858096,0
116319239,0
62971986,0
140673375,0
98830182,0
79952482,0
67313842,0
114136122,0
35451306,0
65235639,0
79579253,0
35974809,0
62055100,0
79067100,0
37411755,0
82987869,0
105583676,0
105569938,0
75955253,0
108784408,0
63515614,0
129052558,0
121248060,0
150965468,0
140847554,0
72501494,0
62843928,0
73317947,0
212741293,0
121758556,0
118279224,0
154015837,0
108503075,0
95817190,0
37003962,0
84518881,0
62225617,0
91292657,0
44352080,0
69934380,0
203920078,0
151192054,0
61819700,0
164552547,0
107563400,0
98061903,0
115535237,0
180491967,0
92044287,0
79228053,0
121437882,0
78780703,0
99068435,0
94247725,0
58101998,0
92037753,0
131013421,0
81841722,0
134013969,0
94031561,0
70922327,0
109946515,0
119789244,0
84082704,0
88670264,0
86136233,0
141550171,0
36986888,0
200314317,0
70936461,0
76688821,0
160722588,0
81406926,0
154839011,0
115110104,0
63308540,0
94791076,0
38035780,0
62699565,0
137628662,0
75557597,0
98577313,0
161629496,0
97674156,0
37730967,0
195306756,0
33800101,0
162935057,0
113310895,0
42897310,0
121430421,0
92320715,0
109773974,0
42902551,0
143587060,0
157134010,0
134882227,0
66857837,0
31702060,0
36825559,0
81179294,0
107140794,0
200142586,0
189274356,0
56552539,0
143720547,0
56322508,0
34016147,0
132031688,0
119422716,0
43424801,0
196468201,0
153810588,0
79498461,0
162008370,0
78059452,0
159666402,0
181105521,0
86382450,0
179427047,0
83428626,0
74743384,0
109702637,0
157905615,0
178817609,0
65753576,0
194782029,0
159549072,0
84861317,0
60430316,0
42319514,0
148164346,0
109910126,0
111836820,0
32369147,0
71063512,0
158525101,0
81302891,0
59861817,0
59390021,0
51349027,0
65827203,0
103660228,0
80078201,0
75071479,0
60755313,0
159478120,0
129166631,0
91504232,0
163190749,0
140589148,0
88674024,0
73766323,0
33968279,0
160408576,0
94006936,0
122824502,0
96694627,0
103445574,0
89757993,0
103010799,0
135186507,0
71787507,0
38118250,0
197592981,0
106406475,0
83948665,0
35421213,0
152790644,0
86297206,0
37021955,0
35822887,0
63935862,0
154940885,0
88134295,0
107043538,0
67647208,0
103482664,0
41485444,0
101981458,0
112452565,0
96936936,0
42750174,0
106061454,0
114496461,0
75288907,0
164964534,0
142926626,0
137035291,0
63471033,0
82328698,0
55924250,0
42405991,0
109736983,0
39709497,0
107625401,0
34076835,0
132910123,0
99568823,0
156496640,0
62223021,0
145514811,0
74649583,0
64132444,0
108014194,0
163921504,0
194247748,0
146600882,0
97777036,0
86118172,0
122797322,0
80235305,0
96063476,0
137139692,0
149339322,0
109975364,0
98735197,0
37801683,0
61838610,0
96470903,0
112550985,0
196196619,0
87873323,0
195816354,0
76460902,0
78873073,0
111835172,0
90727701,0
129710417,0
165738252,0
84992672,0
145941415,0
144761326,0
103762438,0
77302523,0
125507051,0
194151993,0
93912040,0
46676569,0
77536452,0
192434850,0
32108214,0
111157012,0
65318425,0
38919998,0
71794090,0
97791930,0
87972029,0
67404652,0
63920643,0
65809399,0
173325737,0
124955577,0
40903551,0
62457197,0
132024434,0
59246299,0
32169070,0
83603732,0
174132468,0
68256044,0
95673419,0
150427989,0
84860439,0
114014006,0
131754757,0
83648412,0
128719943,0
134054276,0
32111165,0
119906761,0
89782667,0
115351367,0
112753519,0
87889025,0
37251689,0
164006304,0
81574848,0
75108747,0
127945041,0
83693733,0
91880905,0
111788173,0
41078411,0
83125254,0
137484358,0
95235633,0
87414011,0
143502300,0
139015687,0
208504608,0
144998285,0
137165462,0
40592392,0
105074760,0
35545630,0
73479996,0
106036918,0
43602750,0
40181343,0
119675674,0
115729738,0
133197328,0
62560493,0
81249417,0
74476342,0
196440932,0
71142627,0
120740249,0
166932444,0
61889291,0
121223702,0
88232399,0
89437280,0
144671937,0
167045560,0
60229559,0
89822293,0
65730600,0
145660970,0
192195748,0
83301732,0
61624864,0
63411144,0
86422047,0
121547918,0
82689007,0
182609501,0
101908186,0
125112040,0
173477176,0
129181070,0
180136138,0
69547107,0
36168066,0
151233674,0
113548920,0
124433287,0
78985843,0
137226446,0
36695133,0
151797722,0
129411881,0
194370417,0
155112221,0
212165530,0
149627811,0
106144704,0
43374920,0
117947586,0
90174865,0
126772699,0
87831930,0
33490808,0
99470414,0
39455631,0
78292020,0
84581761,0
116336422,0
126716147,0
79748181,0
154475365,0
135679227,0
103155280,0
194165188,0
113155024,0
154047321,0
105516997,0
166236992,0
65817038,0
128965913,0
63595143,0
132524645,0
61789154,0
36740651,0
114051609,0
85873909,0
193939372,0
44037822,0
87892203,0
77639126,0
144594786,0
140181050,0
74865017,0
62968650,0
44890279,0
177882997,0
111602170,0
98823718,0
108923343,0
42584118,0
83041905,0
166812745,0
88352857,0
31854269,0
75026938,0
63307365,0
63476037,0
64444571,0
157382970,0
164377075,0
38506649,0
161495042,0
38332766,0
156745759,0
78187767,0
155954325,0
160915321,0
64432727,0
143122873,0
67445009,0
108393829,0
114396295,0
108786580,0
62965176,0
88646162,0
127575641,0
185174068,0
123003606,0
62989969,0
142044086,0
110147786,0
176028962,0
157991047,0
95430716,0
57603780,0
64119634,0
191087244,0
112425068,0
89546961,0
193652295,0
82227080,0
149675047,0
139746886,0
116550119,0
131335931,0
65097682,0
155111570,0
173103631,0
132646900,0
129568077,0
83055041,0
81315159,0
87001916,0
66974950,0
161126699,0
97507073,0
75698860,0
83150569,0
194617532,0
115570393,0
34789302,0
45516190,0
184568469,0
95593150,0
105543487,0
98879293,0
63357562,0
116196826,0
83768377,0
62452134,0
128372404,0
116608705,0
120413763,0
132760647,0
101713923,0
122421793,0
121407908,0
73932103,0
188221585,0
83555470,0
111083671,0
34628378,0
60241096,0
121693288,0
138037194,0
150102608,0
66749271,0
106752099,0
178983803,0
101328376,0
77431410,0
114355770,0
83743624,0
84131450,0
118489624,0
145813297,0
36931371,0
135856160,0
62973131,0
127116043,0
161631993,0
72469674,0
166610182,0
130607968,0
121573283,0
89484970,0
138115174,0
40994668,0
128245975,0
163621675,0
177843745,0
95366099,0
185385732,0
171975407,0
144949421,0
88118918,0
33730836,0
34008192,0
181216130,0
129219068,0
75259811,0
132025609,0
56984245,0
116273415,0
112251205,0
194709300,0
155022378,0
115385782,0
42650975,0
155516727,0
120858260,0
178805607,0
63832142,0
159901901,0
77380147,0
110739231,0
152292505,0
81440019,0
100331566,0
109210400,0
119260233,0
79524408,0
59223106,0
90373491,0
33186488,0
142113084,0
121707293,0
36047163,0
185004044,0
74409022,0
64586199,0
151691505,0
122966437,0
125051588,0
62480598,0
177640708,0
119391953,0
45458690,0
180270977,0
127495184,0
64102599,0
110334242,0
43694024,0
139081744,0
127284705,0
66598464,0
44831052,0
43534186,0
93588505,0
66587854,0
41141350,0
39580975,0
107963761,0
119062377,0
34579405,0
119197137,0
63633970,0
153897885,0
152341024,0
58371280,0
79706008,0
176132830,0
36912609,0
59977015,0
110924109,0
44632377,0
125452975,0
92377998,0
95522157,0
91846164,0
107932010,0
40688818,0
108222561,0
143602575,0
159671199,0
33192450,0
92803516,0
32862331,0
87368552,0
154417115,0
179250164,0
33767315,0
88932223,0
181126405,0
39997611,0
92540530,0
64008591,0
142475772,0
56972323,0
102713723,0
106356959,0
107269187,0
88300302,0
193842798,0
59806962,0
85865727,0
139891022,0
60803407,0
103899142,0
196378654,0
76791504,0
75447718,0
61701768,0
176794083,0
147448592,0
132964455,0
131576107,0
87418778,0
152195309,0
96827225,0
115937384,0
198939373,0
119328896,0
207311284,0
34729739,0
96006114,0
161191068,0
93686993,0
76788366,0
40845064,0
39941571,0
79589804,0
120787969,0
79542716,0
65574443,0
147963282,0
179625762,0
110218472,0
112455309,0
40055831,0
123200465,0
122233668,0
134256771,0
135356018,0
40762140,0
155347414,0
75898493,0
73448679,0
83937285,0
67345267,0
125141718,0
113135571,0
150889472,0
45162404,0
77319430,0
62973230,0
119624481,0
194239566,0
64139225,0
123650904,0
154266890,0
128844537,0
31312655,0
118495980,0
42686189,0
128167403,0
58877078,0
78136653,0
137576323,0
76861904,0
159203636,0
85551824,0
164416208,0
133031785,0
116569621,0
162268632,0
63381851,0
125638406,0
145330476,0
35510474,0
72739183,0
40515567,0
40164851,0
142896928,0
60032246,0
110703119,0
84017071,0
68943600,0
55954392,0
82722732,0
121997903,0
111835271,0
135948816,0
33736008,0
110116292,0
114653664,0
122665671,0
38918142,0
152423119,0
66433809,0
35774348,0
145133509,0
155240595,0
91625707,0
112758760,0
71901580,0
61256017,0
188447934,0
98839292,0
75264706,0
178209394,0
106442460,0
66911735,0
165656107,0
74399616,0
86759676,0
147709643,0
136500211,0
84587248,0
37334791,0
38841199,0
43214194,0
58642211,0
128698259,0
32854968,0
178906109,0
36825520,0
36537772,0
119702095,0
85611703,0
58593988,0
121764576,0
90539458,0
195158090,0
65472391,0
126816984,0
31171095,0
73913034,0
145320400,0
130723334,0
94625316,0
39129727,0
111178577,0
160290733,0
114223577,0
81545180,0
194135698,0
179567738,0
129808501,0
185440745,0
139879099,0
140669882,0
66934208,0
41471271,0
65817057,0
125205436,0
112351510,0
138677416,0
112226699,0
60760938,0
173716642,0
65405564,0
44082127,0
163186169,0
125900197,0
64691784,0
144458931,0
117585411,0
128249498,0
93941432,0
40607246,0
84538324,0
160920010,0
96604863,0
88982163,0
90211541,0
76167449,0
113738121,0
87683698,0
79136680,0
114544566,0
73537861,0
205546648,0
92241955,0
85567754,0
56035046,0
108902429,0
63928884,0
163544614,0
117596139,0
61207163,0
180468823,0
161629269,0
64520379,0
77198497,0
122520282,0
115140927,0
43739079,0
122067632,0
91796826,0
179223210,0
74897824,0
82905685,0
83220032,0
56004411,0
101021185,0
185557473,0
86426301,0
127357720,0
162824646,0
82429170,0
118497332,0
34692462,0
151639492,0
76583187,0
112865717,0
39339032,0
40418115,0
65088533,0
112451243,0
139098108,0
88647208,0
89174166,0
75982572,0
80010111,0
125502017,0
97122632,0
67463288,0
131170279,0
113528342,0
145098472,0
65947119,0
141599904,0
155064808,0
77178334,0
195227385,0
155624533,0
43072209,0
91286577,0
64667012,0
144188139,0
83093711,0
208520133,0
137056531,0
134958815,0
62970358,0
42817100,0
41470264,0
40954370,0
107944248,0
113352199,0
165547837,0
124031989,0
198928427,0
37528640,0
116125933,0
82485921,0
130163816,0
138726408,0
64126315,0
121933741,0
167015931,0
178500370,0
116908139,0
193725073,0
136589708,0
155513855,0
138661082,0
155926918,0
140985699,0
32409583,0
132837334,0
97751010,0
84190273,0
56618044,0
153850965,0
152703298,0
75589199,0
133405991,0
75176275,0
72182192,0
114451624,0
104887760,0
42366217,0
83607187,0
128773762,0
42460866,0
39664482,0
94599211,0
133523015,0
72463101,0
154048732,0
137707066,0
141595690,0
176109626,0
73988497,0
126797136,0
94306262,0
84112027,0
111821039,0
73534071,0
96525363,0
63626755,0
61306648,0
33607664,0
77993099,0
76632278,0
83611450,0
139849481,0
155982010,0
65408150,0
155643887,0
34802379,0
66427690,0
89305235,0
134415553,0
109615784,0
71736599,0
205743152,0
104033882,0
137394071,0
88667599,0
141317811,0
115534704,0
178562035,0
73994084,0
121246787,0
139443169,0
79396429,0
213154030,0
91843934,0
114320990,0
63906233,0
163423198,0
86441914,0
106539133,0
142785411,0
75195678,0
71885818,0
181218271,0
44901560,0
86346742,0
32230509,0
116089721,0
114173301,0
68134065,0
95880888,0
159483518,0
31695616,0
125927802,0
150163345,0
95992493,0
137965946,0
132959174,0
64288957,0
103243287,0
143867041,0
92130883,0
203572481,0
210552136,0
63190460,0
141540025,0
97330812,0
122091319,0
36943363,0
142736360,0
97545752,0
61182360,0
121606840,0
114690616,0
56293590,0
163985607,0
152650831,0
194878534,0
150429844,0
152869522,0
99698096,0
81655226,0
78759750,0
76765478,0
115717322,0
67061901,0
95404147,0
90930995,0
99898231,0
121241951,0
195287333,0
42943668,0
74449931,0
196476502,0
78761951,0
194211151,0
137112205,0
42854693,0
37894250,0
129582171,0
64651852,0
155339035,0
156107472,0
121473087,0
143721672,0
66652687,0
144596612,0
60954945,0
125759042,0
88170299,0
74303387,0
180020003,0
123649483,0
195002605,0
74506504,0
161417398,0
100737691,0
134435233,0
35396530,0
213273808,0
138932841,0
98167320,0
109882402,0
39451960,0
92885759,0
98736707,0
114317150,0
34291282,0
156808757,0
132677131,0
107681845,0
161499691,0
138728609,0
119470594,0
115777072,0
93920143,0
72162196,0
106851723,0
129443316,0
64022448,0
114661185,0
129371682,0
31130581,0
102400038,0
83420207,0
122627722,0
63876802,0
43295085,0
75701574,0
114937603,0
59841644,0
155448429,0
100578928,0
112935337,0
80029475,0
77981917,0
138629913,0
177957414,0
44260421,0
56237176,0
198680128,0
77738305,0
108149891,0
156936292,0
59268664,0
101036059,0
117726003,0
78502430,0
116696939,0
122856539,0
156185383,0
59195372,0
86734025,0
79576026,0
38784834,0
98215503,0
92543146,0
114696025,0
174166755,0
115561569,0
79577783,0
90375524,0
82629346,0
62370829,0
129891129,0
67191163,0
161176590,0
71883864,0
40691769,0
66570582,0
115883812,0
80598142,0
154531040,0
76561000,0
144770860,0
99841037,0
83868721,0
193580030,0
134471721,0
83169608,0
45043002,0
78472713,0
117299439,0
76790715,0
184725504,0
102188187,0
94617470,0
96857298,0
147239811,0
121845003,0
117452753,0
107722518,0
44151796,0
45629207,0
154806421,0
128472650,0
65195717,0
38868982,0
78213280,0
113124162,0
39645680,0
111271993,0
152767855,0
60013819,0
125138747,0
88238854,0
79112273,0
40997184,0
81277447,0
163800779,0
61778939,0
62441189,0
57930671,0
106300910,0
65828161,0
87623790,0
92669398,0
32224972,0
77442513,0
64951010,0
69261441,0
177806606,0
84162648,0
107156920,0
116403555,0
79217453,0
164350585,0
36817624,0
116449103,0
38087092,0
188169029,0
138665997,0
136039912,0
128015944,0
87780243,0
137874464,0
150759262,0
80766882,0
95315152,0
37504825,0
86506254,0
40947817,0
120679078,0
208567231,0
33207057,0
150709559,0
40335339,0
182399821,0
117872123,0
64139935,0
163973626,0
100121600,0
64040716,0
99852545,0
74946096,0
128462583,0
164394051,0
152423869,0
86753952,0
139320282,0
82017608,0
63141931,0
173295960,0
88016896,0
77149811,0
92920303,0
155211736,0
87111241,0
38808728,0
74315280,0
36137164,0
120860333,0
110570323,0
61568163,0
120904341,0
75607882,0
56905881,0
179805753,0
139974331,0
61229399,0
40245042,0
40329525,0
76634469,0
39751482,0
86482696,0
141844522,0
35811418,0
124998747,0
63623094,0
76300344,0
119701789,0
93157519,0
135776492,0
86361329,0
96161116,0
75893637,0
31183521,0
95978340,0
61425251,0
125931395,0
57874563,0
150500846,0
110997164,0
75675904,0
141782245,0
123772971,0
114555087,0
104282902,0
132183177,0
84222931,0
108729543,0
142380442,0
67454898,0
90114088,0
173792283,0
73962501,0
82773156,0
152072926,0
124529180,0
165537987,0
116268055,0
62002742,0
63876160,0
117051722,0
179851618,0
37597747,0
38488232,0
155582567,0
66573484,0
74767101,0
192162133,0
164077079,0
33342852,0
94198880,0
84949068,0
204199901,0
72993395,0
84609267,0
213081884,0
41753384,0
110713788,0
166338629,0
76260964,0
97341540,0
77376713,0
112567842,0
156017294,0
68052098,0
76810800,0
109434292,0
107752344,0
91533347,0
139739158,0
87362482,0
65921952,0
173374680,0
121623895,0
103996890,0
148769777,0
75708769,0
151306462,0
112874866,0
64222021,0
96058018,0
32549583,0
92968457,0
100867229,0
40264919,0
185614025,0
33534856,0
76669161,0
80119969,0
106063112,0
67012296,0
56645313,0
111155630,0
89729588,0
40629186,0
72026933,0
71981790,0
67039872,0
65048205,0
166545812,0
43576053,0
102860386,0
60573001,0
191541927,0
158845705,0
65173470,0
121169784,0
68145188,0
178600102,0
82399068,0
159996521,0
57933001,0
60580759,0
34343630,0
194479200,0
144792287,0
104314188,0
179826835,0
76722980,0
203758908,0
78355550,0
80570013,0
135117677,0
141913323,0
63916754,0
78267859,0
112756144,0
40284579,0
85016665,0
177005362,0
81531076,0
121745863,0
88690329,0
130549669,0
110190985,0
42190666,0
89854172,0
78093463,0
78629353,0
147964052,0
63591432,0
118207729,0
102296920,0
144900764,0
161549404,0
39897118,0
150996044,0
194965525,0
61110125,0
108186281,0
124743371,0
90856332,0
79620409,0
71424947,0
116621772,0
115455274,0
159742901,0
178050089,0
122380962,0
208028982,0
78408254,0
159030296,0
147244893,0
131377294,0
142459004,0
135790971,0
65289547,0
102685408,0
73145416,0
107292815,0
78013944,0
108275147,0
109611985,0
81254796,0
76675063,0
64645022,0
62312904,0
122995059,0
128731697,0
33745601,0
146015170,0
147800937,0
98731091,0
98110382,0
34473218,0
119370852,0
96958826,0
109408769,0
71765261,0
79491877,0
114129480,0
113758343,0
77322548,0
151672921,0
78503595,0
79886208,0
117999075,0
70975327,0
185219478,0
82571599,0
70755955,0
56224365,0
81521305,0
166214322,0
39785730,0
87189665,0
92569300,0
96240408,0
74126553,0
102648860,0
85295728,0
99473009,0
82327030,0
77251280,0
59076414,0
157968879,0
132359586,0
174141005,0
119109791,0
153907843,0
146274879,0
87589532,0
164435711,0
115369309,0
191960082,0
177772743,0
80401490,0
34474541,0
70638843,0
92770650,0
61087395,0
156578608,0
61572151,0
56938835,0
65413558,0
34023589,0
145350166,0
64567625,0
72886734,0
43182078,0
38473408,0
85800548,0
141609438,0
150944337,0
121103194,0
63418635,0
63622383,0
90842159,0
115254437,0
83650988,0
135930113,0
33036372,0
63164897,0
82379803,0
122897873,0
111130305,0
45540854,0
154230224,0
95239660,0
167018635,0
84291229,0
96277251,0
84325230,0
90763972,0
123746541,0
105601382,0
72461946,0
154268676,0
44792353,0
135761579,0
118051848,0
132830761,0
66753495,0
138623626,0
135600468,0
159139809,0
119811322,0
136546183,0
136390194,0
193770019,0
156111035,0
61953571,0
59415691,0
104876104,0
115659940,0
194314249,0
140627798,0
66831327,0
32188908,0
110728217,0
164639893,0
40252483,0
155490908,0
90988851,0
104717974,0
177369708,0
35517778,0
94867132,0
72228046,0
111772480,0
37890924,0
137807124,0
39106178,0
156651169,0
63310681,0
122810231,0
91977884,0
135245458,0
77579375,0
66486138,0
180420857,0
88928344,0
120285626,0
84218954,0
41987264,0
38195125,0
121474489,0
126832262,0
122830829,0
57101486,0
179175915,0
140105844,0
108299001,0
58901702,0
88984522,0
105247586,0
70486002,0
74229908,0
193706657,0
45886310,0
140149467,0
148196580,0
67049899,0
34851412,0
90884934,0
107347157,0
75531689,0
88408344,0
89845319,0
143140095,0
62269803,0
138539537,0
92813376,0
130934514,0
203426934,0
33859072,0
112374072,0
128666499,0
142557029,0
111736762,0
113380219,0
153870921,0
72033882,0
75765914,0
155117492,0
143844657,0
79753215,0
62197064,0
174432336,0
117255638,0
137877455,0
63498549,0
76713150,0
85058699,0
179052683,0
66747692,0
180621072,0
72627262,0
175415240,0
145448023,0
147863491,0
75093449,0
156877607,0
72383897,0
152836448,0
93804738,0
77823993,0
136997609,0
94168877,0
103617177,0
184680193,0
157431894,0
203569520,0
134472254,0
75990359,0
72427462,0
103927616,0
194273685,0
48847556,0
113766338,0
73961879,0
38566429,0
136548059,0
198846223,0
147086970,0
140720286,0
86321268,0
108211448,0
127175340,0
74372356,0
62030021,0
125205485,0
75336152,0
116908218,0
123621680,0
43730522,0
142112828,0
37552160,0
73261759,0
41715050,0
175129959,0
35718387,0
138332651,0
101056163,0
93704147,0
36936504,0
95610925,0
77202169,0
75682960,0
124338233,0
36744875,0
134561663,0
150088958,0
120248674,0
164899049,0
119581321,0
162511996,0
81183468,0
107318160,0
112001731,0
175377983,0
152411523,0
100137263,0
76262474,0
74273620,0
58135012,0
106699553,0
33633591,0
149566777,0
88600229,0
75305991,0
193868854,0
141452650,0
105786723,0
43489388,0
39531726,0
33853308,0
117387831,0
196424380,0
122524624,0
121217020,0
166131980,0
118810673,0
41814654,0
97447451,0
75508357,0
76441361,0
132882724,0
90384436,0
61080674,0
157432960,0
207285406,0
60703112,0
42831973,0
115175559,0
58771641,0
131666029,0
84155305,0
132452222,0
177557438,0
116014910,0
196324954,0
159466957,0
151207687,0
141076697,0
94137097,0
199748364,0
75383645,0
78139080,0
159835547,0
83861585,0
95738677,0
106719085,0
137935537,0
192112883,0
85037144,0
63998139,0
121149019,0
135670019,0
207166457,0
150987003,0
89396282,0
39411682,0
60891069,0
62473926,0
151789234,0
32655375,0
136629759,0
43619459,0
97418326,0
63914356,0
133776466,0
158131155,0
89226288,0
163633213,0
65884427,0
128170709,0
98732483,0
59468642,0
156927636,0
85896688,0
115941164,0
86673544,0
106812540,0
31271805,0
80987971,0
83910558,0
108014204,0
115959739,0
73735155,0
122083493,0
177053190,0
71619940,0
94337469,0
92315276,0
93948735,0
153766747,0
196687346,0
89418834,0
173693784,0
131642885,0
144091920,0
65935157,0
34203640,0
82669979,0
130406066,0
45551454,0
66782996,0
145274881,0
85803381,0
181324804,0
195062730,0
97165545,0
76588270,0
118692287,0
160415781,0
87612153,0
122667122,0
87199643,0
83504168,0
154973593,0
141502501,0
32911353,0
98819010,0
106949531,0
82298181,0
72954775,0
101259664,0
74736554,0
95715345,0
151011578,0
74138427,0
118175465,0
110653129,0
81813189,0
117994831,0
123296279,0
136551927,0
96387031,0
91700005,0
98598859,0
94998230,0
152834475,0
73146857,0
133121381,0
157016917,0
145967727,0
144629922,0
95869775,0
195564955,0
61555274,0
71626227,0
79906490,0
157284541,0
131870606,0
62194222,0
162001550,0
127038350,0
124904946,0
58405459,0
150672449,0
86451616,0
94108475,0
117245610,0
66103325,0
56431024,0
70104937,0
99187896,0
78213428,0
98346868,0
108114223,0
117969022,0
44601149,0
118781557,0
42055157,0
31603700,0
175132269,0
96150743,0
155339212,0
162839934,0
86914224,0
87718982,0
137040897,0
38392625,0
39062851,0
40805359,0
192664604,0
40006750,0
96712738,0
161782613,0
135072513,0
122037145,0
164570480,0
35058604,0
78591246,0
92819495,0
106777572,0
35046800,0
175266861,0
37236342,0
87447676,0
127293133,0
126936979,0
126850284,0
78318934,0
195405748,0
194289299,0
144174637,0
179723688,0
152053552,0
60335460,0
174300429,0
75167056,0
41203844,0
138570854,0
143066044,0
77300174,0
40489166,0
142982310,0
196242158,0
73850895,0
60696352,0
140346800,0
70190723,0
163592461,0
63525029,0
125991905,0
43300138,0
122524565,0
123553748,0
66225116,0
77674903,0
37115074,0
38450402,0
74612523,0
125005872,0
87927152,0
210539503,0
100913281,0
78499064,0
78649882,0
35215758,0
69363423,0
107194691,0
84535689,0
105224274,0
117454727,0
176510253,0
62494159,0
87942400,0
114581222,0
66629425,0
80706480,0
106290754,0
90339046,0
136045212,0
142614973,0
138646662,0
114051145,0
82125591,0
34312689,0
40687151,0
33560359,0
85283716,0
65843725,0
157054461,0
107674404,0
135245113,0
151502720,0
77805054,0
141844118,0
127647758,0
43183578,0
71255762,0
178681566,0
116239256,0
36157515,0
100216625,0
41470205,0
171252498,0
162996525,0
112313690,0
112493248,0
164436125,0
105060962,0
66019434,0
112542300,0
142032588,0
196321549,0
66864834,0
109206255,0
78062196,0
67013046,0
153463494,0
122000835,0
157287788,0
82024783,0
204539258,0
102621818,0
145024400,0
161311369,0
88970685,0
38067718,0
160351866,0
79631661,0
42540563,0
113403186,0
128297593,0
111494148,0
167046369,0
78147568,0
40441940,0
60932127,0
73729104,0
142262095,0
121582650,0
107445774,0
32047951,0
152113875,0
129641290,0
145940063,0
112150230,0
41813568,0
146519517,0
122560747,0
61381529,0
78480500,0
94218442,0
39747604,0
72441990,0
63039998,0
141948341,0
77362540,0
155017809,0
88594061,0
185092585,0
37895434,0
78423888,0
31380627,0
152786765,0
203709629,0
154456514,0
32556758,0
154973168,0
192400000,0
78305127,0
40479237,0
97696056,0
89130483,0
82300925,0
111944093,0
90655327,0
32439241,0
117182494,0
124547439,0
148157763,0
140898067,0
43240062,0
136976449,0
114521510,0
154393448,0
40388526,0
102153870,0
157075305,0
61606823,0
65142815,0
104021288,0
144102332,0
98792135,0
115995812,0
75531867,0
96628037,0
115996108,0
84943797,0
52686684,0
31998366,0
122560550,0
174556249,0
135021043,0
126246857,0
150073058,0
174335446,0
61278096,0
62334054,0
161199240,0
63581148,0
81429439,0
79689408,0
95786140,0
96420439,0
64782851,0
98941087,0
80537710,0
81326528,0
113065497,0
115060944,0
88458709,0
126224808,0
133885575,0
143559258,0
74848466,0
194723354,0
32849826,0
137123891,0
109146268,0
58707488,0
41152443,0
79413760,0
82584370,0
62486204,0
77727784,0
44692808,0
125131147,0
89709346,0
153200153,0
139792484,0
126128767,0
86060346,0
115778069,0
151710929,0
93511759,0
87148351,0
31469325,0
155926286,0
177112437,0
134606846,0
127898101,0
37295866,0
129275453,0
64053201,0
162481420,0
116407779,0
103612746,0
146589364,0
66405740,0
93639323,0
40368599,0
198810328,0
162343068,0
131622879,0
58681669,0
59651506,0
38723613,0
90256122,0
43125170,0
199946240,0
109245536,0
31651005,0
138024640,0
72450132,0
150083954,0
153850195,0
35454277,0
120076459,0
72408640,0
72771447,0
178399276,0
67506586,0
79118905,0
96936837,0
82716859,0
127525434,0
64382254,0
58149915,0
151692828,0
121543635,0
98987405,0
177122751,0
145084042,0
66001037,0
147441901,0
37315348,0
137869026,0
183294945,0
113618501,0
55939123,0
157545582,0
113944188,0
109296700,0
111227244,0
93236772,0
121462467,0
59149252,0
195230395,0
129088118,0
65457152,0
35435357,0
153902948,0
83377087,0
71986320,0
155864779,0
173122462,0
84981114,0
182337791,0
66484016,0
95931410,0
98541585,0
135604278,0
35460317,0
87001235,0
71829225,0
75709727,0
81150060,0
89164208,0
126167742,0
111902947,0
94775512,0
84718761,0
117016586,0
57543783,0
134716073,0
127528869,0
31516443,0
103734142,0
31430469,0
134481650,0
83625524,0
147609062,0
40370149,0
145976403,0
109423228,0
126737958,0
133755790,0
118573851,0
81345883,0
76862615,0
99754451,0
106494650,0
106218992,0
33471108,0
94108623,0
157033774,0
204254322,0
40151448,0
140639621,0
83826302,0
112154779,0
128758770,0
33588714,0
58587849,0
94355501,0
75663488,0
109490184,0
77129558,0
31630999,0
59805837,0
86359109,0
33638062,0
180989968,0
92341974,0
75359721,0
117204701,0
154365842,0
112453068,0
89865868,0
92505849,0
102265634,0
115887513,0
76653606,0
40424076,0
76794534,0
62699180,0
70478925,0
139227518,0
95501550,0
140498387,0
77896683,0
34180703,0
89132694,0
76136271,0
45244736,0
95599723,0
78062325,0
114394035,0
128735961,0
55788849,0
86389931,0
92698918,0
35087236,0
164686063,0
59768609,0
138780642,0
76636236,0
101723812,0
144980629,0
140089105,0
149764505,0
130409737,0
101821630,0
127283392,0
102475392,0
116084027,0
196363445,0
83340066,0
114758174,0
162800416,0
56765160,0
103564128,0
60007730,0
77001076,0
35922727,0
76442219,0
161062132,0
133221568,0
115937256,0
207352756,0
75188710,0
86376213,0
173814213,0
161687924,0
138017949,0
93740684,0
121736803,0
156293228,0
90514607,0
134232008,0
84825816,0
72711864,0
81237919,0
158361976,0
87680678,0
63078686,0
84593594,0
75460805,0
104938303,0
71978276,0
67050906,0
87373654,0
119447815,0
77290077,0
63934855,0
67385180,0
144536329,0
38244039,0
100560176,0
44983843,0
134242401,0
130776847,0
44392200,0
75776001,0
76451171,0
121427134,0
45410042,0
177220934,0
83388298,0
63813913,0
101518830,0
57227245,0
129611819,0
155564585,0
112721275,0
85272643,0
93420682,0
57945239,0
87511671,0
74527259,0
125564127,0
177407124,0
88936102,0
83617036,0
174955485,0
196378753,0
40882361,0
127039909,0
94021524,0
156906002,0
107009745,0
195129656,0
208443328,0
87757019,0
58368832,0
60192873,0
96688389,0
106432314,0
65938562,0
157198557,0
61882046,0
143592034,0
76833352,0
193730817,0
200316103,0
113744240,0
185106945,0
80782151,0
114200423,0
195433956,0
192876643,0
179294725,0
34390541,0
116086474,0
37076622,0
66489138,0
136962434,0
177403897,0
150624256,0
76038957,0
84981726,0
194928010,0
59382984,0
184538110,0
43613863,0
32159595,0
194095174,0
68255975,0
112488826,0
177884250,0
116406901,0
61883537,0
198995244,0
144479233,0
191659898,0
145163009,0
60771005,0
55751966,0
123473557,0
41038864,0
80213375,0
88256550,0
181169150,0
81295419,0
32179512,0
153706197,0
146058695,0
98973676,0
176960544,0
85009026,0
106190815,0
118519815,0
111052927,0
37781628,0
96038890,0
39100424,0
211528862,0
64532874,0
149626725,0
121386777,0
144153250,0
126133376,0
144420736,0
59946153,0
63526174,0
212243214,0
72144411,0
184014686,0
139438481,0
163074909,0
153801123,0
78755990,0
57203558,0
83423000,0
75301510,0
46419012,0
145997928,0
61864093,0
57070397,0
153810095,0
194538269,0
110790287,0
65806171,0
122909835,0
85145937,0
83776065,0
103848185,0
65520723,0
152230257,0
157226271,0
31798634,0
71801709,0
140636167,0
115931413,0
144999282,0
155829386,0
138041478,0
35838500,0
84045989,0
95291327,0
60367131,0
77532218,0
45545522,0
110784375,0
71327899,0
144647865,0
96464024,0
34922453,0
89269566,0
110411630,0
90192858,0
114666949,0
73781473,0
154756442,0
37655317,0
160003084,0
32948197,0
59818539,0
81370261,0
63562919,0
31627663,0
104265847,0
96871194,0
44587322,0
139331988,0
127874335,0
166358240,0
127046877,0
103506815,0
199937071,0
72924663,0
119276755,0
89883327,0
139930885,0
134157492,0
114255051,0
156087960,0
62489205,0
155470103,0
90324044,0
178589858,0
115618655,0
138253161,0
191865590,0
74593859,0
120012465,0
121051714,0
37796472,0
106890905,0
83238695,0
66314051,0
65266580,0
90904535,0
107537433,0
78818524,0
173570236,0
174240777,0
206991084,0
192963989,0
167036746,0
56933052,0
75833630,0
97468739,0
104282823,0
67028285,0
33832730,0
44421503,0
157414632,0
83332979,0
68003550,0
77598907,0
105965876,0
108066592,0
212428476,0
64516629,0
39449986,0
147540537,0
110940552,0
164860281,0
42856776,0
55963353,0
194935837,0
80516806,0
69412959,0
91820750,0
133544531,0
105721702,0
76514741,0
105679688,0
181006717,0
121447939,0
83925481,0
62087393,0
157405305,0
83172085,0
139373746,0
108363766,0
196092031,0
75152410,0
90214028,0
154603808,0
65534461,0
106851841,0
90836306,0
164501028,0
204933193,0
82727538,0
192245284,0
87607495,0
98538496,0
181200023,0
110635729,0
81626702,0
60442446,0
115724497,0
130829916,0
68575750,0
192874777,0
99254250,0
87209474,0
114278462,0
87884249,0
148368538,0
153995732,0
123599069,0
64087005,0
86995007,0
75917650,0
43395735,0
32109320,0
57656168,0
192531424,0
68533123,0
76931120,0
32280547,0
84031047,0
141211673,0
156615194,0
45208564,0
105869154,0
42590109,0
75617377,0
66833646,0
122560313,0
81575785,0
44957403,0
138097774,0
106588668,0
84695340,0
31659513,0
208480131,0
75444452,0
127530428,0
43152114,0
120071712,0
61409411,0
175307306,0
74119072,0
196366495,0
118206781,0
43036580,0
58838991,0
131883447,0
97899942,0
44888759,0
64025971,0
145823601,0
135147295,0
122979110,0
179495789,0
103359946,0
72232182,0
85095395,0
155037923,0
107034518,0
105061831,0
104099811,0
142732392,0
144103813,0
38307461,0
88345988,0
94197509,0
59010811,0
68711941,0
107321871,0
114099091,0
173947186,0
33799825,0
134644153,0
78628751,0
161226461,0
103519438,0
136413941,0
131417582,0
66945183,0
122174520,0
125663849,0
33415404,0
79735775,0
109901322,0
104163914,0
112057663,0
87396818,0
108350037,0
150108381,0
124460014,0
68722284,0
81559560,0
118329707,0
84260998,0
77306382,0
136474066,0
43741596,0
125237739,0
131140068,0
56654532,0
110378261,0
84283412,0
34093485,0
120663049,0
135950622,0
116176051,0
61627568,0
77397814,0
35819294,0
81998392,0
125402798,0
81403136,0
66212444,0
133518485,0
109170843,0
74975724,0
121092663,0
49621925,0
42150418,0
117033315,0
113859615,0
71866414,0
135960136,0
87517257,0
58752671,0
73922953,0
33230043,0
74002660,0
88998556,0
125230643,0
60490886,0
115622899,0
95602210,0
136516703,0
53724552,0
163698431,0
34540450,0
33046804,0
119850998,0
174293106,0
81115911,0
40777536,0
112658238,0
123681372,0
67548857,0
63542084,0
57110191,0
80761049,0
108258151,0
143595666,0
104482949,0
72383414,0
41953628,0
125599875,0
65771647,0
111477902,0
143793621,0
195431952,0
81719250,0
103106632,0
131141430,0
75935563,0
84367304,0
114397568,0
56227730,0
84410069,0
32370529,0
96566174,0
59075832,0
106891122,0
128084913,0
72505540,0
153870961,0
105995248,0
99017744,0
121762267,0
79605220,0
40271492,0
80500966,0
63545400,0
151248863,0
65901531,0
111775234,0
88228451,0
98713020,0
174330610,0
104943218,0
58270057,0
140117430,0
37349872,0
173114122,0
145351834,0
86589929,0
153212273,0
33440808,0
106109706,0
184498346,0
83522051,0
83053916,0
89686784,0
180660234,0
98927457,0
75270460,0
211636273,0
55961261,0
111838893,0
133672559,0
36599101,0
120306174,0
79433519,0
119687656,0
81996151,0
140051482,0
135990248,0
126621606,0
118995895,0
56378854,0
79248029,0
138700728,0
95848526,0
82981612,0
111534238,0
118381246,0
86569183,0
102075357,0
115063421,0
37104721,0
82557860,0
140864865,0
67175668,0
96334979,0
143285564,0
71827015,0
133664930,0
63180580,0
34709477,0
87072878,0
107423035,0
112023395,0
89499982,0
90729122,0
108779997,0
75304885,0
93590015,0
129239123,0
142051942,0
189764322,0
134296387,0
100328704,0
43348894,0
44880587,0
195462311,0
116059096,0
99856740,0
68360523,0
150023068,0
127348383,0
126707422,0
107895877,0
139896618,0
41431940,0
207167079,0
39217715,0
195392592,0
74679834,0
69583387,0
74850765,0
123964669,0
128281703,0
118565097,0
138862382,0
121014832,0
57536568,0
133276601,0
145015606,0
65297097,0
75376183,0
196251554,0
92345221,0
71923875,0
99173615,0
130504110,0
45418135,0
85938150,0
62192366,0
89890463,0
82736125,0
165275012,0
120370573,0
94994795,0
100997291,0
32262634,0
64097536,0
178802094,0
40834484,0
83867784,0
78926626,0
68790335,0
82479574,0
78140729,0
71066858,0
77571302,0
114662182,0
39505571,0
119406915,0
43751218,0
105579906,0
103867865,0
37577485,0
104273180,0
145715401,0
38014097,0
110700543,0
37832042,0
151754809,0
90553365,0
150016742,0
77656121,0
79191072,0
133889562,0
84642251,0
180337626,0
99918425,0
112012756,0
194288904,0
78905248,0
166587274,0
164790029,0
83482642,0
32538095,0
40235448,0
117756569,0
90795446,0
82434332,0
173776580,0
112997950,0
129110572,0
185245889,0
121001508,0
80213484,0
94737593,0
138215903,0
40497812,0
175162707,0
162538713,0
89817447,0
205681763,0
41511805,0
176858739,0
40455817,0
137259953,0
129612382,0
164063192,0
61959898,0
117043372,0
36265153,0
76216551,0
121722837,0
77412599,0
85539379,0
86917195,0
75133253,0
82339663,0
179261810,0
72428202,0
160204078,0
38825723,0
81485922,0
139930668,0
198939728,0
162790082,0
110859364,0
124554920,0
129111647,0
161636523,0
115801115,0
74421951,0
194353955,0
33263086,0
84840206,0
185182408,0
82716573,0
180655734,0
78848932,0
97707969,0
77682374,0
63794460,0
81530148,0
92769101,0
96107070,0
44434333,0
101602061,0
63359506,0
117746344,0
105601806,0
139242470,0
65894100,0
115215965,0
43160779,0
36660372,0
80657399,0
35491485,0
63926782,0
109146702,0
129654900,0
117086828,0
86103496,0
135306936,0
56978383,0
111136029,0
66614985,0
34610317,0
157388793,0
123334554,0
37717298,0
121199946,0
161217775,0
116862462,0
36606671,0
36622009,0
107480180,0
150158203,0
165968598,0
87611561,0
81100564,0
133712867,0
83545413,0
40867596,0
81428797,0
82556607,0
135515362,0
194876323,0
103094226,0
81353976,0
32765668,0
174329643,0
62321836,0
80358369,0
123599740,0
70607507,0
41590703,0
75728380,0
164987066,0
208114107,0
66822415,0
65799973,0
155179542,0
112685419,0
38455781,0
135550903,0
36593851,0
91524504,0
67205602,0
31479984,0
113244482,0
102109487,0
78735915,0
134490118,0
82888966,0
87719308,0
106197615,0
83265629,0
32079306,0
128376776,0
105170317,0
138651686,0
130575566,0
74135081,0
66718083,0
134032889,0
34469182,0
99172470,0
68585689,0
180097390,0
156242429,0
136353667,0
106704409,0
112710063,0
81333674,0
100608922,0
118375186,0
119501762,0
156122355,0
67260448,0
59293318,0
105722127,0
84701874,0
151592523,0
139466826,0
149149164,0
36121561,0
213170059,0
114740478,0
120406992,0
146083784,0
36455281,0
127658881,0
108358910,0
108184731,0
79201119,0
132774682,0
176456158,0
101959952,0
83406261,0
118252221,0
99503270,0
175424468,0
125125650,0
107621818,0
43149785,0
57036357,0
77875088,0
65471690,0
179072669,0
41663955,0
127656384,0
114650427,0
106772085,0
127861968,0
84141241,0
99215620,0
36061297,0
56302789,0
45369567,0
87940910,0
178036933,0
59044979,0
147027713,0
73416554,0
107472254,0
118183607,0
109128177,0
183580502,0
208568681,0
34645463,0
119371769,0
151650665,0
120279645,0
76666427,0
147348011,0
119906455,0
180948644,0
113166670,0
144119585,0
141931474,0
135046655,0
106827473,0
160890499,0
162900543,0
180455914,0
76082758,0
87758668,0
44615677,0
73244181,0
92001176,0
75726170,0
100637109,0
112828637,0
74956755,0
119623997,0
140824301,0
82394419,0
140551742,0
78439867,0
125170340,0
176149124,0
39518777,0
127561527,0
64993291,0
61475172,0
189334688,0
166573615,0
194344332,0
59416303,0
72543597,0
173318838,0
106145819,0
37718650,0
205833883,0
84358333,0
103039045,0
58934134,0
106555082,0
78850225,0
135435123,0
180333225,0
141596805,0
71962426,0
134877559,0
162724923,0
80625244,0
32383764,0
161742562,0
103876175,0
125545019,0
45289169,0
35351870,0
135002094,0
107393830,0
92378166,0
163908200,0
134946360,0
67021633,0
81444964,0
115504020,0
159563502,0
180533045,0
73760065,0
43783926,0
141225471,0
126214850,0
212240855,0
115141864,0
176862746,0
150885613,0
96602040,0
67060095,0
128507795,0
198877016,0
206482958,0
164740800,0
104621261,0
173686777,0
138647748,0
74252865,0
58226927,0
100201593,0
122134370,0
141090366,0
83667885,0
37618779,0
124471700,0
91878704,0
72582444,0
103241362,0
162427453,0
42652613,0
102360609,0
103550518,0
117870830,0
112774630,0
81301647,0
41783496,0
61749113,0
114755677,0
83569879,0
130677855,0
148176219,0
75528422,0
56995053,0
130014667,0
148439787,0
113886757,0
123764000,0
64235680,0
65958884,0
75966109,0
63006174,0
65328877,0
145832119,0
118163315,0
101272811,0
33250276,0
31573904,0
154411953,0
185199255,0
35163301,0
38453916,0
99881364,0
80498626,0
125479998,0
116351266,0
77450636,0
125194500,0
98733993,0
81445319,0
56688325,0
129524740,0
123687964,0
63729123,0
119398250,0
111312211,0
113437907,0
142069125,0
163748302,0
71895885,0
87813562,0
104932924,0
85547640,0
58623656,0
79737828,0
136430186,0
122583437,0
108087999,0
150055806,0
73765839,0
41887640,0
106432136,0
147403676,0
108657061,0
209923304,0
164509960,0
39002172,0
128943519,0
143238959,0
81331157,0
121572662,0
140265169,0
71249949,0
121941499,0
31145296,0
162625645,0
207166250,0
33994681,0
143233936,0
59833610,0
130186299,0
62974463,0
66196840,0
31977008,0
185920151,0
85445173,0
212980700,0
112922190,0
175064563,0
42935328,0
63365744,0
107456088,0
198698179,0
125346690,0
126746318,0
57107704,0
112330458,0
31313307,0
213351659,0
72393717,0
151095500,0
61083931,0
115149217,0
121021188,0
101602475,0
42925666,0
42362190,0
134680720,0
97430159,0
89510542,0
111502902,0
67907824,0
65851897,0
105736142,0
104880013,0
118472905,0
145319136,0
206846426,0
42119309,0
56441822,0
39051619,0
148220750,0
84357128,0
95888863,0
118329974,0
150407124,0
62306498,0
40984186,0
161154620,0
141880616,0
83504276,0
127105127,0
81947889,0
61123133,0
130749538,0
104442118,0
76010009,0
75494175,0
84365083,0
104326397,0
174000502,0
128055402,0
57843019,0
106864425,0
81307312,0
62463662,0
31250773,0
139670101,0
73980010,0
204247542,0
60327140,0
123732259,0
112302626,0
118482952,0
105800630,0
76755125,0
62710757,0
71593036,0
71802439,0
57003521,0
115676412,0
62186326,0
102039758,0
108611680,0
108163235,0
129382015,0
154080206,0
78449450,0
106418585,0
180466750,0
151981899,0
100571546,0
108960719,0
95729015,0
64285522,0
144765274,0
95249431,0
34322411,0
62212984,0
63929486,0
150248579,0
86930973,0
104222115,0
41548925,0
94319882,0
156848591,0
196173929,0
97622972,0
56259224,0
32009883,0
134240950,0
133367904,0
163103738,0
86578776,0
87834447,0
95765098,0
130060768,0
66409194,0
76863543,0
79729162,0
66173676,0
64844763,0
204716871,0
165708830,0
195018534,0
32040154,0
39766465,0
108154313,0
151206641,0
97677403,0
113070758,0
81841495,0
112452782,0
126415400,0
153036347,0
143670666,0
33677452,0
134596828,0
128449032,0
66532456,0
80306821,0
56324828,0
118800290,0
74508053,0
98837071,0
113247947,0
152801017,0
87849399,0
106298976,0
165550759,0
122511034,0
175468072,0
59524405,0
103785681,0
177504981,0
122991052,0
99242465,0
74749118,0
137314858,0
151891434,0
144879603,0
162589285,0
153947953,0
173722613,0
131932143,0
66734240,0
43852125,0
147915651,0
39148410,0
112332600,0
56104074,0
38722902,0
32252133,0
104008606,0
120272065,0
162222817,0
48069585,0
185384370,0
114339979,0
78182082,0
176572343,0
121061515,0
157061488,0
207260386,0
88946228,0
124139440,0
133494235,0
108151402,0
33869751,0
110177424,0
148355500,0
66746814,0
125241075,0
75687639,0
149942819,0
120629996,0
32161935,0
94470304,0
106689871,0
105595095,0
74235662,0
74602989,0
114346996,0
120248634,0
121789033,0
145314695,0
84600375,0
87349069,0
63605003,0
85092444,0
114847701,0
156073965,0
104876262,0
95370531,0
154997290,0
92394283,0
84527182,0
88561412,0
108317655,0
145943576,0
94719680,0
148588295,0
118490078,0
62603889,0
63952225,0
125909573,0
178070302,0
132067535,0
62617973,0
162043644,0
84062511,0
87695226,0
175393152,0
72432910,0
99043928,0
89860025,0
98102230,0
157366577,0
103744702,0
107828360,0
100777524,0
124023265,0
33468187,0
35367187,0
152151843,0
33475589,0
84752219,0
33904719,0
88031937,0
56510435,0
76187889,0
79702317,0
140884812,0
142892398,0
130569743,0
57083099,0
174329426,0
56229240,0
119998134,0
131415361,0
77504652,0
82690932,0
164082408,0
62550149,0
119749331,0
39228009,0
165262241,0
129913336,0
36597473,0
66448396,0
38571107,0
116525435,0
103495268,0
92730116,0
114394558,0
60935532,0
188769634,0
160530821,0
184569811,0
42978340,0
87797850,0
116811841,0
75973058,0
94264020,0
78813421,0
124578736,0
78310782,0
33376350,0
105653119,0
135793231,0
89350428,0
67053166,0
102868252,0
72702251,0
122484465,0
114588022,0
88014369,0
75125288,0
147337204,0
118168181,0
45585978,0
41405569,0
41396943,0
84028303,0
143730436,0
205373900,0
95571456,0
185588414,0
121532571,0
72792025,0
87629741,0
153817862,0
161338658,0
56314109,0
131495986,0
80692110,0
109673877,0
120868209,0
142575475,0
39287818,0
115512429,0
38541430,0
62847511,0
142911851,0
88852042,0
102036896,0
102308221,0
143215598,0
204805737,0
44384896,0
31790749,0
81567376,0
198636524,0
114800801,0
99295001,0
154236600,0
116001290,0
121449143,0
89162471,0
84021335,0
77526750,0
179918356,0
60152003,0
60015467,0
45620877,0
124297343,0
179775533,0
78386985,0
110581120,0
107513756,0
134513183,0
88985084,0
84835775,0
79538580,0
113813564,0
59019486,0
66642620,0
135194600,0
84634899,0
77752764,0
167205131,0
78139683,0
36118994,0
123997998,0
42301966,0
36498500,0
61694761,0
79684799,0
62101240,0
194779206,0
60398941,0
119910334,0
108928149,0
99165413,0
61441674,0
178060659,0
127697165,0
205080645,0
120552756,0
80117857,0
73315489,0
162482940,0
165811158,0
141597003,0
106200724,0
122520637,0
81078910,0
117570182,0
152439365,0
150942738,0
40119885,0
73688886,0
151238895,0
84210575,0
174319902,0
53035881,0
59390228,0
126789675,0
72492917,0
124046912,0
56352423,0
154161295,0
161351064,0
78491485,0
121574872,0
151383080,0
39229005,0
115228855,0
146038315,0
133876258,0
127406012,0
82504515,0
100604352,0
64169751,0
66107441,0
77342396,0
36727367,0
93784801,0
122719056,0
154258185,0
93465974,0
76656508,0
126671467,0
107092383,0
166996310,0
43231090,0
61259403,0
149387446,0
75623990,0
37575975,0
109092853,0
111099215,0
82106079,0
111048170,0
127852483,0
60081347,0
140839955,0
91916199,0
32850280,0
98068792,0
155338136,0
74616036,0
83733814,0
142601067,0
137771060,0
150261735,0
89555498,0
67063815,0
112467044,0
35266152,0
66378075,0
146533196,0
115630854,0
116407621,0
91899223,0
92099418,0
131652518,0
87606755,0
104718210,0
141985845,0
98640666,0
139760921,0
161356058,0
83825650,0
134691744,0
41231933,0
107245954,0
32085524,0
117040125,0
151487659,0
76742364,0
120785097,0
129310411,0
100011584,0
142727595,0
109752518,0
111635697,0
43917956,0
91772507,0
65621077,0
41959352,0
126672474,0
33564613,0
38182541,0
45089389,0
101592675,0
43176048,0
144492863,0
84419899,0
88813343,0
58431366,0
31488334,0
63890294,0
37667032,0
144711504,0
44048205,0
194211141,0
67165620,0
139947841,0
87441508,0
77594249,0
59248303,0
101717515,0
131450813,0
83986446,0
82195458,0
58480053,0
136912010,0
114560505,0
86071716,0
105542905,0
62934156,0
117109123,0
72476464,0
167034407,0
99859848,0
119959682,0
134322335,0
140931801,0
85383804,0
128657754,0
76682297,0
90153725,0
80712560,0
121639360,0
111686171,0
173560100,0
110625563,0
60489248,0
159278250,0
131994786,0
91575688,0
73208957,0
65003338,0
95844183,0
103819099,0
205702963,0
126611351,0
179187768,0
155855501,0
162463586,0
180473136,0
34286396,0
164138428,0
89116775,0
154396241,0
66790911,0
104970043,0
174389117,0
154767466,0
98773363,0
62418953,0
129951946,0
141059435,0
41926250,0
107950525,0
41366870,0
58791222,0
133612740,0
79828638,0
93382200,0
134015548,0
61118396,0
59165063,0
74727099,0
75026721,0
75900200,0
136117981,0
81994908,0
136559024,0
38747467,0
86638497,0
128824452,0
175187697,0
91174627,0
111871344,0
78983465,0
134800398,0
150985562,0
113641556,0
35127958,0
40400330,0
145228514,0
125253757,0
132111425,0
79228616,0
57778443,0
147370020,0
109054648,0
93401298,0
62211454,0
38382884,0
44025218,0
112850587,0
42501361,0
127567647,0
35516534,0
63616442,0
139065232,0
72436196,0
73860479,0
36439895,0
128614891,0
206712791,0
94504266,0
73774406,0
147707788,0
91881300,0
118674985,0
41519306,0
84688175,0
44045688,0
105122588,0
44810563,0
194618026,0
75158845,0
123751544,0
107568286,0
208458507,0
128493593,0
41527350,0
62518991,0
144204888,0
116357178,0
121474558,0
45233574,0
87953188,0
63926959,0
115574173,0
63716519,0
56644080,0
62962975,0
131390203,0
120990286,0
175729785,0
158143739,0
146415560,0
87335351,0
66927714,0
71872069,0
75286340,0
45336879,0
43437256,0
192634502,0
103697999,0
145632664,0
111636112,0
76350846,0
67521824,0
104009109,0
66486829,0
72363309,0
146733510,0
122267610,0
149420766,0
128713271,0
75333399,0
39263312,0
64851218,0
80756934,0
113366954,0
88802240,0
83728563,0
175715454,0
31803234,0
143182791,0
93514532,0
39339160,0
39942558,0
77934632,0
80331850,0
144935791,0
111779734,0
39344154,0
116257692,0
77253747,0
94555598,0
112953724,0
192950517,0
63932131,0
126955405,0
92438025,0
121620588,0
61481775,0
76837724,0
98730055,0
74752158,0
130194955,0
156073856,0
116626233,0
121747048,0
114491596,0
147334411,0
87751108,0
75306771,0
127909194,0
77684713,0
89544484,0
80781677,0
102702531,0
105869204,0
103472923,0
140056644,0
72390707,0
139294542,0
86474504,0
162377503,0
125859258,0
42021028,0
103813424,0
69070030,0
136084217,0
95763992,0
146477236,0
106308154,0
150077026,0
78946177,0
92901748,0
100888814,0
63017949,0
63614093,0
115833418,0
146579860,0
166050773,0
81480800,0
163886112,0
35221235,0
129201372,0
78549873,0
58801496,0
40658282,0
108867402,0
66531844,0
44190061,0
128033077,0
45058043,0
104890287,0
128024145,0
127397712,0
180869539,0
126134995,0
135112446,0
180277195,0
76256898,0
212208641,0
96006232,0
31751369,0
126585542,0
103523761,0
41459556,0
108236862,0
113199319,0
164069469,0
175358204,0
92678616,0
111378624,0
150067867,0
90215252,0
121262263,0
55895618,0
104446698,0
32767987,0
97113562,0
194346207,0
31221075,0
142880012,0
108786402,0
63486755,0
72876420,0
88391013,0
63812422,0
90706797,0
128804841,0
81096448,0
72323989,0
151262977,0
113200957,0
159254751,0
127551678,0
152988983,0
105216231,0
101589210,0
96178289,0
63426718,0
111868827,0
93045005,0
84956845,0
132464767,0
138721069,0
164323019,0
175207949,0
116884156,0
108626998,0
124476102,0
75772971,0
76415463,0
83420908,0
90127077,0
179554631,0
62297705,0
116313544,0
117304759,0
43181101,0
111931608,0
78692440,0
140873107,0
130931583,0
82888324,0
38002233,0
63925696,0
101946589,0
61811183,0
145420073,0
112582459,0
93948153,0
132052770,0
89393074,0
144037637,0
119104224,0
123321960,0
92885927,0
176081054,0
55961508,0
118284623,0
163774250,0
84235041,0
114610830,0
99651837,0
113316649,0
130317516,0
91845651,0
114034219,0
97538508,0
134355654,0
43813150,0
78666305,0
177810169,0
45681723,0
41414294,0
132123110,0
138982268,0
129461012,0
192117976,0
152380196,0
150499642,0
204914174,0
69760093,0
99317435,0
122595133,0
164355609,0
107634353,0
120609230,0
107227814,0
137525899,0
119511582,0
125884465,0
151486908,0
80682428,0
76846468,0
135159524,0
92982067,0
108726819,0
112629863,0
65817452,0
40867902,0
157054095,0
176494620,0
91742968,0
77450685,0
163383966,0
82912209,0
118423320,0
71987909,0
85020218,0
122387634,0
155544540,0
39815852,0
90083739,0
40900087,0
61335862,0
77482327,0
109677469,0
105625000,0
82309067,0
165871560,0
113028782,0
62101280,0
40096040,0
43962231,0
63782725,0
80601734,0
108313441,0
125647791,0
166278445,0
162191254,0
146027744,0
33645790,0
152779452,0
99141460,0
72157222,0
34629760,0
92826532,0
115078344,0
121604432,0
63715227,0
96056241,0
128490820,0
73812207,0
34867667,0
65772960,0
62873596,0
55907452,0
194538013,0
99374757,0
76242912,0
105749268,0
145201185,0
63635105,0
149075794,0
122141368,0
191613165,0
125091728,0
31270512,0
156257194,0
78631406,0
96592506,0
77376505,0
41273514,0
39084495,0
167168091,0
113835652,0
125385438,0
76737567,0
121277403,0
40814389,0
134690757,0
127823171,0
116559584,0
142315806,0
32635419,0
135560200,0
125546924,0
176002719,0
81309069,0
195684920,0
95837768,0
57219389,0
148372802,0
118029247,0
59348785,0
115237017,0
84982240,0
146089854,0
83772029,0
83733922,0
110660235,0
65414960,0
117133116,0
132421064,0
62821218,0
33691289,0
86872012,0
67244952,0
107549257,0
178641574,0
84510127,0
133896718,0
86024657,0
82114300,0
149126652,0
82177505,0
96971657,0
111416355,0
82229410,0
32601764,0
113140151,0
164569157,0
124060206,0
166967471,0
86890458,0
125809781,0
103916384,0
111350130,0
135267507,0
205151084,0
130189023,0
157357152,0
207354513,0
59775241,0
71867312,0
176172496,0
61924594,0
120355779,0
102610527,0
161675360,0
38048620,0
39533818,0
63766647,0
103862822,0
89175311,0
74130452,0
116041331,0
74128616,0
76295290,0
122256625,0
56520631,0
56074376,0
74641569,0
86895857,0
31755712,0
77971574,0
45194303,0
88948014,0
61241262,0
85333114,0
113137733,0
120418145,0
79723596,0
87799577,0
131922274,0
81292330,0
44190574,0
145846341,0
45216568,0
59568660,0
117254049,0
155302468,0
78076853,0
59125624,0
150052658,0
59805827,0
174314691,0
74928064,0
94932518,0
128538628,0
55243277,0
159488256,0
114211536,0
150339912,0
100573786,0
141515341,0
77970409,0
83460968,0
85607163,0
61430680,0
87826136,0
41476620,0
79652486,0
94602518,0
164423749,0
120695244,0
75280843,0
74438986,0
119645927,0
91425571,0
33227822,0
149387496,0
118356641,0
58994526,0
111034668,0
35091934,0
141837752,0
129632161,0
162862723,0
89285002,0
43594677,0
126480302,0
42557845,0
101585549,0
76433514,0
35525417,0
99143276,0
116337044,0
65503905,0
193048847,0
94587062,0
91538124,0
78671121,0
72382752,0
106798822,0
93880112,0
41957378,0
120819552,0
96706609,0
62059591,0
194844938,0
50573355,0
144856982,0
45265551,0
33061855,0
113978564,0
179371076,0
33885671,0
131457939,0
127330598,0
84128647,0
130859347,0
149962420,0
92919553,0
40541396,0
145392201,0
84561676,0
99299650,0
40005348,0
108221525,0
43904720,0
42912815,0
73193619,0
77877802,0
82086547,0
124677955,0
102280556,0
104980712,0
115777576,0
191608566,0
80607241,0
72681752,0
34306540,0
193859004,0
125274306,0
115938036,0
92149487,0
87719554,0
73843858,0
124778279,0
38438815,0
43901157,0
109099634,0
89234223,0
139834706,0
58671533,0
193736798,0
154812027,0
78415755,0
104900374,0
93995576,0
113045472,0
84969745,0
31756590,0
112568918,0
185386995,0
32190280,0
175293479,0
194901570,0
77466487,0
60793449,0
56580292,0
136678693,0
44458326,0
87091334,0
142563237,0
113019673,0
158074711,0
142088667,0
95461568,0
56212630,0
94072747,0
87007581,0
131150668,0
152768338,0
94700029,0
77160045,0
184246908,0
120012129,0
175323966,0
35884424,0
104172402,0
91191918,0
137952168,0
41291289,0
144903024,0
94511925,0
194974684,0
116637327,0
84029497,0
129866712,0
89119045,0
97412078,0
42813428,0
96292223,0
191987352,0
93338804,0
88095221,0
167269748,0
64311252,0
62493330,0
119054462,0
91848118,0
96811345,0
121036298,0
155523833,0
85009203,0
72347617,0
90613875,0
84060359,0
78262599,0
107095916,0
83566395,0
180624398,0
125195448,0
134434739,0
43927638,0
128639111,0
44904867,0
195405758,0
164539795,0
95491986,0
110896721,0
40334421,0
99115345,0
125142339,0
162546165,0
162454891,0
154137697,0
146200995,0
198707575,0
117290813,0
181377735,0
45207617,0
154723467,0
161218387,0
117681620,0
66896555,0
41785272,0
35855594,0
31987667,0
166555899,0
56417819,0
180038400,0
86978031,0
81152892,0
97381877,0
99180760,0
78761971,0
67064457,0
133105926,0
109694514,0
119985264,0
156461712,0
116704854,0
99750523,0
102450975,0
99900432,0
57980789,0
75952776,0
61765960,0
72363467,0
81619083,0
138790275,0
37561328,0
126854163,0
113744092,0
156327189,0
155010900,0
99684041,0
112256861,0
120878680,0
63308224,0
159405381,0
86688003,0
32654783,0
97291511,0
182369995,0
93945291,0
126154823,0
98142942,0
115230000,0
92019346,0
110371381,0
116887906,0
119068319,0
44362700,0
43279234,0
44024893,0
154548173,0
149635677,0
84299895,0
89874977,0
88312303,0
97800970,0
171250110,0
156658828,0
64225189,0
174221462,0
72853927,0
145963315,0
72042636,0
63529096,0
61786153,0
56619781,0
112414291,0
67204477,0
39206384,0
116001704,0
163202780,0
80246863,0
126008466,0
88874723,0
164161513,0
136473119,0
94818109,0
106194121,0
67082933,0
143029783,0
151128316,0
60032315,0
87713041,0
32558545,0
75500205,0
107862913,0
163739637,0
208161304,0
85284980,0
94406626,0
106616313,0
78868276,0
192099411,0
98706684,0
76236418,0
107743363,0
110743485,0
89834403,0
78597987,0
207404542,0
128718048,0
85576301,0
112227805,0
89182141,0
83418519,0
88957065,0
130009219,0
73225113,0
85290003,0
107298095,0
91654654,0
78629748,0
115009395,0
44862862,0
139928043,0
75345084,0
77926489,0
129244848,0
103806822,0
75133115,0
108909960,0
136958910,0
100672038,0
161644537,0
165881519,0
102039837,0
106800184,0
89224195,0
137916519,0
60091858,0
119825939,0
32744182,0
140124902,0
62912443,0
62932685,0
39426082,0
142059413,0
175523026,0
77335981,0
65966019,0
93684516,0
144030610,0
163072165,0
152311435,0
44866040,0
35784267,0
40274690,0
113721816,0
31981676,0
124676938,0
157085629,0
117203230,0
206681998,0
159965727,0
85251038,0
111123139,0
88727073,0
75547411,0
86307056,0
72241212,0
84798556,0
159824118,0
109162246,0
133816833,0
195426573,0
178217843,0
31527803,0
81303710,0
35028492,0
33100100,0
115473858,0
116818611,0
100557008,0
116324579,0
88684821,0
78440824,0
86635181,0
147920527,0
43963050,0
115642362,0
166032583,0
71822159,0
108929353,0
121581515,0
133495755,0
127472602,0
88910184,0
85248275,0
31317531,0
111753314,0
198558386,0
194896921,0
92607594,0
88853829,0
116713224,0
81324515,0
141012761,0
66258870,0
63219496,0
38036501,0
65371346,0
179235369,0
205907106,0
175820565,0
59389576,0
194809674,0
137019934,0
112838437,0
89811605,0
40373949,0
72113233,0
76561256,0
133810704,0
63833701,0
136558303,0
198748810,0
113228740,0
145317182,0
66985253,0
110075520,0
63809106,0
108197058,0
115814547,0
213338730,0
64380635,0
115374491,0
152112385,0
112836976,0
115814093,0
108061450,0
162196169,0
33949843,0
126482237,0
125561087,0
64255864,0
136558560,0
115688443,0
81048571,0
136033734,0
128106922,0
126451720,0
60688703,0
121212253,0
40858813,0
31418378,0
72125264,0
81405910,0
135651079,0
33680156,0
112126523,0
77182400,0
92525292,0
204910266,0
96362683,0
145360322,0
33385331,0
87684794,0
151106504,0
126989475,0
124701000,0
99959502,0
130740231,0
79667853,0
122079456,0
36263584,0
67282842,0
65826996,0
180243717,0
118022989,0
106390783,0
136187917,0
118232561,0
36469336,0
115766304,0
90553621,0
56813412,0
31165233,0
167094760,0
205674469,0
145146527,0
42079939,0
119206246,0
180038390,0
126784730,0
149802424,0
65435222,0
76845027,0
81393395,0
115875975,0
75823425,0
146943436,0
103110442,0
57634287,0
74722283,0
34638929,0
75412671,0
114379418,0
121133178,0
110561095,0
130459441,0
85164087,0
176040332,0
213942069,0
106091161,0
182466441,0
136517966,0
38502672,0
107411339,0
146407941,0
87736481,0
152672396,0
102094307,0
208586012,0
89977601,0
83361641,0
41623588,0
161947712,0
144650747,0
79218302,0
77277059,0
94865414,0
178653704,0
78564608,0
84189256,0
87642364,0
77049180,0
86075121,0
100044400,0
178508039,0
115157478,0
141881366,0
107448952,0
77968060,0
103637291,0
156983133,0
62657314,0
212314769,0
153496004,0
74216574,0
76398803,0
41939317,0
144776377,0
33489633,0
37221577,0
194922957,0
82735750,0
89169676,0
42288415,0
103164379,0
116234449,0
90258688,0
62255315,0
161094642,0
145655749,0
185422081,0
79339935,0
69909054,0
115054291,0
118001326,0
40844462,0
84835755,0
133952629,0
90230194,0
127205195,0
167143723,0
72096711,0
88498296,0
134380871,0
32721058,0
118019417,0
105839526,0
165382847,0
143592183,0
178801205,0
84957023,0
41547810,0
62480954,0
31609256,0
124875604,0
55948322,0
41988714,0
75492862,0
87381096,0
87591408,0
60898215,0
134510795,0
88515854,0
67026212,0
62046128,0
185764251,0
65314073,0
144962202,0
84960961,0
76085117,0
121146571,0
143098120,0
94606949,0
72366527,0
84738737,0
177142451,0
126215077,0
75677345,0
173632178,0
135715113,0
77597249,0
154138664,0
103664166,0
166343327,0
106100616,0
75917847,0
39442337,0
41506486,0
66034939,0
118569006,0
149623636,0
62905949,0
66504120,0
63932042,0
163642777,0
123069969,0
129929581,0
98890239,0
114148015,0
87966028,0
160085505,0
79905572,0
44108873,0
62134037,0
208584611,0
144077915,0
44634587,0
56061122,0
131708508,0
97643797,0
191990135,0
134043143,0
99091677,0
31964888,0
79891202,0
90338385,0
138389677,0
77861054,0
127556366,0
58470292,0
82876471,0
45350716,0
64723584,0
159091863,0
131203096,0
131125323,0
63650600,0
38803300,0
31606769,0
175031767,0
94764231,0
80329836,0
75952815,0
63496506,0
74081884,0
186002335,0
177173096,0
162892440,0
77292101,0
71858696,0
152847384,0
83279239,0
178171919,0
142568616,0
113435084,0
95906875,0
101130945,0
84254899,0
74442845,0
89508302,0
107245796,0
65023216,0
114411464,0
125438931,0
139009410,0
61882787,0
176525166,0
144454934,0
75397127,0
123464714,0
111132999,0
86883944,0
121100825,0
91673653,0
83685413,0
129619231,0
76541961,0
32156408,0
75541953,0
61857974,0
205808232,0
58912815,0
165365447,0
208592299,0
96057001,0
108747042,0
45485594,0
32858166,0
85414617,0
138327499,0
78066460,0
59150683,0
175588452,0
90925932,0
41373828,0
92942697,0
196370946,0
57007775,0
134088188,0
53191495,0
175368093,0
142628692,0
104076943,0
66754759,0
179955663,0
125602539,0
149057851,0
42559059,0
59246408,0
61456272,0
41276998,0
92698671,0
106521851,0
89319378,0
71403757,0
91235295,0
140342142,0
184511373,0
162775436,0
41412784,0
113196556,0
105582551,0
109885945,0
153700976,0
85201967,0
91957405,0
106602683,0
74766805,0
88392879,0
80383320,0
178721104,0
97363401,0
63928686,0
193430604,0
133454096,0
179739528,0
63918402,0
155097427,0
87232430,0
86392922,0
113064194,0
108569725,0
141669455,0
36698982,0
180679065,0
163131176,0
107868953,0
40979952,0
59568996,0
139957395,0
102486032,0
156092016,0
81140634,0
77963293,0
39026757,0
56547713,0
125983970,0
125738098,0
144960514,0
144637788,0
119020856,0
128956033,0
109950581,0
207383125,0
106410512,0
209957660,0
39806002,0
120456232,0
120678969,0
128625145,0
91425314,0
142078008,0
63913507,0
42235514,0
35010401,0
38679209,0
126251012,0
67598077,0
94050827,0
155003705,0
145223885,0
75827076,0
100676538,0
91325730,0
116774109,0
33201678,0
112495498,0
79592251,0
81333901,0
63615968,0
146728713,0
103115969,0
58012115,0
114026619,0
36648874,0
72508619,0
106646001,0
31647857,0
83812287,0
104195891,0
111014406,0
56884799,0
112493258,0
85370135,0
157393008,0
163560385,0
117089779,0
44102152,0
76325254,0
124446917,0
78778256,0
115907311,0
113705916,0
105114080,0
160132889,0
87688998,0
62879695,0
78801716,0
117096924,0
98938787,0
143134035,0
132604135,0
77428429,0
180168856,0
95286057,0
119013059,0
43854524,0
97222611,0
68460848,0
173960372,0
87028830,0
112465603,0
131472467,0
75714198,0
113427327,0
147459656,0
100872924,0
59382155,0
149678382,0
113662588,0
90524476,0
127118807,0
96032702,0
164270217,0
79847104,0
128046628,0
80565069,0
102632437,0
78256045,0
185453437,0
39282291,0
76084436,0
84801083,0
42960259,0
60017609,0
43873759,0
173398722,0
32188247,0
107738951,0
69676388,0
103004018,0
76548870,0
64247948,0
113846666,0
177850555,0
78494603,0
92457902,0
38266344,0
34173903,0
138926001,0
204322028,0
78940236,0
106994112,0
125825504,0
122821808,0
35165798,0
78188201,0
175741401,0
42187271,0
137063864,0
114408661,0
153157901,0
156088167,0
127711328,0
133494225,0
78693535,0
32141801,0
132633478,0
155778459,0
87045609,0
105848941,0
159769342,0
130909830,0
175016617,0
129591251,0
38019397,0
75408240,0
85068875,0
39888838,0
96932198,0
39993150,0
143593742,0
177711937,0
133055561,0
65856911,0
120098607,0
63917149,0
103830262,0
114354181,0
56960618,0
78312371,0
203556887,0
137619463,0
38016031,0
79975162,0
69856992,0
147484063,0
120355187,0
87764382,0
39077606,0
103287088,0
163054519,0
78722433,0
115371599,0
63672679,0
123572747,0
206007203,0
81698010,0
42642033,0
131074337,0
72934424,0
88149208,0
161790588,0
73708398,0
108343612,0
59785831,0
132995435,0
121859571,0
37582509,0
121272300,0
123955223,0
75968991,0
133637651,0
87068506,0
42934667,0
133055176,0
99228460,0
76506056,0
95842012,0
181259250,0
76483928,0
83389878,0
41200824,0
97825042,0
72407367,0
133479026,0
196242266,0
145275167,0
74752316,0
40736163,0
107364014,0
67433689,0
143089346,0
160526883,0
95915965,0
64521218,0
65486051,0
93019996,0
45366991,0
76085709,0
131688591,0
127371952,0
199040872,0
116121097,0
60158379,0
75163267,0
79686467,0
102739878,0
87840329,0
32907119,0
93838127,0
81753527,0
42797775,0
135978099,0
61986585,0
115049031,0
61169777,0
140427346,0
136620087,0
125412510,0
98715379,0
118059181,0
40653920,0
119659755,0
76244778,0
33305003,0
142219587,0
62822896,0
147433215,0
162724884,0
97451774,0
58756234,0
107021431,0
212423739,0
115833428,0
137867171,0
127913428,0
192182434,0
194649302,0
151012121,0
91857583,0
37796304,0
99916678,0
184808212,0
159922558,0
113776207,0
162200127,0
61176863,0
136766601,0
114544724,0
62499370,0
106746681,0
194565855,0
100740405,0
106222387,0
77461542,0
80483447,0
60409561,0
156196506,0
112251600,0
192032673,0
125344834,0
85811553,0
32738892,0
89115551,0
89134688,0
126993038,0
41494721,0
45379920,0
38821716,0
85347454,0
128363522,0
137076921,0
77212867,0
39083103,0
119270073,0
75224241,0
185572237,0
37548192,0
87398891,0
74186580,0
130224485,0
67097076,0
137590723,0
115188034,0
87379754,0
75997534,0
125502698,0
84495165,0
194240247,0
85861927,0
41955908,0
86985710,0
78759267,0
121159550,0
83700839,0
81233586,0
164300981,0
77335655,0
147190097,0
89868483,0
103122542,0
40152544,0
75824382,0
161115378,0
85896708,0
113618560,0
194870737,0
103774054,0
104165049,0
162750831,0
166601487,0
144807072,0
105832311,0
148178193,0
81766811,0
96913041,0
96105846,0
127006037,0
93733835,0
173209127,0
102710930,0
136126281,0
37174213,0
60597883,0
125622979,0
87107856,0
138029506,0
34574559,0
159767092,0
95263702,0
112994466,0
57068709,0
120892172,0
111236206,0
78246807,0
141718724,0
43955292,0
74599722,0
95829201,0
43368979,0
95301809,0
84755021,0
104902279,0
196067061,0
65310934,0
85081962,0
121792803,0
99123013,0
65159209,0
138721049,0
75105302,0
78681553,0
45615508,0
60128158,0
91003113,0
135694476,0
134477593,0
64610804,0
42914108,0
77521421,0
106903282,0
103009920,0
137267967,0
118199961,0
34092705,0
191412872,0
32945374,0
132486332,0
143262252,0
85729704,0
68288347,0
110555153,0
126807411,0
101513066,0
62938864,0
95051644,0
136678239,0
36716046,0
203919792,0
73262322,0
31504708,0
76180142,0
39449196,0
80358221,0
142584970,0
114806101,0
66392505,0
73896898,0
98311071,0
41491474,0
86800546,0
98620542,0
142440824,0
94586233,0
89527291,0
193891958,0
161151797,0
105641176,0
127764269,0
116235900,0
42243400,0
67662170,0
149966851,0
117046580,0
37101740,0
43990852,0
89078096,0
145856684,0
39124368,0
65359957,0
35615497,0
33211804,0
78933495,0
128939087,0
75316255,0
106218143,0
149408034,0
113733107,0
144865046,0
76690588,0
64730424,0
150139500,0
175915560,0
62958119,0
92666970,0
94712278,0
109288311,0
87106948,0
75329204,0
131235527,0
62998447,0
40036911,0
38491854,0
115617086,0
83033180,0
144090361,0
59226353,0
39730964,0
153097648,0
147694829,0
143701893,0
164043473,0
86029108,0
83804184,0
77994807,0
94706316,0
99010816,0
40023597,0
72013975,0
80830689,0
185389956,0
114241441,0
64193330,0
97547262,0
112117680,0
143225823,0
84776636,0
126064950,0
162312265,0
67527667,0
60178030,0
176854811,0
96912380,0
119742186,0
106415368,0
40056187,0
57920891,0
87204963,0
134690283,0
133046254,0
211717924,0
131873232,0
128597609,0
212534979,0
91853241,0
106397158,0
65677857,0
76114913,0
140910108,0
42540929,0
105845053,0
115744108,0
59889255,0
143071531,0
123486092,0
59876868,0
140867175,0
77901835,0
130850326,0
208251561,0
116192464,0
66821911,0
147897886,0
141564147,0
174943108,0
107078595,0
67148329,0
36463463,0
117906903,0
74768778,0
119334601,0
114646548,0
35906522,0
157611827,0
109555284,0
55815309,0
115831592,0
36149906,0
148991280,0
90166062,0
33555651,0
100363080,0
33025495,0
150295618,0
138597837,0
36929526,0
132482709,0
64096331,0
111202836,0
73841361,0
141521145,0
153175193,0
64289865,0
163598729,0
100930947,0
36004991,0
32320746,0
113458929,0
44833272,0
147213735,0
34799448,0
78306232,0
40370060,0
63983561,0
166824549,0
58031578,0
78368322,0
180323631,0
109900947,0
84231666,0
128082504,0
40192752,0
81341352,0
161283053,0
75755255,0
78454306,0
130706043,0
66559923,0
75436803,0
134357441,0
63936098,0
40548019,0
106138486,0
155232591,0
43433062,0
64100467,0
91770721,0
74019093,0
78238309,0
70250395,0
101906400,0
86906062,0
124815221,0
132974453,0
102990546,0
31301335,0
78948862,0
98431559,0
164603099,0
193793055,0
161753784,0
203922368,0
81732663,0
36667725,0
39355336,0
56447319,0
120352670,0
115666237,0
112947003,0
120747128,0
155655661,0
86928456,0
141760700,0
143256853,0
84798290,0
90258500,0
196673568,0
104877151,0
78969460,0
44739373,0
93581744,0
86034734,0
77981690,0
75735042,0
132499646,0
151757059,0
142624665,0
153820083,0
162908143,0
161608424,0
102537146,0
120498799,0
144468258,0
194092005,0
96684590,0
133679152,0
134174439,0
128485678,0
32377694,0
60365157,0
57962945,0
150393968,0
43349506,0
119000416,0
87167636,0
34810374,0
174978915,0
166120225,0
105637475,0
116186907,0
76173144,0
36290735,0
89181164,0
157514108,0
34748077,0
79877226,0
153756187,0
84850934,0
180296539,0
35111545,0
85814296,0
111840817,0
89075115,0
41309834,0
132730002,0
148219290,0
61932894,0
193697261,0
75394383,0
56054667,0
48724611,0
75599365,0
117366986,0
32798277,0
99672069,0
66628280,0
60014786,0
71740093,0
185209293,0
39575843,0
33089332,0
107407342,0
143779705,0
140661196,0
99732837,0
58025439,0
192694923,0
96932850,0
140724214,0
161737420,0
98932155,0
111081983,0
78219330,0
43857129,0
73122223,0
65072544,0
85939946,0
98551504,0
98740211,0
44791692,0
122835073,0
75903803,0
125801284,0
37616944,0
132262765,0
41176150,0
92817363,0
142354811,0
89380984,0
139766862,0
42247989,0
142877584,0
59019417,0
64078398,0
75293861,0
67136258,0
125033468,0
75404253,0
84689793,0
185429168,0
78015878,0
98922838,0
90965944,0
117112311,0
60954037,0
104177001,0
89160684,0
36258057,0
157021694,0
36871108,0
100555389,0
195062128,0
89011061,0
133424141,0
110436580,0
174925767,0
63892445,0
125629849,0
104471993,0
40983318,0
175021858,0
44474414,0
104980870,0
124875594,0
78398414,0
126816135,0
40819423,0
179232063,0
40028187,0
63849651,0
95197063,0
176172308,0
114211398,0
128407155,0
194936814,0
140036865,0
80066999,0
111516798,0
35502272,0
72511195,0
44898955,0
113689088,0
32960997,0
44085591,0
67045379,0
133950112,0
155630099,0
31126199,0
39622615,0
114374621,0
34539206,0
68756976,0
75390386,0
85472325,0
79663322,0
96137044,0
34782936,0
109225678,0
64744764,0
131608766,0
121730437,0
87552156,0
81814827,0
98969225,0
115905841,0
64433675,0
73542115,0
118610014,0
116432513,0
126351593,0
93778258,0
83967654,0
118556047,0
107463549,0
101587463,0
86910385,0
33327347,0
41021740,0
116898299,0
141569526,0
74016744,0
93698867,0
36786732,0
149798614,0
88600308,0
83520867,0
42035111,0
154376482,0
80501183,0
74719539,0
209888435,0
91733177,0
134581056,0
196166616,0
31466295,0
116424627,0
73784779,0
108270883,0
144261549,0
102253435,0
209806527,0
88057786,0
155943735,0
108114164,0
207306566,0
36709443,0
83428487,0
140329025,0
108743982,0
160941229,0
185890384,0
35383808,0
83687950,0
43270983,0
41302185,0
123816467,0
112337574,0
42186205,0
141913965,0
56543025,0
125956444,0
147641158,0
85199312,0
111775224,0
40186357,0
132184035,0
125481281,0
154384604,0
180493063,0
106202234,0
129285175,0
92842057,0
53820633,0
75499702,0
86567298,0
132864219,0
36436203,0
134544253,0
77315679,0
123737155,0
42361193,0
166986510,0
127283017,0
118122978,0
45257241,0
151725190,0
113206336,0
94741383,0
84957398,0
90203359,0
85434080,0
76324761,0
149356683,0
127895258,0
141364021,0
83487054,0
133481198,0
161409157,0
111864801,0
34526465,0
153007676,0
78318352,0
193504043,0
71276153,0
56552687,0
56412272,0
185677655,0
94296777,0
169384399,0
99223831,0
124943023,0
61455423,0
61900572,0
157352848,0
37651428,0
87390245,0
75437049,0
38114905,0
110859868,0
120686598,0
175524112,0
155361754,0
91523300,0
63701755,0
42351738,0
40348899,0
133786089,0
88942704,0
195131225,0
185835884,0
118054404,0
164474449,0
59760614,0
139218655,0
124932591,0
124874005,0
84915551,0
61265305,0
114471195,0
116304040,0
60656459,0
96090163,0
126225341,0
117344671,0
111234676,0
111172714,0
100545144,0
77871229,0
108505572,0
129546167,0
66850444,0
127411628,0
127052167,0
65556421,0
78169933,0
135775022,0
137265184,0
60228019,0
199568303,0
143784462,0
129808965,0
147392138,0
58595646,0
60312335,0
166488430,0
82372805,0
87119167,0
41093640,0
106849492,0
133069398,0
155872566,0
127420915,0
89566513,0
130413014,0
85169298,0
124204490,0
76060798,0
127159529,0
136988529,0
40996178,0
79956094,0
198796855,0
71846448,0
83089664,0
107031952,0
88576493,0
180673538,0
213751911,0
122086838,0
34224544,0
110358008,0
79896294,0
105904616,0
210585920,0
119366391,0
104914833,0
69814563,0
162521422,0
40569475,0
113097445,0
32944604,0
99920083,0
150561386,0
125495494,0
175714911,0
180264769,0
92929600,0
94007736,0
113189992,0
58367016,0
112402783,0
79210288,0
132182279,0
178821241,0
87661748,0
39491033,0
38223016,0
79559751,0
117152125,0
74913200,0
185241892,0
174103037,0
164181519,0
164025461,0
59479025,0
78286611,0
152999869,0
39104135,0
84229514,0
71066581,0
192225091,0
164419554,0
156920155,0
128688745,0
193452712,0
34734111,0
81309178,0
133276699,0
117146638,0
128834035,0
117688528,0
60307746,0
159559958,0
95315389,0
119664522,0
32889137,0
58247604,0
112338927,0
40407091,0
99833674,0
175941073,0
140047652,0
108630699,0
92838217,0
131776233,0
86796885,0
105625099,0
31913754,0
194558729,0
91868479,0
62194794,0
142979408,0
92248548,0
128171745,0
83873301,0
101913881,0
117666243,0
86051838,0
155187368,0
161133657,0
121695499,0
156848837,0
81713328,0
84977996,0
51342434,0
44118082,0
126845774,0
162942627,0
79703482,0
112332995,0
146513319,0
33251401,0
118501270,0
64778548,0
137854567,0
207118817,0
78444959,0
193930489,0
126023330,0
66067913,0
116822273,0
184982805,0
68418014,0
71454664,0
128120877,0
61414523,0
103725999,0
114984987,0
104102396,0
86078614,0
88085095,0
75978229,0
92672813,0
137804548,0
174075402,0
148107744,0
84586320,0
40353005,0
102854711,0
112149420,0
56964417,0
32755285,0
38725103,0
32308952,0
129204432,0
38159288,0
79693642,0
81583118,0
130578211,0
66475034,0
94121562,0
39424236,0
62709484,0
133769143,0
112416393,0
123808650,0
32423963,0
79666708,0
90985002,0
34589068,0
80460125,0
134223412,0
116025984,0
34862831,0
148570993,0
152152929,0
61009514,0
89375240,0
87668835,0
105640860,0
88159620,0
86219345,0
164411303,0
151190416,0
129019742,0
131670964,0
59099864,0
102124607,0
72966115,0
90693217,0
202707331,0
164626253,0
75968222,0
162393364,0
133083828,0
122100527,0
191489529,0
41957408,0
93909681,0
204611474,0
115021485,0
154890392,0
89359241,0
86911106,0
121388712,0
115556960,0
31732577,0
92591102,0
39347026,0
43562028,0
60258427,0
123725824,0
192258845,0
115167634,0
125587942,0
116755446,0
117190557,0
150788585,0
106610983,0
72374245,0
118542575,0
114322342,0
38797230,0
83749556,0
131746338,0
127878519,0
122569363,0
141519881,0
138807477,0
90995424,0
63280234,0
109443520,0
66422311,0
176562197,0
112357146,0
80438886,0
77784535,0
194074457,0
35679600,0
84232465,0
80331485,0
60138768,0
58863763,0
74728589,0
148035143,0
126975263,0
79653068,0
124566112,0
73537180,0
76121418,0
130157253,0
124627511,0
125177525,0
108360913,0
35607088,0
151482378,0
58330025,0
190274561,0
77583797,0
176798238,0
100587110,0
203781825,0
43812134,0
40285389,0
126347961,0
114758144,0
71224209,0
88080703,0
174973704,0
108359265,0
39303343,0
125926568,0
65985916,0
46464323,0
189920232,0
39426733,0
37104997,0
177224615,0
59749383,0
78778552,0
184422192,0
111747944,0
32324546,0
80568365,0
39017746,0
152775306,0
116897519,0
153970278,0
143175587,0
192817001,0
121275577,0
66163066,0
71482319,0
75879464,0
115192347,0
79218124,0
141419626,0
82486177,0
99861970,0
160889355,0
142676481,0
78913677,0
77014222,0
89323365,0
66832304,0
41412823,0
63114345,0
81704662,0
135120953,0
116090146,0
41310011,0
42922330,0
86159673,0
195253312,0
64450571,0
177146270,0
109188124,0
129307470,0
92288490,0
31635066,0
192200446,0
97347057,0
151423565,0
84309774,0
31962490,0
92531608,0
124884417,0
207098160,0
142857627,0
121116222,0
144188247,0
203716044,0
135239043,0
123435579,0
129876571,0
90489350,0
77758262,0
94521074,0
84735677,0
147376880,0
56499490,0
59126167,0
98709931,0
82470485,0
114701976,0
136594554,0
75926473,0
193991799,0
67562497,0
62470887,0
103114558,0
75256939,0
160625096,0
61325253,0
180445659,0
120879657,0
161947731,0
76207994,0
61218967,0
37109478,0
43891969,0
74577308,0
76715311,0
71953661,0
150279431,0
90378199,0
87374799,0
62406478,0
204059861,0
104401317,0
44533710,0
111870732,0
136727340,0
67866846,0
102302339,0
66360083,0
104110667,0
35674971,0
104007846,0
34735592,0
75927756,0
205412214,0
58659690,0
129628637,0
75633563,0
44488468,0
81356660,0
106250634,0
133078735,0
84281843,0
116428979,0
111478613,0
109707730,0
78367986,0
72801608,0
78467403,0
76498397,0
72149800,0
80564624,0
37026129,0
131736804,0
174140581,0
122177737,0
178166175,0
37854258,0
207212874,0
145157314,0
85519630,0
164320187,0
35019678,0
55896033,0
107016071,0
82425686,0
65069168,0
93940583,0
76529121,0
34628270,0
56415628,0
143666392,0
64366788,0
133744815,0
65754622,0
37604419,0
106199539,0
116069084,0
195501207,0
98747998,0
139111767,0
78183790,0
119659508,0
39380158,0
60221989,0
107889670,0
96493376,0
90729399,0
69783671,0
117119200,0
31757863,0
63017386,0
125707828,0
87094710,0
210463882,0
80262447,0
100813311,0
107260887,0
110533786,0
106225003,0
78683034,0
115228786,0
38306790,0
60921369,0
71890575,0
85226956,0
100393557,0
161136529,0
162183339,0
160883413,0
60290040,0
139346338,0
137561410,0
195690250,0
150696728,0
87078346,0
194105803,0
90844715,0
93768131,0
134328128,0
63652120,0
90623192,0
113141503,0
107048236,0
117106399,0
39042292,0
111902315,0
83491722,0
88795420,0
136033497,0
193678193,0
183656409,0
33169562,0
97390523,0
67431517,0
86864176,0
42260069,0
136553299,0
127116704,0
59976936,0
82301507,0
111339205,0
119327929,0
207252481,0
106610885,0
116253251,0
66977664,0
114266677,0
130892460,0
96358222,0
76328600,0
43222089,0
135586256,0
42614980,0
148650266,0
94101892,0
179165009,0
149217936,0
60972829,0
78167308,0
35145792,0
78281035,0
100189474,0
121180444,0
96054623,0
115364375,0
37608653,0
105008791,0
43289173,0
89427707,0
146813671,0
92960620,0
141523908,0
154998997,0
166278464,0
61799073,0
120443530,0
114828149,0
108058055,0
80755947,0
158464077,0
122968056,0
83606604,0
90968046,0
41505893,0
31520509,0
135501357,0
71858351,0
93019492,0
134295154,0
135873678,0
184827684,0
73281094,0
118548793,0
58843699,0
88088737,0
37937597,0
78368924,0
199944681,0
155379717,0
87891355,0
60661512,0
116444780,0
57128776,0
121030287,0
132724199,0
195275302,0
81508751,0
165578936,0
41889160,0
99489097,0
111969339,0
64792435,0
139782515,0
78344901,0
159426827,0
106819528,0
32201176,0
42913427,0
32331929,0
62852771,0
175405262,0
139427131,0
78748696,0
99367730,0
153658330,0
185319141,0
43097446,0
181331081,0
103252397,0
34023223,0
68755772,0
116902355,0
97433900,0
127239640,0
87065743,0
78264592,0
135886213,0
106729152,0
132474261,0
38399307,0
146426407,0
95781166,0
77552944,0
118994691,0
88015485,0
89165027,0
163026134,0
103571945,0
155057879,0
180471113,0
121636123,0
112767119,0
60084436,0
144994130,0
133154879,0
153649812,0
61904085,0
67306114,0
146026224,0
101845060,0
74779813,0
98898381,0
116223563,0
121284222,0
59073720,0
67201516,0
140952488,0
74253911,0
121410465,0
115564027,0
77754521,0
131257586,0
39283801,0
192968272,0
134594824,0
64906103,0
31849690,0
92194384,0
116093659,0
36065412,0
44739541,0
76420526,0
62970219,0
98777360,0
121825837,0
83398247,0
118561633,0
143807291,0
71121871,0
184526908,0
74032170,0
88695214,0
32382500,0
121525633,0
148630033,0
72194490,0
43706618,0
69788665,0
90286816,0
145235906,0
95903055,0
128965656,0
91930549,0
144816527,0
34681348,0
45383029,0
157306175,0
92190090,0
92332301,0
94784523,0
77094116,0
212529640,0
132566443,0
140059743,0
189473692,0
113541933,0
83261859,0
88515706,0
78619177,0
71567434,0
206807164,0
163815495,0
194576860,0
151169324,0
62493518,0
79808613,0
63914514,0
111867712,0
31915816,0
179530865,0
78376790,0
178241727,0
115456517,0
116814298,0
79832369,0
133243567,0
34934583,0
154316919,0
125377966,0
96159319,0
121463918,0
117708198,0
81092135,0
43076009,0
82372963,0
95418023,0
167095786,0
180645617,0
88002960,0
133692466,0
41860242,0
96237862,0
162043930,0
57816786,0
100385740,0
128364923,0
78202660,0
55834486,0
97105005,0
45257705,0
103006367,0
78262332,0
40883575,0
65721362,0
78401592,0
35850137,0
128917206,0
194785296,0
88102219,0
164786545,0
106308174,0
57848310,0
39536049,0
59570220,0
73818582,0
60089766,0
151207431,0
121379089,0
76857690,0
32693640,0
37070671,0
86518434,0
56236021,0
97132502,0
130755025,0
153781581,0
200343195,0
61352483,0
179350686,0
63096146,0
79769233,0
35253045,0
151158073,0
66196938,0
43709737,0
118476616,0
148019973,0
162042075,0
77477955,0
163619326,0
176262200,0
122442736,0
125586580,0
81236922,0
62913696,0
156516577,0
177014906,0
89489036,0
96761247,0
67397655,0
78115344,0
76676652,0
39010571,0
90264975,0
38624551,0
57662712,0
120622061,0
106665691,0
40198339,0
99870557,0
207352717,0
165656284,0
95152432,0
62394249,0
156018290,0
90342935,0
68428841,0
84425387,0
127404542,0
43126364,0
118264617,0
157357309,0
78814675,0
113603144,0
77676245,0
94436985,0
81704129,0
108001660,0
67721289,0
57065265,0
135990959,0
135899487,0
166424298,0
125030221,0
45219727,0
195153235,0
92799884,0
65403817,0
79558507,0
115996138,0
181101573,0
163594544,0
88130515,0
146926628,0
33854118,0
122892405,0
99614915,0
84957062,0
98832442,0
78459408,0
112090864,0
62541356,0
51048685,0
192924569,0
135815556,0
97973293,0
121490379,0
66753920,0
43377486,0
67292208,0
35211899,0
82377700,0
102807495,0
108397283,0
75096666,0
96119693,0
103686156,0
108267330,0
95667497,0
31365556,0
111906737,0
107132927,0
107082622,0
139709737,0
119507309,0
130262601,0
131175095,0
213410976,0
141656724,0
84287992,0
62694453,0
39227426,0
192806726,0
72089497,0
72378350,0
82242418,0
39454328,0
106766291,0
45306806,0
113644715,0
87125128,0
65844939,0
111960407,0
110847304,0
144366394,0
38232698,0
141814193,0
94327541,0
114091344,0
71526989,0
135920253,0
153041045,0
198790677,0
180788065,0
122851387,0
144917384,0
125362461,0
108328373,0
41580962,0
136365619,0
135803209,0
88859306,0
139614663,0
63326108,0
58401086,0
107351263,0
80323372,0
177936075,0
94086091,0
125297677,0
90749000,0
124242054,0
44450233,0
124561227,0
68289028,0
154190933,0
152884819,0
141081030,0
32463362,0
115986446,0
138247900,0
35745835,0
42024827,0
163137927,0
34197817,0
121055988,0
74241821,0
115651758,0
71036025,0
60091799,0
87210589,0
78354889,0
66708914,0
75726278,0
139897279,0
88906562,0
133133126,0
40541110,0
44632722,0
33902350,0
62500535,0
82799656,0
68346272,0
43754772,0
43087932,0
113500530,0
62260575,0
115565873,0
36785765,0
79880365,0
152238341,0
115585513,0
75492033,0
153374520,0
39456519,0
151579781,0
185394713,0
132474231,0
65362167,0
77912228,0
81366046,0
193907444,0
102199063,0
60013197,0
86780353,0
81735347,0
64377171,0
44570139,0
191855987,0
84486193,0
86091474,0
101758652,0
75770306,0
57072361,0
195028710,0
163583223,0
88121701,0
136913264,0
141606744,0
31705752,0
195003167,0
87097651,0
67601383,0
155729999,0
76058005,0
77036014,0
75962132,0
82687596,0
84039998,0
163612842,0
146085235,0
109698748,0
31571584,0
110076655,0
161784903,0
81932344,0
56324314,0
159603503,0
85376432,0
196556001,0
116651894,0
149108354,0
137805722,0
39793468,0
144156171,0
194968249,0
41779153,0
75644518,0
84604184,0
87442051,0
63841469,0
66827902,0
78313842,0
41600109,0
111971955,0
104271788,0
194611877,0
38871903,0
192441946,0
176343023,0
35351248,0
82116018,0
118329983,0
78465912,0
128237576,0
63349508,0
180026675,0
63198355,0
165708968,0
82330830,0
91523320,0
81414121,0
199001413,0
192701655,0
60714748,0
34184276,0
141709625,0
115225983,0
36579629,0
154942059,0
121810243,0
132991409,0
127258689,0
55773107,0
77526612,0
91411290,0
86092373,0
85443347,0
109209877,0
74072656,0
72441940,0
81944257,0
149105116,0
125326763,0
56904677,0
111185071,0
59028645,0
80746205,0
115684989,0
138771562,0
137018947,0
43569914,0
40989703,0
112576725,0
70423399,0
160129237,0
129601703,0
95899887,0
182058876,0
170247683,0
148376138,0
31925873,0
145885405,0
184618123,0
132973762,0
56224799,0
86556787,0
126898882,0
165519729,0
42770733,0
102898403,0
150569864,0
90908887,0
177172632,0
42952777,0
110651362,0
98622447,0
61965217,0
96537967,0
60344214,0
89545135,0
65038444,0
88350814,0
185818346,0
76108804,0
194801462,0
80567181,0
112841921,0
115613158,0
109479100,0
176517892,0
79382512,0
178113758,0
132468823,0
138117148,0
194848540,0
107101611,0
78706839,0
96799955,0
71097621,0
93705440,0
122721859,0
31132989,0
102476527,0
74761850,0
87165001,0
101059311,0
97642494,0
109894522,0
75393366,0
81452622,0
63337458,0
32107099,0
38926285,0
94479493,0
99919787,0
60433208,0
34939527,0
88577835,0
78254831,0
141115366,0
107408210,0
151900425,0
114895766,0
125530787,0
118675420,0
155636554,0
32251393,0
93315265,0
105080376,0
99276525,0
112566776,0
33476062,0
124038247,0
143416296,0
31796503,0
109400301,0
102085997,0
37443564,0
94996897,0
132592834,0
67473108,0
159836455,0
57605754,0
147561333,0
102684450,0
165968105,0
126561036,0
35782244,0
146627382,0
34740911,0
110157349,0
120010491,0
116517332,0
96033975,0
84365044,0
109866156,0
127879674,0
128294198,0
90166318,0
59049282,0
78686903,0
82288657,0
164723025,0
80700203,0
154150882,0
78606150,0
78518054,0
144063032,0
150533327,0
132174788,0
66584528,0
125703910,0
34523188,0
40533106,0
45532919,0
108013740,0
43933224,0
113414486,0
152798085,0
157270003,0
42033157,0
139697301,0
144107346,0
36887659,0
180849908,0
111515979,0
78878501,0
114524856,0
59895216,0
138675639,0
162651967,0
42757103,0
107030333,0
57151071,0
93925966,0
122706136,0
101850103,0
32498478,0
100830139,0
103661620,0
114013858,0
87838434,0
125145300,0
146577146,0
89410830,0
102061165,0
32379737,0
33180448,0
145342922,0
85348718,0
195148704,0
101705839,0
127888853,0
83241834,0
120450823,0
135984218,0
97454369,0
56542314,0
137048596,0
119511257,0
99191972,0
40942803,0
38762351,0
208418535,0
164289640,0
130657760,0
127860359,0
179066698,0
76585822,0
142975924,0
90136403,0
143813844,0
73846365,0
37571257,0
96986244,0
83693802,0
110030762,0
108166749,0
69756303,0
89067377,0
62901715,0
84874177,0
100348552,0
93602421,0
75974064,0
83187126,0
107181595,0
116743889,0
158871998,0
59386063,0
159481110,0
164138014,0
106986936,0
153806473,0
61833379,0
133466571,0
192302992,0
154507787,0
75673792,0
97263945,0
59050575,0
64861403,0
96412692,0
195343205,0
108951461,0
109037366,0
116680575,0
87153207,0
65454764,0
84038459,0
78453131,0
99662496,0
196570885,0
78139229,0
122676379,0
119768083,0
134692336,0
117185208,0
63649426,0
113760949,0
127815048,0
142440656,0
109081523,0
114703052,0
151236181,0
40767568,0
180441346,0
129480405,0
32568414,0
151482359,0
63022301,0
109101361,0
119466873,0
83302966,0
94051804,0
42172970,0
84744550,0
42980560,0
129839462,0
60660160,0
44057739,0
63171421,0
78777121,0
82525369,0
126746742,0
85561062,0
63969852,0
184605608,0
35447092,0
86189884,0
75195284,0
97039816,0
45621311,0
39822632,0
69515307,0
119017589,0
64213494,0
170131350,0
63151356,0
161424336,0
144906103,0
100429236,0
102093202,0
82683263,0
195453359,0
63478761,0
92346297,0
84076822,0
35191232,0
106370343,0
56468499,0
80867848,0
105723765,0
67283799,0
107928743,0
175891942,0
60839599,0
116030879,0
116547938,0
135564888,0
119430415,0
79193914,0
78786102,0
93003889,0
105017013,0
177840567,0
37891654,0
82333060,0
148311788,0
136629414,0
111647097,0
107767928,0
178037959,0
144614062,0
77083457,0
66641969,0
87779157,0
99237530,0
64403197,0
91620821,0
67865030,0
75412129,0
142602587,0
93206156,0
66442544,0
56806859,0
145340385,0
64700203,0
121147380,0
192251344,0
145659776,0
57547296,0
115879351,0
59197998,0
86293841,0
99284638,0
142153105,0
152365560,0
33367813,0
68139434,0
134687530,0
62521587,0
121537743,0
207193461,0
81147434,0
55921161,0
178732266,0
33928574,0
154477379,0
138778895,0
66621914,0
115510672,0
109756851,0
93754136,0
147383897,0
144757881,0
85815402,0
87815911,0
173960165,0
67497308,0
194804847,0
177855056,0
94120881,0
161742809,0
95534070,0
208233608,0
145294275,0
89489500,0
181383577,0
60890832,0
85874471,0
72147362,0
43405042,0
156169206,0
73814467,0
91802777,0
32360541,0
193535597,0
130324750,0
76586602,0
125041679,0
40788146,0
85145779,0
133088920,0
204065941,0
37502200,0
36789111,0
194005321,0
77785867,0
76256592,0
95300259,0
64633958,0
123919525,0
111365517,0
125168997,0
113485212,0
77476455,0
79551569,0
162504644,0
82290493,0
82274198,0
74177510,0
77484815,0
144468041,0
119250067,0
38583010,0
179661341,0
72881621,0
191908079,0
131208218,0
98975562,0
95371804,0
118120965,0
32914294,0
114496017,0
141379931,0
34265147,0
78287016,0
143138911,0
65225533,0
60546314,0
163201467,0
103766346,0
38009803,0
37028271,0
78840010,0
122835162,0
87526614,0
164709701,0
69815510,0
63627130,0
118230123,0
45148468,0
33180053,0
148482729,0
43559620,0
72056453,0
198652493,0
66314742,0
152294933,0
116271944,0
110913163,0
116170159,0
99550318,0
120491249,0
163719730,0
91774560,0
104199582,0
82724587,0
84324628,0
112908422,0
84997942,0
118223757,0
114769583,0
37169752,0
213431593,0
203990912,0
110975204,0
106201493,0
42432916,0
92125849,0
117347297,0
147662861,0
83545057,0
65875426,0
118566469,0
43320203,0
142925047,0
82869138,0
95209765,0
109108161,0
119574768,0
102337307,0
144904100,0
115045162,0
138517696,0
120502017,0
32216227,0
84872697,0
88611589,0
42109824,0
58690009,0
56185084,0
108958123,0
136907391,0
89437320,0
116969715,0
129659243,0
94714932,0
144672825,0
144511082,0
77506153,0
131732748,0
136870054,0
96028024,0
56976636,0
70373745,0
134292706,0
130698482,0
104445385,0
102677512,0
34177781,0
115222845,0
206304861,0
76263530,0
73745320,0
81572726,0
108920816,0
143841893,0
97613833,0
76317576,0
37450443,0
67015099,0
76034762,0
38643945,0
105976753,0
145183538,0
162717156,0
86519470,0
98674539,0
122840728,0
92714087,0
76183882,0
73233502,0
90829674,0
129502454,0
109590745,0
40829954,0
36254307,0
152713296,0
156486337,0
178028149,0
134144405,0
44363716,0
33858549,0
85405843,0
74947191,0
150214351,0
133522087,0
89453249,0
87169788,0
33651268,0
141951805,0
135620345,0
117601942,0
38799095,0
31298295,0
123671433,0
129601555,0
76699707,0
41121403,0
115770381,0
34140632,0
38800487,0
160488204,0
123841220,0
66499807,0
113133982,0
127803550,0
124489643,0
90322327,0
154563728,0
150950703,0
93965741,0
79482087,0
62058357,0
71913778,0
93606684,0
166075447,0
77687161,0
121708418,0
115674892,0
136048607,0
78767616,0
84829586,0
51625327,0
103089568,0
59643660,0
150599809,0
83129932,0
137110211,0
180806008,0
95404087,0
84037472,0
99305947,0
57592479,0
144459592,0
123737490,0
75808127,0
93993247,0
137025037,0
150032662,0
207334478,0
37524554,0
112614446,0
92603943,0
85724375,0
124431817,0
114066917,0
123975091,0
131396530,0
61954233,0
64197584,0
121468794,0
41179486,0
134363402,0
33995283,0
44371168,0
92575528,0
129330378,0
93339870,0
35914575,0
111068294,0
148739270,0
99312303,0
83633529,0
41188053,0
84991043,0
127435374,0
134632526,0
40517759,0
88112789,0
105528505,0
38981486,0
196417906,0
196366446,0
131243245,0
151415048,0
124237070,0
128822892,0
118825171,0
155185444,0
123904533,0
178587055,0
32325780,0
89346085,0
143259814,0
120357960,0
106018718,0
156754800,0
159589291,0
112192471,0
126896977,0
183837546,0
145049913,0
38048502,0
103311969,0
142998654,0
184799822,0
33994335,0
95328378,0
120584290,0
42140450,0
65797674,0
89545263,0
142167762,0
76551851,0
62013904,0
105857479,0
117539122,0
72647376,0
72654176,0
44334848,0
60476279,0
75871884,0
127899502,0
62192495,0
127140441,0
47072380,0
131727320,0
115821574,0
117730119,0
157148676,0
37782082,0
109892686,0
105071828,0
128890006,0
102176452,0
161589030,0
103236122,0
69154740,0
67283029,0
84294269,0
133740442,0
81819604,0
119179075,0
78115926,0
163595235,0
44984011,0
65255240,0
65938602,0
178385290,0
108074695,0
86950160,0
132477706,0
33465680,0
110906156,0
113524661,0
67163775,0
106823575,0
106495933,0
155383408,0
47367777,0
124376577,0
131931729,0
143730248,0
78176052,0
123918913,0
91319818,0
144660429,0
114837298,0
77711490,0
76249752,0
93575931,0
67565695,0
166122663,0
192215142,0
76452454,0
80693946,0
94400339,0
73246126,0
56028236,0
59381868,0
145919504,0
65977192,0
78664538,0
158906225,0
87928356,0
208012273,0
74772391,0
81246071,0
37441561,0
151890832,0
108328294,0
74225299,0
87794317,0
108724095,0
35645865,0
63533892,0
113926452,0
93755281,0
118763496,0
76338184,0
180136247,0
105743465,0
111210781,0
45358286,0
66947798,0
124150918,0
40136594,0
209789088,0
141691573,0
135106603,0
95241703,0
98739629,0
143587050,0
35016116,0
116387576,0
59948542,0
140447815,0
148192819,0
113254549,0
114401338,0
65880618,0
69996933,0
98737122,0
101687729,0
88048429,0
99326949,0
42996539,0
81320843,0
123886353,0
156591586,0
91967856,0
65327426,0
118144800,0
75254659,0
90176405,0
131429031,0
137993107,0
178829837,0
100509673,0
93468520,0
88496835,0
114700594,0
122827207,0
148589410,0
44053455,0
120805685,0
67962167,0
106687344,0
62634268,0
157234709,0
73377194,0
131888332,0
107234426,0
175655970,0
112994248,0
121270030,0
80695032,0
62506447,0
116913606,0
90083522,0
90085131,0
119055824,0
78079537,0
73404365,0
41412853,0
72453863,0
82816266,0
76673316,0
173504071,0
144631284,0
160146321,0
93652756,0
93720382,0
145501576,0
87399059,0
101428632,0
75650085,0
134180498,0
64013407,0
78361196,0
123596631,0
119022484,0
115081058,0
102539703,0
152776747,0
164170346,0
75107997,0
179070429,0
41926674,0
79361085,0
140566014,0
133495489,0
83779076,0
87371621,0
58926218,0
128158954,0
64970453,0
98803603,0
102857020,0
206236612,0
194297856,0
177345034,0
149893402,0
59246566,0
118285373,0
45014814,0
86474534,0
107321259,0
143520746,0
175721514,0
131950560,0
126683863,0
163836517,0
104134621,0
111049374,0
94813944,0
106616688,0
176867316,0
212721041,0
162525922,0
38868340,0
95430745,0
130651355,0
87646213,0
59481078,0
44837161,0
142422023,0
87619427,0
88901647,0
114020549,0
118739671,0
107728400,0
66850652,0
151206404,0
59272503,0
112324398,0
61204794,0
45018110,0
67006809,0
45310655,0
115399234,0
71153335,0
89030070,0
115729254,0
96614841,0
92542524,0
99862395,0
144244198,0
125079421,0
132817250,0
99866974,0
66070588,0
139398607,0
65308793,0
122612454,0
62577123,0
64662985,0
40768091,0
89071947,0
74845189,0
62498492,0
118461358,0
107999943,0
134930677,0
78019382,0
92021300,0
87071220,0
60738228,0
31985861,0
36893186,0
132018828,0
111045406,0
44888523,0
32922624,0
102260087,0
123351786,0
121526097,0
125171553,0
77325085,0
69752088,0
37066802,0
74579529,0
81104442,0
124532891,0
156640895,0
179190394,0
144554499,0
199964726,0
133936709,0
59079809,0
147733093,0
83866777,0
135815931,0
212964356,0
156069069,0
152891906,0
207289768,0
115260497,0
59598990,0
78453013,0
192766024,0
198780334,0
208232483,0
61100867,0
72132084,0
116969972,0
55959573,0
67292573,0
92030706,0
99070626,0
99123073,0
81960098,0
141208732,0
99170684,0
156232658,0
39817451,0
60668963,0
60127655,0
38875190,0
179198990,0
140191087,0
162361238,0
114495159,0
113665431,0
64278643,0
173132598,0
123754209,0
125102091,0
91358428,0
111405696,0
134940083,0
75343022,0
35356883,0
80492863,0
60944365,0
194753881,0
119292428,0
34987050,0
77001411,0
157386346,0
63409131,0
96359426,0
134550313,0
156779780,0
85761840,0
135515047,0
89461036,0
63761298,0
129880480,0
71890723,0
157069087,0
40908644,0
116291417,0
121201791,0
86352486,0
83530273,0
113669112,0
37233154,0
84737908,0
118035040,0
152469033,0
103514316,0
34112405,0
97409848,0
155476143,0
101851140,0
83679254,0
86757752,0
138793630,0
92189044,0
87163146,0
107369354,0
129325068,0
42411666,0
118825961,0
143560866,0
149712709,0
137229486,0
63268203,0
148729084,0
121521498,0
115592353,0
94766314,0
95667695,0
79410947,0
40579700,0
81984081,0
45081355,0
95118471,0
103449956,0
145752668,0
126833269,0
86505712,0
130647684,0
82615903,0
132146195,0
31271282,0
132770961,0
107772991,0
139908264,0
34346088,0
120668813,0
58843827,0
59678104,0
160559335,0
133663460,0
103651740,0
92210984,0
98412787,0
122752454,0
173513693,0
44817234,0
102688003,0
149994664,0
165331417,0
105527952,0
87781239,0
62921306,0
41827218,0
78640170,0
139849589,0
85395174,0
121638373,0
60438715,0
133330883,0
78872757,0
115930209,0
126314848,0
77538179,0
195129143,0
84181449,0
179930466,0
80769547,0
151393433,0
164773300,0
39879847,0
99295613,0
43477534,0
57858732,0
33803694,0
60197680,0
78689814,0
85387545,0
145967707,0
37150121,0
99729451,0
84255837,0
57197251,0
145038435,0
86562314,0
63749948,0
176761020,0
131097017,0
63933374,0
175009767,0
122544837,0
81417536,0
100569907,0
176162715,0
80688784,0
31135466,0
113928594,0
61206590,0
115717075,0
195762722,0
33209366,0
40818446,0
161851572,0
117110959,0
139950535,0
114239704,0
62471153,0
80812431,0
42167423,0
102629013,0
110684416,0
69964522,0
83246383,0
34024842,0
33143161,0
81259178,0
127105680,0
65596432,0
37212477,0
127545499,0
75998709,0
38472786,0
31627614,0
62920990,0
162936616,0
88483936,0
125263696,0
77549766,0
105186049,0
41964356,0
37339973,0
132276425,0
120275588,0
134239203,0
116871897,0
176641598,0
75509492,0
127070712,0
116345127,0
107887705,0
141435072,0
144133599,0
81277545,0
84984421,0
123867335,0
157286051,0
77267742,0
136058724,0
75404430,0
145411111,0
56302779,0
56123349,0
105136198,0
125872680,0
147966608,0
194750377,0
82248290,0
78081412,0
44639809,0
89321253,0
164036149,0
193710239,0
33334710,0
87600922,0
40878779,0
194355879,0
117080857,0
90741144,0
78096523,0
87602392,0
159570805,0
108303788,0
128389558,0
102044239,0
124638338,0
181184419,0
41850422,0
77580135,0
88571005,0
86123274,0
111997152,0
144561170,0
85014987,0
116109530,0
156094760,0
101309447,0
82603931,0
90609384,0
145290287,0
136540854,0
103789165,0
129359345,0
103184780,0
154902620,0
65514199,0
157839222,0
79509475,0
134118004,0
103057975,0
212387004,0
130102270,0
129630858,0
93911951,0
82736836,0
195379199,0
38923097,0
118531284,0
135289082,0
120415391,0
161328878,0
33997168,0
88803069,0
37442143,0
93202791,0
31392115,0
147309450,0
185130030,0
138823910,0
96538579,0
179777171,0
122093056,0
152184087,0
64371693,0
38093478,0
91946696,0
139082129,0
34504831,0
101961699,0
149612375,0
121971482,0
121241763,0
131515320,0
117291178,0
120175096,0
56309194,0
185383264,0
121660817,0
61725475,0
134284366,0
87128533,0
103524452,0
80736277,0
124824716,0
113219917,0
86208972,0
108286220,0
76073826,0
66540914,0
194521600,0
93630845,0
73834907,0
72542956,0
67003177,0
87719604,0
120382259,0
40206600,0
40864359,0
155839226,0
97036263,0
112230687,0
131189091,0
114582623,0
84941389,0
85304906,0
127013449,0
79463147,0
145920393,0
32109201,0
105708191,0
75632132,0
128137350,0
140522351,0
173743655,0
80710744,0
75613952,0
62443755,0
75807979,0
150132345,0
98927378,0
115934897,0
123967778,0
209850220,0
66742461,0
88872699,0
106091457,0
62641236,0
84139385,0
149292738,0
208271360,0
89535798,0
39591338,0
156822564,0
78115196,0
167134879,0
62956501,0
179960331,0
92448891,0
60801038,0
65687894,0
88424659,0
72289978,0
196684829,0
34714510,0
124186468,0
62604866,0
110822393,0
97731903,0
107977598,0
134907967,0
73050984,0
43076276,0
75199034,0
103221288,0
176259703,0
38406552,0
194781683,0
118140665,0
92600449,0
84068660,0
96254147,0
42152481,0
72027940,0
44182816,0
94397437,0
82899072,0
83134699,0
117060170,0
41277225,0
115512814,0
35404356,0
32113801,0
121493270,0
111853579,0
36093511,0
35097619,0
74239116,0
121180819,0
81244788,0
114659517,0
35142821,0
78068335,0
113521572,0
111089879,0
78911693,0
105703157,0
126510148,0
115051242,0
135973381,0
89717557,0
164314620,0
80418495,0
66063087,0
77884109,0
43581471,0
142415193,0
34008824,0
128873829,0
74667753,0
154120612,0
77066916,0
43480653,0
71875711,0
117663943,0
144412810,0
78053146,0
93184256,0
80789809,0
95754636,0
120174642,0
75015686,0
127314156,0
63939444,0
42380242,0
130560308,0
74583338,0
111139750,0
32232690,0
82556064,0
58276236,0
32121973,0
40053601,0
74495736,0
140814649,0
40113815,0
196612525,0
124526861,0
113416895,0
75226481,0
65326055,0
34495958,0
92870866,0
208166456,0
125210154,0
92397589,0
36784295,0
83237145,0
82310844,0
38207985,0
62114337,0
147317524,0
104110569,0
92083716,0
156918240,0
40954242,0
77756130,0
31915382,0
103802163,0
139352171,0
77444468,0
64133244,0
114138333,0
115041994,0
93709190,0
40776569,0
162649628,0
116291377,0
160413926,0
40802319,0
102005204,0
98604346,0
95516976,0
67918908,0
95188516,0
63173346,0
150975841,0
183486306,0
84005840,0
150962546,0
43076621,0
76954383,0
38951018,0
57108267,0
40580717,0
56498700,0
148833643,0
112118696,0
57658241,0
112615552,0
44115693,0
77307931,0
32459681,0
90207563,0
147781050,0
34577204,0
40830980,0
96332600,0
114661313,0
62508579,0
85457875,0
85336292,0
83983929,0
127699268,0
44604742,0
145611938,0
114503952,0
165164630,0
134561228,0
66033804,0
41080938,0
128457757,0
91419383,0
125175570,0
34342249,0
117711297,0
146230170,0
144970818,0
125159631,0
96481019,0
92844712,0
40996257,0
33529783,0
141647574,0
77565370,0
136361434,0
151755233,0
155728312,0
74559355,0
113198954,0
131844975,0
85787402,0
75341956,0
75867295,0
90758494,0
206020478,0
80545714,0
129989361,0
129188334,0
105157408,0
176613470,0
41742951,0
115735669,0
59116376,0
103645009,0
67015158,0
107915330,0
113152083,0
75342114,0
77449452,0
75288216,0
97708966,0
78532552,0
203992284,0
107996172,0
34727212,0
75826070,0
116475801,0
115710255,0
98005310,0
59222237,0
40369527,0
146880419,0
79554520,0
63194546,0
160710715,0
52598085,0
75076582,0
124484757,0
134205449,0
95226740,0
121836861,0
89865305,0
125417405,0
98855429,0
96887726,0
185276643,0
120607493,0
78219597,0
122789515,0
148390754,0
78115127,0
77106088,0
110578781,0
83305009,0
115007460,0
129073580,0
145558020,0
178750979,0
112428187,0
66033754,0
115009286,0
177201876,0
161029681,0
73387142,0
90221558,0
135256769,0
32896322,0
73738481,0
126006542,0
147016688,0
143284409,0
98680529,0
93633846,0
154424675,0
117512306,0
89180611,0
146841967,0
94747857,0
102337198,0
174126487,0
60182165,0
149874107,0
37418950,0
127983710,0
66389267,0
111488186,0
166585103,0
95446339,0
138740946,0
143881470,0
61650950,0
122154317,0
103753161,0
144205134,0
157236002,0
107268309,0
80645772,0
89268234,0
116405480,0
109554158,0
64274409,0
40853720,0
43562926,0
95908533,0
90241455,0
90560925,0
56410575,0
65254905,0
100280422,0
138724760,0
175733160,0
94198170,0
103828959,0
75361596,0
84688412,0
119744179,0
86912172,0
127648439,0
45022522,0
41655418,0
151267497,0
72039172,0
210569428,0
110800857,0
208476075,0
33510774,0
147552657,0
87235608,0
60305426,0
65947257,0
180488947,0
33227121,0
118376223,0
115273920,0
155535805,0
92822564,0
81448911,0
103640489,0
60411722,0
91620427,0
96539536,0
57692557,0
108311674,0
115773588,0
75397137,0
128607074,0
161792137,0
107785920,0
65213452,0
78140225,0
149127195,0
138639368,0
106527802,0
99297478,0
113280970,0
151003387,0
132695241,0
194491290,0
41178420,0
135306680,0
123767454,0
121470116,0
83036793,0
213031568,0
110786556,0
144305636,0
137000027,0
129554595,0
111928154,0
61442503,0
37346299,0
43686207,0
104317860,0
104177386,0
31652466,0
76768419,0
122201878,0
31133028,0
73989524,0
102797763,0
104059691,0
84316545,0
106142434,0
124916108,0
62368272,0
113037201,0
153855426,0
99935025,0
37565128,0
98404171,0
167107768,0
112809815,0
85228308,0
99581901,0
102942728,0
82724084,0
83516307,0
141571638,0
103771863,0
76193327,0
42163643,0
115611411,0
133142581,0
136408433,0
41739398,0
92131317,0
33655482,0
75699966,0
34723028,0
64041733,0
63781659,0
118454637,0
107187605,0
140349662,0
115282200,0
78813401,0
109770589,0
37456000,0
133550255,0
60208023,0
156991759,0
61997669,0
76337453,0
96186244,0
139092087,0
33663664,0
159494385,0
115011694,0
132031817,0
185549409,0
137132063,0
94370118,0
102266660,0
167096339,0
127012995,0
118880253,0
90090796,0
154023130,0
137590782,0
72166973,0
56111220,0
41715553,0
195206412,0
156155725,0
111956509,0
100271855,0
166222652,0
97217321,0
194131938,0
65187574,0
107179650,0
127545509,0
57185970,0
97786926,0
121092505,0
151371079,0
45635721,0
122849927,0
151252752,0
84522089,0
167243623,0
206371372,0
149521999,0
185793938,0
81287385,0
66262542,0
100446843,0
57174660,0
97487837,0
88297084,0
95361688,0
44063137,0
79715621,0
80612689,0
60322323,0
203713458,0
110324461,0
62530351,0
142382722,0
65863494,0
31577644,0
193929305,0
59745040,0
156632209,0
34085057,0
123888317,0
77998300,0
41652230,0
113131929,0
121123881,0
128469580,0
193789137,0
196281705,0
130780440,0
144829633,0
77287116,0
89543931,0
131117990,0
61546006,0
159938517,0
184762950,0
98754009,0
131897314,0
82381619,0
40925314,0
107925921,0
61647426,0
119518294,0
140732406,0
78904616,0
166522974,0
60008105,0
125214338,0
109218533,0
81405584,0
137142209,0
73915719,0
59047851,0
63914553,0
119804650,0
115488051,0
129126116,0
61964675,0
120003700,0
88609418,0
130042746,0
173119176,0
38499612,0
71847603,0
161206070,0
31281290,0
126492363,0
82166027,0
34603309,0
44648523,0
118127696,0
86871005,0
126964880,0
83209155,0
44287937,0
66672150,0
38500323,0
74859835,0
43763427,0
138721602,0
84167642,0
178207717,0
45366942,0
138095751,0
154372603,0
78036032,0
81684667,0
62596310,0
65572568,0
61645205,0
114485950,0
111861109,0
32158016,0
39083439,0
154555052,0
135193584,0
67371629,0
116219556,0
107403345,0
72440470,0
33133469,0
116124068,0
145414891,0
124079314,0
173587232,0
79903578,0
115623166,0
42465712,0
133197772,0
122699938,0
102409463,0
74416059,0
71858864,0
140408653,0
166114234,0
159451541,0
145625301,0
43285294,0
204988601,0
88077259,0
33863385,0
111890619,0
122764337,0
68376907,0
84690158,0
37458191,0
176627159,0
133530634,0
106766548,0
67009908,0
90075695,0
85079001,0
87716909,0
128473064,0
175183088,0
98584015,0
152903710,0
112151276,0
91652365,0
80408073,0
137953905,0
148545312,0
62099553,0
76835780,0
40845429,0
61091392,0
163647445,0
135602442,0
121681829,0
82307370,0
119618302,0
140445999,0
190919875,0
207311215,0
131591267,0
118323904,0
73869796,0
141097078,0
58864859,0
108610506,0
57738717,0
83804588,0
73857863,0
179433827,0
62935824,0
174315875,0
82415610,0
176886858,0
81035484,0
111901654,0
159620785,0
60138640,0
79280086,0
80251699,0
130242734,0
118130440,0
136262343,0
82473366,0
114384274,0
78504917,0
62182072,0
89139297,0
56550723,0
93751511,0
82221494,0
61688010,0
75071529,0
80171400,0
108588082,0
33423457,0
132161385,0
121228686,0
78375714,0
127818976,0
97424859,0
37888407,0
113717671,0
127410779,0
118421534,0
145199763,0
77921989,0
199957560,0
86013248,0
43971636,0
161447155,0
87155289,0
175159588,0
156299535,0
97797901,0
39131148,0
96821215,0
142727181,0
119367022,0
213545765,0
90703461,0
85394601,0
127420826,0
90289599,0
66901076,0
136612033,0
149207464,0
56752547,0
138625926,0
114445209,0
55955892,0
118066574,0
153760214,0
204131534,0
81366175,0
110321451,0
65034931,0
114255653,0
103151569,0
73169182,0
140264231,0
119511355,0
86665747,0
173991935,0
191583162,0
33799381,0
40309855,0
79884964,0
185358561,0
76522716,0
113323498,0
55773729,0
125393166,0
156194019,0
158336937,0
198564456,0
45295723,0
78387064,0
45618656,0
85157899,0
87631449,0
31998395,0
58163999,0
98755094,0
41694215,0
99587368,0
116003905,0
66263499,0
86032908,0
84957467,0
60059851,0
44459511,0
31629815,0
174303114,0
44296198,0
137846543,0
138550493,0
129053752,0
83248456,0
103470732,0
86467092,0
84460039,0
36909944,0
149033088,0
80772774,0
74491008,0
31436835,0
81318080,0
36581859,0
66474620,0
122184626,0
59355062,0
175937115,0
62676944,0
62538711,0
179432870,0
106285356,0
98644436,0
104868564,0
194578320,0
35466929,0
99948122,0
46049464,0
85240241,0
105070861,0
138059065,0
112734954,0
102792739,0
139804939,0
72194105,0
139630514,0
40434410,0
34975581,0
93790101,0
193461762,0
42385502,0
76086163,0
174214238,0
114443738,0
43650164,0
118483397,0
63934095,0
96299261,0
148685589,0
61263390,0
95494631,0
75916278,0
111606671,0
121816609,0
107035189,0
140260846,0
210593746,0
81287859,0
103998460,0
119223479,0
36032547,0
134627641,0
110410534,0
107314627,0
55872316,0
60823748,0
121613186,0
76335993,0
134132947,0
115065898,0
142490508,0
108698918,0
139163908,0
90456208,0
135544192,0
83557700,0
80800992,0
56141697,0
139156082,0
102216404,0
36237222,0
165356248,0
82568825,0
78786517,0
119114015,0
84613936,0
95969872,0
106613411,0
98246297,0
136468263,0
85986906,0
117316938,0
92490827,0
72229231,0
80593779,0
116144212,0
77622890,0
119047484,0
119033893,0
33921399,0
85820544,0
131751007,0
80457914,0
67429830,0
62196739,0
92597162,0
69879959,0
159861376,0
76322155,0
107605987,0
77485377,0
67778937,0
107324802,0
124271643,0
115834424,0
68219655,0
34139764,0
43282244,0
88693665,0
88092418,0
84699791,0
66432575,0
112134103,0
43322542,0
62455599,0
109241529,0
203992008,0
77230613,0
85417963,0
194420150,0
64018855,0
45102022,0
37795811,0
63586191,0
78287361,0
78837296,0
73770626,0
82235440,0
118289192,0
108369135,0
113237238,0
44655531,0
97694517,0
98785285,0
116696297,0
163625544,0
138267975,0
66053355,0
78666492,0
77272075,0
78474282,0
62553693,0
126798844,0
175804764,0
81305042,0
62400753,0
59570092,0
63351966,0
130870964,0
114172354,0
153855248,0
152941520,0
208556680,0
87368878,0
76606005,0
179640319,0
44836816,0
92962959,0
167193515,0
157383227,0
33588487,0
114230535,0
74577752,0
95111710,0
141645877,0
86610398,0
84501580,0
68916498,0
180722255,0
140039411,0
107694962,0
163883417,0
78631672,0
44834279,0
97369609,0
131249710,0
102654545,0
83547811,0
182864344,0
90243341,0
99081018,0
107378315,0
87931327,0
100202778,0
86163434,0
44350027,0
115572307,0
87791050,0
56329614,0
82455808,0
64045977,0
185235457,0
146806900,0
82774340,0
154322663,0
155617594,0
166463973,0
44016099,0
115653169,0
88961299,0
137239049,0
59382085,0
132197478,0
64046332,0
125409470,0
184457426,0
150948551,0
119517168,0
112550955,0
83371826,0
80011473,0
82681082,0
124311773,0
63606888,0
107761641,0
88060668,0
83785007,0
94131037,0
97554121,0
125110165,0
150773533,0
107922733,0
107250771,0
58491472,0
81186380,0
113064540,0
97703468,0
95139325,0
91784351,0
127916912,0
133602870,0
109505916,0
41869924,0
118342182,0
78417018,0
121250488,0
151637864,0
97630670,0
88895399,0
78960991,0
79688046,0
42400573,0
78262806,0
118292982,0
134474297,0
66500330,0
40213025,0
43204758,0
129597804,0
60957758,0
108268939,0
118584096,0
101376560,0
37655396,0
64904386,0
57759069,0
145023680,0
38610566,0
38444451,0
206410781,0
113478412,0
108251993,0
99298298,0
90898890,0
75780660,0
103081287,0
166156821,0
109467336,0
181218281,0
177188660,0
125560663,0
70501774,0
40237708,0
125428943,0
34870588,0
181150181,0
164704183,0
113934121,0
58091536,0
84946077,0
104525082,0
68081026,0
78885213,0
139988070,0
161684016,0
105168106,0
124885552,0
60459649,0
81723839,0
144918312,0
44997582,0
96372799,0
159600710,0
67479928,0
35921889,0
32109675,0
58613076,0
166323539,0
89393311,0
74008641,0
134108697,0
62017753,0
77259699,0
151842096,0
107237358,0
121797126,0
101914769,0
69439607,0
181209655,0
75944919,0
57150025,0
86092777,0
75691754,0
95324380,0
134665718,0
94356695,0
178332301,0
78073625,0
144030896,0
156459018,0
42045692,0
142977967,0
109502274,0
67469190,0
116173100,0
115507612,0
94354573,0
78846455,0
43545121,0
33545554,0
78905485,0
59571098,0
131014260,0
76144710,0
164860360,0
42265488,0
107785654,0
97257579,0
33647113,0
96324991,0
212737109,0
153049069,0
67405866,0
63925341,0
86359503,0
96093667,0
130646855,0
138603660,0
59205173,0
147477964,0
131755310,0
192768817,0
132529067,0
87067628,0
85377172,0
44234365,0
75823879,0
152763177,0
64421604,0
94043651,0
91807100,0
87963669,0
112403286,0
78692746,0
106946313,0
94247172,0
37353524,0
43489753,0
45662783,0
114680589,0
78115305,0
65574897,0
44241688,0
108559204,0
140424513,0
113909684,0
73899395,0
204908075,0
107938909,0
139479311,0
86521898,0
40327719,0
107334258,0
145191394,0
113668056,0
42537425,0
118752768,0
99275440,0
80726486,0
113041001,0
100262637,0
91586900,0
68102463,0
62658942,0
82007442,0
135171130,0
125675219,0
88204152,0
118274575,0
39957984,0
61821743,0
87722703,0
123693847,0
97615747,0
129920146,0
162079135,0
141436237,0
159666668,0
190486678,0
96576438,0
99960439,0
127456002,0
112029179,0
147235034,0
173594387,0
114501534,0
74710577,0
159535738,0
137864674,0
109896782,0
57073092,0
35618013,0
160445588,0
128551380,0
83739360,0
32297385,0
89263467,0
42766301,0
131271758,0
153101605,0
61411592,0
116549349,0
80418377,0
145650380,0
127662040,0
82170735,0
135874715,0
71932235,0
87082353,0
61358839,0
161395734,0
117392667,0
93786065,0
88672011,0
62697246,0
110431626,0
125636639,0
81330269,0
195314682,0
136482120,0
128730898,0
75139175,0
35697414,0
117720397,0
104088905,0
67290678,0
36720053,0
73414284,0
64191524,0
116257544,0
61567532,0
44905696,0
73199038,0
89205453,0
61965257,0
98614857,0
142474904,0
134741546,0
145863336,0
114812526,0
91838880,0
66423633,0
140543215,0
72417059,0
121427717,0
120493677,0
72349620,0
121034896,0
89071976,0
86055470,0
43689030,0
78262283,0
35583262,0
126496123,0
112497807,0
99555934,0
82818891,0
78410879,0
42722371,0
84976367,0
82157065,0
135914736,0
85834628,0
95407690,0
45630914,0
106307128,0
175135437,0
99018850,0
114544122,0
75490641,0
42554016,0
89165846,0
78943424,0
124681528,0
132621427,0
133551923,0
82267970,0
60049823,0
85396467,0
97016968,0
108340908,0
103430089,0
83938795,0
123862903,0
127656246,0
107675400,0
81670948,0
41615920,0
60717403,0
69382570,0
84688678,0
100538700,0
76743153,0
160515474,0
120062632,0
166478156,0
101439696,0
110581091,0
101257809,0
161489338,0
134636198,0
109292772,0
95797500,0
161697685,0
64057465,0
92887230,0
118422225,0
159673449,0
172371731,0
121879981,0
77333592,0
86688724,0
113690312,0
117947921,0
78440469,0
40851331,0
165600492,0
76236714,0
134955736,0
45269065,0
64625826,0
144765294,0
96810289,0
31725984,0
63446379,0
96941140,0
128973799,0
112150565,0
98366814,0
38473290,0
105030939,0
36054200,0
59010633,0
62971631,0
123882050,0
210507624,0
65790173,0
70070314,0
122825164,0
157728288,0
34422617,0
79385375,0
119206207,0
193858046,0
78804914,0
160821165,0
132184480,0
90066872,0
61503103,0
174099672,0
136555579,0
100534762,0
114945647,0
145844594,0
152240670,0
176087893,0
59448843,0
123334031,0
31379611,0
78288881,0
81988088,0
42385334,0
32067709,0
37871274,0
73225774,0
37567566,0
86848295,0
98834031,0
154441562,0
161076186,0
129208616,0
136469151,0
45207636,0
31426452,0
109829688,0
156311358,0
107149528,0
90773901,0
75868223,0
121968245,0
73960616,0
134516460,0
76867668,0
145290455,0
56091767,0
93397972,0
177221032,0
82463487,0
87379428,0
96285759,0
93770658,0
60632002,0
40258464,0
128154750,0
62291694,0
61515460,0
212448975,0
44399079,0
74648616,0
98749508,0
121939288,0
106111660,0
91562127,0
72135114,0
80503127,0
76193910,0
146252041,0
62178233,0
99639292,0
43081921,0
95624643,0
72706831,0
95320610,0
126108811,0
119981770,0
123175288,0
59895088,0
159456130,0
127608329,0
86863208,0
45015377,0
37248956,0
82771507,0
39506351,0
137408806,0
79831273,0
101432886,0
105891015,0
91662471,0
116474626,0
93655282,0
118434424,0
135570425,0
102350917,0
43876829,0
60091819,0
59783028,0
78114347,0
84728413,0
111475228,0
73777564,0
104897660,0
94556614,0
110394397,0
118022101,0
98790388,0
58982919,0
138618613,0
77423248,0
67449194,0
83823094,0
82469784,0
87194413,0
129373587,0
45164526,0
42317560,0
77677440,0
78743100,0
32810190,0
182306089,0
83984334,0
133586141,0
163134403,0
36793355,0
71907807,0
164617953,0
99777921,0
118997524,0
192927886,0
78199009,0
132499300,0
59858866,0
177458781,0
83205800,0
209965753,0
106989127,0
114361435,0
102401074,0
210374444,0
60226489,0
109822799,0
45662181,0
111772362,0
178465649,0
38712243,0
77347440,0
139571217,0
63623410,0
42393418,0
73853402,0
87768231,0
75132700,0
55816069,0
101631472,0
72267130,0
44575863,0
138535935,0
67449865,0
120278411,0
86153169,0
125019088,0
124239142,0
131853354,0
81147148,0
135971605,0
191520381,0
60195588,0
92120628,0
108878012,0
167064401,0
183706221,0
114536384,0
113602601,0
87073135,0
78360949,0
127147734,0
86681065,0
112917502,0
75699610,0
81403077,0
136135539,0
141049960,0
87093111,0
81691427,0
59134585,0
182351874,0
76513142,0
198979443,0
103705540,0
95915945,0
176120137,0
124007177,0
108994108,0
99188123,0
42166042,0
33599354,0
83545245,0
208068401,0
141732335,0
110520659,0
60128277,0
85290438,0
86909605,0
127367698,0
56483097,0
98121495,0
111455015,0
34930082,0
85960061,0
123596078,0
37205737,0
154787195,0
89338594,0
111349884,0
176916851,0
74409693,0
185415696,0
97462403,0
121236059,0
66767135,0
125808854,0
105778236,0
97548318,0
92049942,0
81427711,0
143720754,0
32641923,0
62266527,0
126030199,0
91621098,0
36520944,0
39642966,0
33213284,0
163481399,0
61671686,0
55713218,0
93547269,0
82416093,0
40070211,0
83614648,0
96118568,0
71942834,0
85239283,0
163601334,0
62709267,0
41469652,0
127731393,0
77888689,0
109193237,0
58994042,0
141654868,0
115856197,0
164008791,0
97520752,0
192126730,0
132757756,0
99556822,0
123597105,0
73958237,0
85033127,0
96151443,0
165285345,0
90982248,0
83113430,0
42757645,0
60881604,0
119482171,0
83083209,0
133300386,0
99076024,0
107607231,0
108607644,0
75387307,0
35212639,0
97738604,0
99214722,0
32234328,0
66730144,0
93467740,0
94684189,0
65457320,0
121043473,0
33159100,0
117122131,0
38648436,0
179180109,0
178106257,0
33798493,0
117200496,0
45098311,0
84690415,0
63692319,0
144847547,0
126551906,0
133960989,0
81993141,0
192070020,0
63923228,0
109865535,0
110319408,0
198736078,0
120991243,0
75882159,0
119630205,0
63961414,0
156240297,0
175362300,0
124357647,0
66534893,0
44496018,0
41375555,0
83547535,0
111804162,0
135823462,0
38044189,0
66946416,0
94156945,0
93322213,0
56565833,0
87277100,0
146589108,0
84456950,0
88347607,0
137971157,0
148030425,0
84170386,0
137887472,0
93944876,0
128065627,0
207353832,0
107197119,0
64012904,0
31337152,0
82266884,0
161099686,0
178836736,0
212188665,0
98794780,0
111508932,0
65274831,0
122234576,0
81286951,0
56783221,0
100389047,0
33424494,0
141997254,0
150432460,0
195450152,0
78088153,0
61548503,0
154953034,0
60274929,0
166579231,0
128732605,0
60828338,0
194200472,0
185514559,0
87448496,0
154282059,0
84607599,0
35811537,0
76430356,0
77867045,0
61539601,0
143394810,0
112706293,0
110041954,0
126674181,0
93339850,0
78980721,0
65068823,0
135573258,0
145140950,0
114624658,0
146681300,0
32943923,0
140829562,0
117362348,0
182329510,0
144776022,0
126127583,0
173386691,0
208260996,0
97582842,0
41078707,0
83138785,0
94452658,0
129019011,0
83681534,0
73962748,0
81737745,0
103869227,0
156890201,0
82876056,0
111743000,0
91785348,0
109915258,0
107827146,0
100456634,0
138776822,0
43870433,0
115494920,0
154805148,0
77927743,0
151735731,0
87850722,0
117405359,0
66885097,0
149525038,0
67103758,0
35185438,0
76719703,0
162242418,0
66870578,0
174427865,0
114867776,0
113900653,0
98527995,0
150756370,0
64171913,0
173723659,0
166597795,0
164478377,0
90062164,0
79548263,0
162441103,0
144313769,0
125786292,0
108933656,0
83680439,0
151257588,0
101028854,0
157071022,0
135300945,0
95731354,0
120826786,0
126187817,0
109902625,0
45476524,0
79687079,0
77878039,0
126001864,0
71493639,0
118059191,0
125462006,0
83243107,0
193985779,0
138751823,0
58167789,0
150322779,0
59006419,0
67832756,0
44228690,0
82556340,0
39583383,0
128688972,0
107507222,0
161457340,0
110718861,0
163626531,0
133652672,0
66143317,0
199743114,0
93897640,0
115632591,0
109933743,0
146472538,0
108821163,0
38959289,0
83830289,0
81815883,0
157151607,0
44821636,0
79582105,0
31899512,0
162389781,0
77516466,0
44737527,0
99439660,0
82902122,0
143837284,0
116093521,0
60799647,0
69834657,0
141199435,0
64003083,0
142116687,0
143624881,0
87855380,0
124789373,0
194995548,0
149966871,0
100021315,0
124508543,0
124786442,0
121652507,0
155966376,0
107137704,0
95649989,0
37947842,0
34252001,0
147336957,0
99604611,0
66620433,0
71246534,0
125604849,0
63009056,0
45575003,0
43088208,0
141809772,0
164564045,0
78642578,0
81467674,0
194756723,0
177604753,0
140626228,0
104945192,0
109100354,0
127858928,0
91663971,0
136618241,0
84239542,0
88758271,0
180580330,0
115176902,0
85285651,0
165701537,0
175278852,0
165772854,0
84705644,0
91804633,0
66408908,0
57757292,0
94137847,0
45593291,0
117362328,0
118378937,0
160829663,0
195125244,0
140765400,0
127182308,0
40681288,0
122821561,0
121059274,0
86901414,0
71439504,0
76254766,0
62357189,0
92065467,0
100497168,0
172995480,0
74005256,0
136388250,0
74690463,0
86501310,0
83474223,0
42141141,0
122601676,0
42377942,0
126512428,0
76047692,0
123689297,0
83219321,0
38046854,0
92548337,0
59915182,0
96037124,0
90327262,0
175477725,0
182837568,0
97793193,0
90262132,0
127844686,0
45559448,0
161898522,0
85164847,0
37164077,0
120484360,0
94339463,0
100317946,0
151327129,0
94065364,0
122164068,0
101311332,0
96695949,0
117154000,0
98950443,0
109551612,0
31716618,0
33462255,0
118244434,0
112067354,0
61238430,0
83248871,0
199079758,0
36832606,0
115197045,0
114743734,0
78480332,0
77279852,0
90531276,0
88024525,0
41389116,0
177919731,0
62182665,0
152694701,0
105108652,0
66981937,0
151988028,0
100883317,0
67316240,0
117421141,0
120038284,0
79135131,0
92559332,0
89334843,0
35576413,0
35504473,0
83207477,0
135234266,0
124818419,0
155526981,0
56395168,0
173107826,0
111582550,0
116550405,0
80322642,0
58575660,0
61233564,0
37681659,0
96595645,0
71807364,0
42267462,0
109963648,0
88107499,0
103830153,0
86558011,0
151285677,0
94017477,0
44126668,0
133879841,0
94302028,0
115729372,0
65894406,0
194360972,0
156104610,0
100710974,0
115451731,0
108975928,0
59619775,0
109865416,0
82689264,0
45131265,0
56413891,0
125491733,0
164971245,0
73716126,0
185608538,0
61177643,0
42228092,0
81394816,0
105717932,0
195235202,0
62936090,0
98462737,0
87681122,0
111733574,0
121327244,0
59281652,0
115140078,0
65971487,0
115512073,0
85007091,0
185444446,0
73631001,0
148251070,0
61149287,0
83511215,0
105059195,0
203780769,0
36266851,0
133550522,0
63123435,0
210370585,0
179243255,0
143064494,0
163614767,0
178695216,0
84819766,0
152836794,0
95126228,0
90172526,0
38830915,0
149008177,0
114636630,0
82417139,0
112704664,0
114796122,0
102823681,0
61830882,0
153942397,0
105532778,0
106003529,0
148108198,0
80550106,0
103861785,0
115815169,0
44631034,0
58248749,0
139062163,0
65106012,0
148368696,0
71220903,0
142702477,0
42543485,0
122913961,0
134006507,0
196539312,0
138059302,0
77527816,0
42923919,0
45126676,0
174329337,0
67734258,0
90769983,0
93570818,0
116822984,0
107117136,0
141842983,0
62895092,0
59433703,0
75930806,0
67121128,0
107008482,0
140670049,0
145715993,0
45633717,0
145426823,0
121751262,0
78261730,0
82894641,0
33352989,0
138634730,0
35923172,0
37316404,0
113200642,0
133519156,0
44807375,0
133507994,0
155401647,0
65066474,0
115122451,0
121476976,0
35889694,0
76522686,0
192236707,0
39096891,0
124455010,0
79479215,0
97633690,0
174201664,0
33926551,0
99877851,0
114740606,0
178674016,0
106725885,0
131139437,0
75548122,0
33303463,0
100005919,0
158345731,0
80293368,0
58162271,0
71831949,0
75369620,0
83962759,0
162557456,0
93581122,0
141337768,0
93115060,0
112034242,0
107224843,0
140334917,0
142580755,0
195296581,0
55831377,0
78336167,0
101849126,0
40139812,0
139864601,0
104227553,0
73675473,0
36910329,0
36187075,0
107005175,0
39221495,0
103010976,0
73855791,0
103669032,0
116343321,0
117195305,0
66197077,0
138102284,0
41118077,0
140550015,0
82368650,0
90096767,0
81106555,0
66910165,0
198990132,0
96052451,0
115530500,0
195261642,0
74023791,0
154213564,0
99658686,0
122404906,0
31383785,0
102173807,0
114490796,0
70201372,0
134401331,0
103008617,0
162547803,0
177330990,0
57168748,0
103595415,0
124799390,0
148278912,0
109060323,0
66269105,0
165511339,0
43177528,0
135364357,0
89200104,0
78115008,0
113682634,0
44799301,0
128086146,0
106446743,0
155442626,0
138727958,0
120868633,0
110009552,0
146782799,0
137216971,0
147578604,0
31149432,0
143152156,0
45345061,0
117312496,0
125170290,0
106364599,0
152942033,0
117176256,0
90821620,0
43216128,0
94687742,0
77376644,0
110895023,0
82400400,0
103489820,0
56072570,0
56217357,0
74196716,0
155880146,0
44806516,0
33242390,0
205396235,0
198561278,0
81642277,0
64312940,0
63928933,0
74871866,0
164345492,0
95799730,0
108515491,0
162745482,0
115667421,0
126091055,0
137190066,0
65283309,0
134305063,0
150391925,0
129406176,0
32216109,0
73909175,0
42862865,0
59679437,0
184568420,0
72708528,0
77401101,0
147546400,0
149262487,0
148366051,0
124031851,0
82230920,0
102561455,0
83764005,0
146061143,0
98859386,0
93633944,0
56457465,0
145300976,0
78132024,0
67388782,0
103557535,0
162564463,0
157244974,0
78262006,0
38082029,0
77512163,0
79661783,0
212740079,0
96448361,0
109559804,0
115847561,0
133321586,0
119051343,0
93826520,0
78619128,0
60190465,0
97383150,0
175100212,0
139923118,0
94093957,0
196363534,0
66436464,0
77174800,0
175063882,0
78067684,0
83071237,0
66541792,0
119578854,0
77572072,0
57764763,0
60494834,0
32748209,0
82504446,0
57655783,0
180121137,0
33797210,0
196062531,0
144440998,0
38256060,0
109949446,0
85507816,0
60490136,0
129182472,0
72321087,0
186187439,0
150223362,0
162880636,0
63523174,0
88946376,0
69664525,0
82836943,0
59019387,0
55941048,0
140620168,0
82515835,0
94754381,0
160756806,0
85889513,0
114267171,0
91222603,0
76072652,0
87315236,0
98732325,0
79070100,0
130229064,0
75342627,0
80504045,0
102244582,0
108439456,0
80272109,0
129477691,0
65915457,0
50882234,0
124749667,0
75435904,0
62163182,0
122558566,0
132876141,0
78289858,0
116195395,0
145430406,0
88395879,0
111929881,0
114264822,0
165387338,0
144672134,0
59166810,0
164660066,0
142565319,0
131375261,0
173628033,0
63177797,0
81120490,0
35789606,0
98839045,0
111819262,0
122045159,0
98460348,0
162592147,0
106875992,0
87163590,0
90480329,0
141079608,0
64074549,0
90252401,0
131572771,0
131910282,0
87726098,0
205941857,0
81380939,0
65025486,0
64473340,0
32403720,0
134024055,0
128606551,0
75571217,0
124205319,0
122530171,0
163439068,0
134613439,0
45104065,0
80632725,0
123694844,0
33529210,0
93771921,0
75772418,0
130262029,0
73912284,0
107903329,0
66956789,0
78604561,0
175224135,0
116862521,0
76647260,0
128515573,0
39537480,0
99012444,0
139232907,0
56126903,0
58719519,0
80945532,0
87134830,0
134043834,0
113992243,0
66548997,0
81992579,0
66385507,0
174433866,0
44747634,0
38322285,0
93404121,0
40448711,0
165390466,0
78141183,0
89673075,0
166277734,0
88775938,0
42440436,0
130107757,0
90055028,0
83849831,0
62567086,0
177641774,0
79873456,0
153799761,0
40557197,0
155485085,0
87467643,0
72867488,0
102040834,0
79524615,0
134934773,0
155091554,0
87631508,0
125342781,0
36966665,0
194556558,0
161424869,0
65784103,0
40441684,0
34784930,0
106674356,0
66074289,0
141162513,0
139045976,0
207299292,0
133629064,0
145965605,0
84891972,0
34479900,0
118096814,0
85502822,0
82186911,0
130141787,0
191727189,0
104170141,0
139266759,0
116321795,0
160109774,0
79586241,0
96436103,0
86327131,0
193442092,0
193735318,0
42229937,0
62803463,0
121030554,0
73844243,0
63864031,0
127612711,0
144058235,0
77349512,0
96827274,0
77949239,0
132651430,0
93226201,0
166572608,0
155242934,0
62969588,0
78741255,0
72910164,0
185050708,0
76552680,0
118145748,0
147596774,0
98916591,0
97103564,0
144791892,0
33783096,0
185011111,0
107253781,0
89801745,0
63184094,0
116953667,0
166266473,0
36550474,0
32733927,0
91402674,0
56229171,0
113019248,0
142273564,0
99261306,0
108270725,0
112328534,0
31865787,0
71496955,0
120112000,0
108065131,0
115176842,0
132660550,0
65732919,0
113459738,0
77624568,0
129514850,0
99379445,0
64627543,0
37689939,0
35809444,0
37167077,0
110868513,0
36773833,0
84742112,0
117094881,0
204885908,0
65254273,0
89223988,0
33479211,0
104382604,0
200716276,0
115660236,0
120989694,0
207149896,0
59471672,0
74990193,0
112996874,0
58199243,0
38951107,0
106990845,0
146458414,0
115204744,0
117586062,0
140980715,0
120878641,0
62969627,0
92161794,0
62155642,0
150074775,0
168858586,0
135780776,0
75444590,0
161475767,0
125947749,0
81981307,0
131896968,0
86538262,0
86501399,0
145400215,0
146070993,0
87195962,0
198907918,0
106284605,0
122813004,0
120689796,0
44508395,0
73381862,0
91867729,0
112683928,0
118638261,0
96094407,0
137065315,0
90093194,0
104847798,0
112021441,0
75941307,0
193611395,0
139428769,0
177376064,0
176980352,0
45119294,0
131988124,0
77658283,0
141171248,0
58592724,0
33558197,0
96788901,0
42597837,0
118282550,0
136149455,0
51651748,0
111400199,0
124445417,0
89859749,0
34333563,0
56305838,0
144350138,0
104912533,0
73966715,0
130411149,0
155108145,0
112775607,0
126174286,0
157187661,0
124576752,0
160829397,0
87096220,0
77571805,0
72468124,0
89033090,0
74750105,0
107275741,0
89683931,0
125943435,0
80929780,0
144712689,0
111529876,0
82505601,0
212337784,0
97586059,0
32745199,0
117461735,0
213351462,0
126091035,0
71863759,0
32003004,0
120185341,0
40319774,0
38017788,0
131189209,0
142141025,0
72461699,0
150755827,0
116341633,0
86207235,0
60606676,0
75379993,0
44218426,0
122521723,0
45610277,0
61107470,0
120042192,0
41169241,0
116395817,0
80757171,0
144628945,0
117805700,0
61912494,0
67194726,0
56684042,0
124487590,0
172390078,0
71664551,0
67439847,0
31321469,0
74922122,0
82194590,0
159955601,0
89277353,0
31373748,0
138024295,0
83950886,0
90685430,0
165660074,0
154270324,0
140008598,0
110877643,0
86386003,0
103670897,0
45194243,0
123745554,0
121800748,0
154126425,0
119600310,0
74797657,0
117298738,0
88920399,0
97284869,0
165653847,0
92540708,0
72390668,0
104687338,0
151717413,0
167264497,0
45254359,0
78732915,0
145669941,0
105806670,0
115089713,0
105261118,0
35053729,0
149394602,0
78664992,0
76731043,0
75054503,0
128906626,0
145427149,0
99789952,0
143300457,0
60209839,0
102888790,0
145957423,0
58818274,0
125132796,0
142418864,0
109180179,0
58879259,0
96139146,0
41258532,0
33343603,0
83215798,0
86690007,0
44696421,0
88830586,0
115621567,0
42115638,0
135140998,0
44212168,0
83973349,0
194574382,0
158358966,0
113533583,0
180597385,0
83422358,0
44159060,0
66995281,0
32588854,0
123881359,0
41889416,0
100298493,0
133936917,0
33817867,0
32355912,0
75139343,0
114171455,0
43170777,0
179452422,0
73734878,0
155371259,0
184952130,0
122782912,0
183396750,0
94247192,0
109598216,0
136371077,0
67417907,0
112088870,0
111793266,0
35463880,0
69923632,0
80084093,0
152491328,0
129087724,0
83269508,0
93560297,0
61566594,0
94540073,0
139819487,0
43604724,0
142185922,0
145435696,0
183707553,0
119540017,0
83567836,0
106960802,0
83307605,0
99145082,0
203640107,0
135192922,0
61543697,0
84258936,0
100139800,0
78518616,0
117127382,0
150096025,0
97003013,0
134194326,0
127585027,0
115622751,0
116699762,0
212501541,0
124123757,0
117434179,0
193738585,0
80061709,0
117033650,0
136054203,0
152412263,0
103898352,0
37527653,0
109821723,0
42596366,0
179644119,0
80549613,0
193634983,0
117157366,0
74750214,0
152323969,0
75094150,0
111531001,0
118457439,0
107677779,0
116058889,0
31844568,0
83399639,0
59020986,0
85465909,0
180978213,0
79849739,0
82542158,0
60414515,0
63002444,0
157158407,0
80464270,0
130324878,0
84891311,0
113408456,0
162174673,0
63871038,0
38053605,0
58474496,0
77630875,0
63640839,0
128481473,0
105064861,0
135062219,0
63466779,0
162835404,0
151401003,0
103034466,0
80783256,0
165282661,0
60365364,0
161161992,0
84981065,0
43120768,0
100398176,0
130700703,0
175995504,0
89491829,0
95967227,0
61107894,0
71714965,0
61542443,0
163739627,0
35134778,0
34548099,0
40036201,0
75543977,0
56676847,0
182590265,0
158113588,0
80048336,0
71097532,0
115617412,0
99424540,0
104410910,0
129804267,0
66883567,0
137956372,0
63144546,0
62583242,0
84142770,0
62853650,0
112046352,0
72827319,0
74025153,0
184527629,0
161701080,0
116843661,0
125898144,0
145367478,0
62215866,0
196082813,0
101816280,0
139118952,0
74973435,0
40336355,0
43242598,0
38762045,0
56182686,0
41278123,0
91824155,0
194845007,0
127421784,0
120028710,0
206974770,0
163048548,0
85033542,0
117882880,0
77890149,0
113452919,0
75265950,0
74621484,0
123328622,0
60638042,0
87464040,0
71754384,0
40570660,0
175705170,0
76261438,0
107222899,0
65439071,0
88130683,0
134508544,0
95593357,0
156279410,0
58710015,0
43781745,0
81962753,0
194599718,0
96010940,0
82865288,0
130025287,0
80477565,0
59072812,0
120728268,0
200755498,0
136598690,0
61315847,0
118998452,0
87919463,0
115123852,0
79978942,0
89480262,0
143230392,0
164274115,0
38543857,0
62122411,0
150200692,0
134647834,0
109423357,0
198644873,0
116542243,0
198780176,0
81220795,0
84521368,0
112795435,0
94322566,0
151110640,0
85937380,0
190867231,0
84689991,0
74458231,0
104073686,0
98974496,0
83607039,0
90693325,0
175875065,0
62881354,0
124557684,0
80261973,0
40217377,0
140942747,0
102535261,0
132676479,0
96502436,0
86987595,0
66797089,0
112237733,0
77126854,0
62704303,0
106276443,0
149026989,0
63114276,0
154840590,0
61495651,0
96186263,0
71815744,0
109161052,0
76706774,0
71911982,0
60863928,0
177424376,0
61313113,0
79118086,0
45583471,0
183384176,0
62558420,0
155966643,0
106489271,0
107673703,0
62292444,0
118057237,0
140037260,0
121466899,0
132756946,0
72702824,0
107565897,0
92309720,0
78712514,0
60901896,0
76245074,0
64016605,0
173572329,0
106866192,0
75547678,0
103860552,0
72496973,0
92280091,0
102694458,0
126098793,0
79883918,0
131837938,0
118452534,0
104883447,0
125420939,0
59155479,0
173799270,0
105231706,0
213154267,0
85285582,0
98479663,0
115880111,0
162271445,0
77825533,0
41435099,0
157187582,0
113661305,0
184643685,0
93292466,0
131228391,0
124311329,0
92700704,0
138542232,0
38866436,0
92310213,0
73853304,0
139674285,0
102924331,0
112962695,0
109545582,0
161388016,0
141134770,0
141071051,0
92923145,0
57021641,0
61417593,0
151998272,0
33985176,0
171669311,0
128374526,0
181043777,0
92282085,0
75537127,0
128327961,0
119780707,0
139908185,0
145690075,0
75628510,0
113962822,0
96705819,0
160438472,0
125762970,0
34411810,0
97732613,0
32917107,0
157171307,0
56038165,0
148116893,0
82262631,0
79227727,0
60890595,0
35650386,0
89030504,0
102716615,0
39226123,0
88755093,0
59544125,0
129569735,0
159869351,0
105815029,0
123456058,0
67291991,0
76010187,0
146664008,0
209779603,0
135513635,0
36270384,0
129305615,0
122231872,0
75686050,0
64444334,0
65990032,0
90933315,0
108176480,0
173694978,0
108107847,0
143294900,0
73128125,0
66571095,0
151906988,0
63283303,0
94673145,0
74759185,0
63794489,0
207076743,0
152366211,0
63320551,0
131769788,0
60073570,0
93002981,0
136620462,0
61500734,0
105815168,0
113865231,0
100148485,0
89046394,0
120585346,0
82437490,0
115834494,0
128147071,0
131145309,0
104823578,0
131635276,0
61626749,0
66207469,0
121205769,0
134464151,0
102303908,0
135549600,0
136423218,0
145681716,0
45311790,0
116159134,0
204321751,0
43228189,0
99605677,0
55919631,0
62355126,0
134037458,0
80565542,0
130657731,0
47610184,0
78295918,0
40354910,0
90913181,0
86687589,0
111835448,0
40227760,0
107838219,0
176464962,0
62500328,0
109515914,0
147753198,0
104918425,0
108277239,0
107489052,0
95712641,0
175843729,0
92239843,0
57231913,0
93249553,0
108180112,0
126615407,0
154519936,0
122807408,0
59662205,0
93565479,0
45559646,0
184565311,0
62331676,0
133233974,0
185703256,0
115716858,0
55932767,0
162458582,0
45079894,0
74748457,0
127145780,0
154275970,0
67517047,0
76239675,0
116132901,0
106410216,0
103620474,0
199955873,0
102195017,0
146039153,0
34728209,0
82408286,0
116125992,0
119624431,0
173984217,0
62596606,0
181354650,0
85880630,0
127626292,0
66845934,0
114766849,0
144949569,0
184801550,0
127895248,0
32520181,0
159645804,0
34135184,0
75052066,0
99728721,0
75510430,0
144511507,0
34949486,0
184480412,0
44601090,0
36584919,0
56372054,0
206635848,0
105847431,0
41517747,0
109134996,0
92130409,0
175071058,0
57165333,0
76446552,0
97296446,0
66357408,0
157831268,0
154439568,0
95296973,0
129178307,0
77965366,0
162851402,0
67494249,0
61884563,0
157141550,0
94547504,0
84753758,0
67016964,0
63587761,0
38359898,0
131142013,0
81555375,0
40142161,0
81646136,0
95394277,0
164982358,0
133145384,0
166282294,0
67525673,0
63839436,0
85146193,0
92313776,0
204289063,0
34137257,0
86688171,0
114170764,0
195237807,0
87227545,0
34515954,0
34713119,0
113242054,0
37717209,0
75062064,0
67781188,0
100677624,0
159368616,0
80202509,0
38928506,0
75223905,0
135908488,0
126520235,0
65728083,0
88183939,0
66946772,0
71885324,0
158465202,0
103836174,0
118558504,0
100769244,0
127559613,0
62649645,0
89290746,0
95834728,0
106160219,0
103609153,0
78236266,0
194666387,0
114166057,0
87453954,0
114248478,0
34404792,0
111829981,0
45241242,0
42223098,0
76160935,0
161397610,0
93257577,0
56105219,0
78339483,0
113785514,0
127346597,0
78660136,0
140550351,0
111702909,0
153790454,0
111147271,0
72297696,0
80758651,0
63926495,0
148056313,0
60787290,0
43289568,0
212219853,0
32508782,0
114643341,0
63682371,0
116536104,0
106438551,0
121140926,0
88709397,0
82674953,0
117947872,0
122167858,0
86954611,0
121735471,0
154611684,0
199562016,0
113620050,0
77698926,0
74197901,0
113697191,0
84665396,0
84026743,0
132880770,0
37546218,0
154172645,0
88756475,0
64314943,0
88160479,0
80789533,0
36217128,0
81466312,0
152650633,0
208161323,0
164175686,0
73243372,0
44438192,0
156899380,0
212261571,0
138802977,0
103142558,0
64037025,0
38962003,0
97371218,0
39758026,0
185141706,0
40433788,0
63875509,0
102255063,0
39442820,0
66491240,0
77993425,0
100549112,0
41333392,0
185550327,0
95596466,0
76299268,0
123770711,0
75916248,0
138870238,0
34141185,0
86096755,0
98601958,0
155254857,0
39511454,0
59784430,0
68066952,0
83657758,0
64165488,0
84160980,0
78213201,0
164320463,0
45297558,0
164958355,0
99574893,0
59575628,0
79763203,0
66880932,0
184490440,0
121072618,0
151323813,0
121879685,0
122777553,0
204211350,0
126141321,0
35984452,0
123919091,0
86813969,0
43626723,0
84202156,0
66992912,0
139730542,0
152329852,0
64018786,0
157092380,0
84920436,0
96346615,0
162063906,0
139258676,0
120934335,0
59383053,0
60144374,0
113783827,0
106853035,0
176649800,0
75387632,0
44264793,0
44172759,0
41577024,0
88680558,0
38094011,0
152954459,0
163730794,0
89872579,0
115663414,0
33983498,0
31670043,0
103088837,0
96553344,0
130339298,0
43547362,0
79634552,0
191817693,0
125220694,0
131472940,0
113722438,0
99263774,0
106925488,0
114063956,0
148115323,0
140516676,0
66709289,0
88833093,0
124830559,0
44292773,0
101437751,0
86666863,0
175483025,0
97579378,0
72467108,0
195050285,0
126807855,0
152259146,0
57678128,0
131582256,0
180254120,0
90588816,0
116378407,0
154228566,0
131412459,0
136933674,0
194984366,0
143238407,0
112033058,0
151264230,0
115084907,0
136989911,0
194371878,0
122781668,0
196387784,0
124716209,0
148064357,0
135157570,0
88191568,0
148016933,0
174079251,0
174229398,0
199088473,0
143022736,0
63737344,0
83588691,0
107344137,0
192415989,0
114708155,0
31652081,0
74928409,0
78114614,0
61522536,0
116443655,0
134547273,0
95212282,0
115017468,0
97586987,0
98853859,0
69160741,0
140341964,0
96575669,0
122782971,0
85713528,0
82739865,0
111525049,0
63282129,0
37373303,0
74984311,0
132211473,0
198858619,0
71803436,0
121000461,0
78590141,0
125628763,0
125464059,0
122166012,0
112647115,0
34698364,0
80642022,0
195958042,0
113121004,0
90556503,0
80067285,0
138024236,0
144645506,0
75863189,0
127689191,0
114127358,0
121641472,0
34016315,0
79659888,0
180196244,0
140285816,0
45418836,0
76336378,0
88017903,0
203894555,0
79387773,0
145642208,0
46671141,0
68879645,0
141580886,0
32528235,0
84079871,0
77456351,0
67709574,0
38102657,0
131515449,0
106328002,0
176044211,0
75229620,0
114558818,0
83113312,0
88577805,0
66971002,0
80077510,0
117042849,0
143378071,0
140705531,0
58405429,0
134439220,0
109047858,0
144662808,0
61670264,0
61438427,0
150988632,0
108271159,0
85971480,0
116018808,0
76032236,0
128054238,0
44909051,0
92603933,0
82249425,0
61991540,0
193966681,0
139437543,0
98286841,0
192915845,0
141111902,0
41601964,0
73838065,0
75365574,0
121004449,0
125609409,0
100293144,0
98696686,0
93712319,0
133307335,0
75074953,0
86284998,0
108094000,0
107025151,0
81035326,0
128495409,0
133527891,0
113473645,0
60452918,0
108271268,0
89648115,0
116388060,0
132503367,0
184528468,0
140034398,0
81496986,0
37400454,0
121608212,0
166126838,0
126318332,0
82532515,0
200322864,0
181122517,0
142615565,0
135114124,0
160602978,0
73999778,0
166539545,0
83955968,0
142233908,0
185338367,0
126375527,0
117535786,0
73938764,0
40995704,0
134585409,0
104594525,0
150207709,0
62881314,0
58419345,0
64397838,0
161145352,0
120332230,0
62888539,0
110055298,0
175416425,0
157232864,0
146463882,0
91774037,0
78882321,0
119209849,0
57157013,0
80052086,0
148220918,0
62314128,0
31529105,0
35496311,0
88483975,0
117276265,0
62215945,0
113654160,0
127606237,0
77824497,0
75747675,0
116866746,0
76040714,0
149295313,0
88000404,0
82981918,0
66616555,0
86002253,0
135519656,0
125032017,0
196112027,0
76184287,0
41048141,0
42912993,0
74847192,0
77634615,0
89853837,0
63622531,0
78509852,0
126312351,0
45590794,0
102718421,0
92917845,0
132073723,0
41716530,0
137912206,0
37969269,0
90620014,0
55837575,0
76779621,0
150156950,0
106300209,0
127836199,0
102797428,0
127082901,0
204648840,0
128247090,0
72168454,0
67619454,0
102674966,0
58174036,0
193673100,0
129567900,0
98290976,0
161768519,0
174341427,0
87861144,0
128348332,0
166483910,0
143373768,0
111171283,0
59888209,0
56301733,0
162863887,0
88684022,0
108344165,0
160183490,0
76157975,0
106277983,0
89212638,0
89262519,0
109610307,0
117922181,0
112721305,0
178334136,0
36809788,0
96555683,0
43011728,0
127540456,0
108921527,0
111242157,0
92150415,0
86425107,0
137970426,0
37193548,0
136567067,0
203689011,0
81627502,0
82620660,0
117096520,0
153899691,0
147210103,0
129108203,0
140349623,0
96502278,0
194040377,0
117110623,0
122060398,0
132152907,0
59667287,0
150107059,0
209952923,0
71906011,0
74577841,0
79533823,0
126201693,0
102678785,0
45566387,0
79608319,0
101610025,0
55953257,0
109764648,0
185852959,0
151733560,0
44302229,0
40660582,0
193382440,0
166937023,0
90323857,0
65884447,0
117159192,0
144171538,0
77432743,0
175726429,0
79533577,0
119384028,0
90191574,0
78444367,0
134194049,0
38466332,0
59596828,0
141231334,0
57100559,0
41886426,0
111743148,0
131823874,0
99691345,0
112605820,0
87026669,0
163029697,0
68215687,0
158044717,0
35593744,0
177732110,0
81459501,0
69069250,0
144748782,0
114455542,0
65827924,0
117007427,0
159883444,0
152429732,0
31236225,0
144173828,0
76086805,0
56418411,0
41643495,0
62974473,0
119569132,0
195177928,0
93521954,0
45368402,0
100557166,0
121280867,0
204675813,0
84244487,0
90442667,0
88917754,0
159240706,0
114103276,0
204130399,0
104022887,0
162704542,0
96994633,0
125034781,0
115759692,0
33025505,0
134461772,0
208563312,0
41150913,0
127137223,0
132097913,0
107778854,0
34259295,0
91980233,0
175982901,0
59796767,0
143058869,0
63684937,0
149713824,0
64984625,0
163812080,0
86655730,0
115359341,0
41535482,0
194728338,0
120489344,0
55982165,0
146469764,0
124005943,0
71176065,0
66996771,0
174274176,0
84650601,0
131919649,0
95139335,0
153170791,0
76806477,0
133330114,0
44440788,0
39425006,0
89507828,0
156252832,0
157279497,0
75526053,0
60155053,0
77825760,0
102059882,0
91357342,0
60393907,0
114199199,0
61787574,0
60456402,0
44488113,0
143074542,0
125253284,0
134141671,0
107405704,0
64082307,0
171479963,0
75348746,0
151176855,0
56939655,0
66308228,0
115991874,0
41339472,0
107328583,0
80297247,0
128955244,0
89528140,0
104861260,0
107193102,0
44815478,0
106588846,0
64313956,0
115020903,0
140358584,0
32317253,0
85382639,0
129222513,0
134471958,0
65717187,0
87442929,0
115392365,0
109919275,0
123910781,0
56599055,0
148357612,0
111362063,0
125137533,0
116236177,0
100894538,0
196370236,0
123746945,0
134268743,0
100777347,0
66170636,0
125407565,0
94438031,0
135823324,0
80102451,0
111208344,0
124643717,0
155798484,0
122982959,0
129406877,0
45050384,0
88146701,0
47771108,0
82328925,0
43609471,0
112431533,0
77290058,0
90646445,0
55866049,0
191850717,0
143320719,0
189420288,0
195185597,0
150920215,0
37451401,0
74579637,0
65990792,0
66667768,0
99229862,0
195489117,0
154452734,0
191100489,0
102292262,0
118586958,0
60891029,0
60445190,0
104309105,0
153335732,0
166296496,0
78234687,0
140172355,0
84841025,0
33953297,0
161729435,0
101517932,0
149474348,0
119484757,0
67086131,0
97420675,0
176336726,0
82725140,0
36509969,0
74086858,0
64671196,0
177262978,0
160692101,0
115943345,0
37224913,0
95576687,0
117528848,0
140901699,0
111535649,0
77588051,0
61353944,0
102964451,0
79673083,0
42088121,0
87079264,0
63826161,0
166576980,0
153800827,0
111982634,0
43870305,0
77527510,0
130230555,0
103797288,0
123622924,0
112063772,0
37538628,0
44554851,0
153059541,0
97629525,0
156736679,0
175376729,0
125738700,0
128066397,0
84762443,0
151733629,0
80741132,0
78599764,0
127416543,0
136895488,0
94493607,0
78133021,0
166554182,0
59742780,0
203918272,0
103892687,0
92221545,0
72448405,0
122195631,0
114079036,0
117992630,0
118386635,0
58880384,0
73921572,0
62773676,0
43868341,0
152801688,0
94524913,0
155063534,0
140304065,0
119886351,0
74991091,0
85062114,0
103933982,0
57632145,0
88407703,0
111999343,0
185390627,0
194074753,0
62932468,0
87438754,0
77604592,0
115445177,0
85989640,0
108736393,0
94170752,0
82342456,0
76575212,0
103896556,0
129998846,0
59019822,0
95024522,0
71631152,0
81674264,0
82333070,0
78532285,0
61556093,0
76781122,0
92412374,0
65866376,0
164992889,0
99737189,0
81243791,0
122765759,0
89848527,0
102638172,0
153031363,0
100791085,0
99167545,0
96599672,0
100636626,0
112764593,0
175223425,0
40126014,0
84039179,0
78968177,0
82228176,0
86911066,0
152150787,0
55992538,0
137965156,0
102311942,0
73788520,0
145780807,0
32210236,0
120875384,0
84109155,0
138603631,0
102093468,0
84629539,0
60258664,0
143061780,0
78049849,0
96172831,0
104974248,0
83732264,0
146526436,0
140520416,0
124752391,0
85968450,0
63638678,0
151733609,0
108982600,0
212383046,0
39788355,0
206385742,0
32182187,0
32362090,0
82228650,0
138984351,0
59131891,0
127173405,0
71276735,0
68511815,0
129459985,0
98172482,0
81439328,0
105724574,0
80661692,0
158585266,0
167155161,0
83855012,0
94112946,0
147282171,0
127500760,0
126127602,0
102914807,0
161491657,0
75758937,0
96549317,0
166733848,0
87483552,0
71806358,0
74597876,0
74713874,0
157290778,0
130043575,0
199039697,0
119355080,0
92592671,0
38980084,0
127671722,0
46395739,0
153704135,0
69514073,0
123953250,0
75247010,0
136413792,0
33022525,0
156507122,0
90567468,0
178798146,0
44147937,0
105837127,0
128148196,0
150233449,0
156017757,0
31307128,0
89716096,0
141704305,0
43563953,0
148434911,0
159406259,0
69330824,0
31845861,0
90294771,0
124421681,0
129182985,0
179788758,0
93730864,0
85470134,0
147481951,0
92246979,0
106288612,0
67109087,0
85552150,0
134164628,0
74005572,0
92809892,0
35167387,0
112063259,0
106584829,0
66235558,0
80828330,0
75577267,0
154248749,0
62877968,0
96061038,0
66126440,0
75423271,0
196313525,0
45286791,0
184506981,0
89044776,0
196230038,0
84770033,0
44104402,0
73249363,0
115731159,0
99055890,0
114029185,0
163100679,0
33173628,0
109246987,0
32992827,0
115078965,0
59513331,0
63947498,0
39621352,0
93734506,0
35451908,0
213735715,0
156391194,0
57902069,0
40127593,0
194077339,0
119698434,0
139955076,0
188177033,0
83127514,0
137899503,0
66883537,0
82408345,0
107146863,0
145239202,0
196077207,0
149974342,0
104961990,0
115933081,0
38350601,0
33174023,0
47118017,0
58416394,0
102484778,0
115888382,0
72253046,0
75374476,0
131854312,0
95789713,0
74047271,0
66884682,0
76764659,0
203919664,0
81531727,0
76676790,0
66398900,0
203989738,0
60367319,0
63412082,0
84119399,0
76800920,0
124436870,0
122243005,0
84113399,0
99449776,0
70359740,0
159500149,0
56655311,0
97153179,0
78514530,0
36982772,0
67687801,0
173617709,0
114472942,0
62162225,0
45560346,0
95955147,0
63880424,0
145740134,0
127244299,0
80221587,0
67007253,0
79571150,0
147317701,0
31645725,0
112888930,0
112139580,0
71704158,0
74151672,0
98498968,0
118120373,0
78185714,0
36484456,0
165874649,0
65988019,0
75145047,0
151665795,0
191982417,0
113279194,0
128356751,0
95582520,0
75748613,0
106286757,0
89104003,0
77660434,0
44956119,0
89095358,0
72022245,0
69506414,0
194753782,0
139757930,0
81378739,0
151593934,0
144485165,0
66304340,0
114143919,0
131992269,0
65458426,0
59533406,0
203383231,0
116038419,0
64059982,0
110126309,0
75094623,0
45523770,0
73173426,0
66130723,0
161078821,0
66373900,0
32726150,0
89224422,0
195351268,0
88643399,0
132190944,0
136606299,0
72408542,0
87661067,0
98759388,0
83836665,0
71106208,0
39691673,0
132199472,0
133041378,0
203780759,0
173502067,0
140098895,0
62030199,0
38651545,0
102308063,0
114443659,0
124643313,0
150975199,0
109969708,0
65219177,0
159423580,0
40855792,0
137087679,0
97069425,0
111741125,0
75361409,0
32586752,0
90424981,0
98779897,0
37516797,0
78317424,0
133169308,0
115338398,0
120406775,0
86872298,0
38234228,0
147209866,0
117314145,0
99447852,0
145455564,0
82253965,0
40478290,0
92585171,0
75327398,0
206455323,0
127150962,0
115565616,0
117232217,0
132621141,0
102724797,0
92825821,0
121607077,0
39458730,0
152278125,0
131662328,0
58194042,0
173538012,0
164871355,0
44441222,0
132098782,0
93947492,0
122559888,0
120661292,0
65521029,0
86478501,0
123868934,0
34342525,0
171396081,0
92383238,0
67245643,0
97659292,0
109921535,0
149986235,0
72134384,0
127754616,0
134149804,0
76826680,0
143520786,0
205583166,0
75392656,0
68339669,0
152243039,0
148076960,0
120597999,0
45615172,0
102612708,0
75883175,0
185852722,0
115233869,0
59571029,0
113493680,0
41991873,0
59308241,0
90491423,0
78109383,0
78449568,0
115719532,0
171882741,0
129815123,0
117689426,0
192127204,0
75908787,0
113299150,0
44010463,0
38218466,0
140808658,0
126117743,0
120747819,0
59422413,0
98731082,0
89478407,0
90652722,0
60928899,0
74430478,0
61882688,0
132967949,0
72450862,0
159509456,0
85189837,0
82473149,0
78020201,0
113497223,0
75302369,0
165751595,0
44197127,0
102402712,0
35179043,0
126948467,0
56483126,0
103726128,0
105972065,0
81324525,0
58108719,0
43447985,0
145165476,0
84062846,0
78885627,0
124908647,0
79397968,0
132000096,0
42344928,0
163930772,0
39118298,0
45098696,0
110356024,0
85227391,0
126031709,0
83944559,0
67503802,0
79777553,0
87226055,0
34277316,0
58014987,0
78124888,0
97098126,0
212185951,0
131855999,0
163187966,0
40717529,0
96536921,0
77211515,0
103645207,0
84375131,0
163786468,0
55944769,0
144584167,0
120686717,0
36042317,0
37213464,0
115861428,0
83952317,0
179837711,0
161513528,0
151860700,0
109225165,0
65759577,0
109111714,0
77382526,0
136070567,0
161983124,0
80591243,0
178275689,0
161753695,0
81593995,0
66375213,0
139018835,0
33361032,0
185325922,0
39742679,0
126707313,0
39876974,0
144270550,0
84207841,0
109525408,0
117250732,0
130648207,0
152465085,0
106224667,0
36342314,0
101775716,0
147286721,0
121088449,0
42343467,0
65140733,0
35612575,0
89468685,0
94033574,0
98167300,0
142435573,0
165426254,0
91522165,0
203710941,0
133270363,0
139872951,0
71582229,0
34930122,0
74562257,0
113159791,0
72325479,0
58355351,0
70688546,0
142368480,0
151189912,0
135015408,0
195157113,0
161960286,0
160483013,0
159450100,0
44113857,0
115561481,0
44660081,0
92164469,0
69823663,0
154448796,0
34949525,0
89121877,0
42934410,0
174128145,0
76732751,0
44880597,0
124490344,0
164415932,0
78327412,0
119742097,0
145802816,0
115401090,0
33409137,0
96963070,0
79514765,0
146403569,0
110230226,0
115724003,0
127476353,0
43060050,0
34671143,0
175749257,0
145959249,0
125236505,0
113822910,0
63946136,0
84760351,0
109662773,0
176246389,0
78758852,0
118481334,0
125502590,0
79304829,0
106387654,0
83196078,0
87170982,0
34315482,0
86499385,0
141303313,0
75751880,0
76007661,0
36438533,0
143044627,0
133016665,0
126739587,0
113277427,0
42815491,0
90371379,0
58074008,0
137792793,0
148568368,0
105114515,0
138144714,0
105231953,0
33818538,0
32757180,0
59566450,0
163123803,0
66120340,0
93830803,0
136279132,0
158946483,0
67164199,0
148050766,0
198666202,0
78875274,0
149552851,0
92038187,0
76511978,0
166807613,0
94569790,0
110874958,0
74882585,0
75597272,0
59758591,0
38503718,0
79133374,0
92588151,0
81461702,0
193628223,0
125043673,0
155429006,0
82213589,0
108853091,0
163647800,0
103137356,0
96785871,0
92591161,0
210498850,0
134044110,0
191553770,0
105549744,0
120694425,0
126490350,0
61477442,0
150081052,0
60860444,0
155568236,0
163832954,0
61606773,0
144964630,0
128494333,0
88187127,0
143295078,0
95396320,0
75162704,0
179333868,0
94006295,0
102226807,0
38620929,0
166942718,0
32311893,0
108686403,0
82135717,0
93857303,0
38807277,0
34657405,0
76501841,0
86093508,0
158951359,0
148813973,0
59209782,0
176530150,0
161628351,0
131651422,0
154322248,0
65875920,0
85010891,0
114862624,0
163193759,0
192375346,0
40284352,0
59951433,0
88989358,0
119778831,0
162455493,0
63819667,0
59433279,0
140406491,0
108074093,0
107194613,0
43985059,0
115549528,0
130431668,0
180153104,0
90197684,0
115290965,0
86462710,0
80687146,0
86699373,0
82685968,0
181184458,0
55720976,0
127293203,0
62278864,0
87204667,0
121620736,0
36087481,0
79661615,0
113703518,0
38800803,0
163888342,0
143365557,0
175838360,0
65807879,0
124575864,0
115370050,0
128041062,0
115084522,0
93400854,0
62368312,0
77353559,0
75059517,0
34287196,0
109903671,0
181004555,0
82314910,0
72657897,0
161393750,0
147784465,0
32239885,0
177748188,0
176957603,0
118071568,0
78713936,0
77151192,0
119585940,0
35468686,0
75505732,0
110269882,0
78140620,0
85514744,0
95462782,0
41838706,0
62229249,0
180200084,0
119844109,0
57034038,0
89825452,0
124447036,0
160511901,0
33886441,0
119604574,0
103870954,0
44315503,0
37194712,0
38501497,0
130725259,0
126225696,0
89525149,0
131807944,0
83162206,0
192770367,0
135271682,0
76555739,0
159033908,0
138973761,0
86908766,0
63931529,0
39215523,0
111229425,0
102461614,0
41737336,0
95660944,0
62319181,0
60819021,0
111649495,0
131899524,0
59171004,0
196509239,0
177549384,0
134541075,0
61835304,0
83975619,0
88444655,0
125378164,0
192634581,0
205535871,0
78488731,0
66672821,0
120962167,0
99886980,0
177455278,0
148056244,0
122523144,0
64318526,0
114818546,0
77610099,0
34838374,0
150251777,0
116212499,0
90755326,0
78882123,0
106655663,0
164177038,0
40615250,0
112870020,0
41929783,0
123958727,0
83364197,0
122053203,0
86986786,0
196298099,0
200112740,0
120673166,0
87888729,0
195050660,0
95979762,0
127671189,0
109753771,0
196596950,0
146567375,0
134750133,0
80563420,0
90962124,0
63200773,0
37612058,0
69984883,0
123632793,0
125377611,0
64046441,0
36205126,0
116086682,0
91506551,0
76067993,0
35913114,0
79449843,0
116535916,0
40675564,0
96094417,0
100722679,0
189604346,0
174612259,0
119981336,0
147563968,0
99018761,0
144615384,0
136120043,0
66278382,0
85972654,0
38795128,0
133715255,0
42892237,0
32057919,0
159373344,0
119423072,0
36869923,0
133828183,0
140950425,0
160751476,0
60167963,0
106674544,0
39120923,0
124482527,0
33342527,0
177358496,0
88489601,0
40574301,0
151654544,0
64820751,0
75559719,0
81249614,0
110467215,0
87056603,0
85218863,0
74760784,0
61246987,0
135608166,0
86019703,0
56522802,0
101948444,0
92700477,0
154850539,0
36894706,0
106589280,0
74414085,0
71073470,0
209972139,0
33374840,0
130325994,0
111852937,0
80786829,0
99493666,0
150613853,0
75021302,0
78651797,0
75041031,0
102766299,0
62140669,0
125822158,0
144765136,0
84720241,0
175650147,0
42290310,0
119332804,0
115834148,0
117353327,0
62881186,0
59352358,0
105786556,0
88592945,0
78188300,0
82173528,0
65977212,0
32598467,0
203779574,0
194627599,0
77336277,0
80720199,0
155445034,0
45510219,0
78636124,0
89815671,0
127706413,0
36611024,0
176049293,0
66809456,0
121810647,0
91582014,0
119846310,0
36369998,0
37974559,0
145694892,0
63291870,0
105880080,0
59478275,0
155843312,0
121374658,0
77449471,0
57008653,0
40274374,0
40110953,0
156871231,0
115891204,0
93604079,0
63916991,0
98918091,0
114539157,0
65818725,0
195486906,0
149958768,0
96006173,0
60709537,0
66027122,0
116863242,0
78164238,0
82225629,0
177978268,0
51153392,0
35472348,0
98971456,0
81259198,0
77538860,0
194872494,0
74886868,0
87503272,0
159727021,0
62336729,0
115252088,0
82739352,0
64653066,0
81327979,0
129087842,0
121849376,0
41555607,0
145119139,0
73965472,0
142858792,0
127849434,0
185632738,0
127339284,0
102715816,0
68796987,0
118263956,0
135327100,0
130715853,0
135723572,0
144065588,0
80703204,0
32725686,0
107518493,0
206886190,0
103949951,0
160142403,0
63919804,0
31387151,0
129815923,0
34802429,0
104129202,0
111235406,0
66166757,0
43881181,0
116844184,0
71102053,0
176521741,0
77657918,0
86576072,0
32859094,0
144119841,0
147991193,0
102379539,0
64474614,0
132367561,0
97417329,0
55804660,0
33756063,0
103827094,0
82435023,0
75224932,0
119778239,0
39878050,0
142116657,0
36217227,0
213587987,0
146404447,0
162507012,0
31468871,0
71688663,0
127095485,0
162248221,0
109823253,0
83600781,0
107216888,0
76104935,0
195407791,0
69018836,0
80979553,0
146406352,0
133935022,0
103488132,0
42244692,0
72039951,0
58996144,0
44671095,0
127881135,0
147242821,0
42554894,0
33437778,0
35279634,0
39455503,0
44602492,0
75452920,0
159336886,0
86894939,0
33349672,0
118304145,0
88485919,0
119601080,0
79473737,0
74727987,0
92963828,0
108769703,0
166525372,0
31980689,0
34774902,0
34620068,0
94430333,0
143191921,0
83657285,0
79710499,0
149130837,0
38139934,0
85210395,0
42172398,0
66502551,0
80104987,0
78859749,0
102907345,0
65880845,0
121984343,0
165333035,0
78990521,0
59479271,0
72455856,0
40965967,0
37640315,0
137916420,0
118302812,0
102351015,0
152473365,0
132381773,0
83872284,0
94136959,0
87512994,0
62299639,0
123820829,0
45009751,0
157288716,0
74232553,0
107621858,0
131629314,0
84886386,0
66387629,0
165321448,0
37122279,0
79862323,0
92181139,0
121082428,0
113212683,0
130179815,0
75527879,0
72404979,0
155320559,0
133133570,0
140029028,0
74731027,0
37329906,0
74277736,0
40180919,0
125907273,0
141974130,0
122823486,0
105969548,0
118837478,0
115026528,0
90161423,0
150311291,0
37324132,0
133664022,0
44685752,0
45529020,0
96038594,0
141637754,0
104639056,0
38753488,0
81469292,0
154509623,0
82305040,0
103557663,0
82335508,0
31595725,0
33921833,0
176425108,0
82520701,0
35821080,0
106096283,0
123827521,0
110871820,0
158597958,0
102266749,0
179538840,0
77234896,0
34435842,0
110209382,0
76797693,0
42602081,0
207031056,0
41692488,0
31397119,0
145732307,0
203758355,0
120790505,0
166414902,0
177059901,0
40451040,0
201980592,0
79166783,0
180237203,0
67447338,0
137170308,0
65713802,0
72196019,0
76551801,0
78262075,0
108397510,0
115322350,0
127273680,0
64265635,0
80286371,0
176669874,0
160865638,0
59864522,0
89052484,0
141839745,0
118239371,0
38084664,0
72506063,0
70908628,0
132883208,0
64520567,0
156514021,0
142331321,0
92581963,0
173584804,0
102233113,0
63572137,0
119338410,0
90064306,0
95981193,0
41970959,0
34911320,0
151422638,0
139503571,0
97115911,0
139110277,0
205971229,0
65419964,0
117414252,0
72158160,0
112950615,0
73932951,0
33893734,0
89086771,0
180474942,0
98812762,0
129550608,0
126183148,0
145608572,0
181822607,0
75668896,0
128069230,0
141125551,0
91309080,0
74966022,0
86535192,0
177250029,0
141546806,0
86949982,0
157239526,0
64381612,0
103934288,0
136399758,0
66421541,0
67034256,0
77665892,0
71761224,0
42231112,0
139515710,0
153608676,0
63621544,0
127615050,0
77504100,0
196160822,0
180527942,0
162838601,0
86048127,0
131577114,0
101083926,0
103927566,0
177174438,0
31887984,0
65236665,0
147251210,0
66034505,0
43533041,0
92853101,0
100875885,0
65896922,0
98713879,0
64407145,0
78703671,0
84693761,0
196302116,0
66159089,0
66963343,0
59656303,0
143642320,0
66752558,0
193887162,0
78324116,0
113417072,0
185234075,0
78868158,0
162903010,0
88132400,0
122618573,0
129143349,0
148505795,0
125779807,0
72450705,0
159961888,0
100235861,0
56317800,0
62967762,0
127903638,0
84758012,0
75458851,0
68699011,0
89747432,0
77834751,0
75064314,0
120236988,0
71061094,0
180444939,0
35849900,0
82893604,0
78701460,0
34447577,0
78666621,0
152358325,0
35356212,0
96478571,0
128471248,0
35959265,0
157434213,0
139863693,0
95449290,0
81455662,0
161186222,0
87647625,0
145404873,0
93561669,0
99804233,0
84124383,0
42218903,0
145985848,0
67383827,0
39220360,0
72351989,0
41030731,0
145439960,0
78391535,0
124729938,0
148771099,0
129541844,0
99082045,0
64090499,0
43186874,0
75469274,0
74265547,0
75753301,0
138728047,0
132063281,0
82656754,0
157139014,0
35593320,0
83884976,0
87236645,0
139250030,0
41056264,0
63914701,0
72217150,0
76298310,0
77450320,0
141397271,0
42538846,0
152446806,0
74309862,0
98981167,0
162450785,0
73906817,0
140438933,0
122068560,0
108932512,0
85844241,0
67105969,0
125125709,0
41344654,0
155381178,0
75180203,0
145604210,0
122310434,0
151650685,0
173378717,0
198790440,0
72186969,0
113959032,0
74539695,0
86543502,0
84947558,0
138835774,0
116886929,0
32276234,0
66577816,0
154961937,0
56852901,0
141068535,0
87519596,0
146776344,0
147603930,0
67183040,0
161104650,0
60881565,0
41337834,0
127764861,0
111273374,0
63061543,0
100748152,0
57059669,0
81828102,0
95352696,0
185309676,0
90513176,0
34174426,0
83422931,0
146668972,0
56392444,0
189219056,0
140962693,0
176652632,0
115205681,0
139930658,0
81138266,0
133748042,0
64016990,0
86640353,0
87157994,0
72173734,0
84071936,0
164254959,0
151084712,0
38911086,0
104343383,0
32644608,0
45622870,0
137140718,0
80488382,0
43531343,0
37893204,0
155245214,0
31772223,0
65644833,0
135225009,0
156204619,0
99742923,0
37213099,0
105737089,0
39979638,0
33964065,0
107389873,0
127090323,0
69162814,0
110904271,0
77408483,0
98550507,0
61408295,0
150927302,0
66128443,0
78996907,0
155925457,0
88546963,0
122196835,0
144602277,0
194325352,0
146762428,0
42893688,0
60648770,0
116170475,0
112082248,0
179505007,0
67165226,0
128422364,0
43839551,0
75862173,0
115773618,0
66364505,0
142528437,0
116772659,0
92572074,0
116800530,0
108762251,0
59019279,0
90604825,0
82458996,0
75377733,0
116687030,0
178564286,0
74747273,0
124191591,0
76064430,0
89205571,0
104791591,0
73052810,0
64139057,0
140369954,0
77276961,0
121631800,0
37491037,0
111072637,0
155095719,0
42732922,0
101668977,0
71377780,0
75565956,0
127126535,0
99113608,0
196656908,0
192468169,0
63050538,0
151377376,0
194372628,0
111939573,0
120961220,0
84870466,0
78046760,0
87198459,0
130031277,0
164828412,0
126009621,0
109143662,0
90186442,0
110523788,0
45265245,0
116395413,0
108824183,0
127636665,0
134205222,0
71372973,0
98813453,0
77917814,0
34054441,0
150487650,0
149643138,0
71544477,0
92921310,0
143141951,0
125243513,0
135472972,0
102249941,0
121662584,0
114807403,0
101864967,0
42668849,0
165416443,0
138842899,0
75577425,0
164059728,0
124586108,0
146043457,0
87485556,0
43353088,0
72354604,0
109644801,0
141101825,0
59297108,0
42278180,0
86304421,0
117965608,0
80650944,0
159413681,0
93534814,0
72908802,0
155389764,0
74189087,0
43499208,0
124312888,0
66048154,0
76115525,0
84336205,0
101609384,0
175019203,0
106716371,0
129085098,0
75139935,0
122686940,0
64816546,0
164836456,0
105579560,0
102436930,0
87180704,0
102670623,0
135614779,0
130179302,0
145895827,0
113044080,0
77485653,0
36423748,0
88438269,0
92452434,0
86257629,0
82255682,0
90527319,0
102167204,0
152338971,0
83041589,0
129206613,0
41595786,0
42613717,0
55762576,0
58291810,0
75936540,0
81309908,0
136871841,0
106486834,0
129401853,0
65888770,0
115720667,0
125133437,0
97349633,0
128346289,0
110997253,0
156240376,0
82727637,0
130387264,0
110832243,0
105577981,0
122810162,0
84305293,0
88779984,0
133905383,0
153896493,0
95995454,0
115882450,0
179855950,0
73804410,0
98662517,0
65718470,0
40970053,0
96352102,0
84788075,0
118992451,0
139244425,0
152744562,0
105992544,0
115362884,0
165434218,0
88671241,0
65753329,0
115878877,0
65324929,0
99638177,0
107364478,0
71753220,0
36459318,0
108735425,0
78735471,0
193611089,0
102608267,0
78997420,0
107660902,0
71864085,0
87012466,0
81487334,0
35873439,0
141520444,0
86053200,0
62122865,0
123792681,0
45369004,0
115724270,0
71972660,0
109271483,0
123841141,0
125039232,0
152395109,0
63708752,0
87493511,0
32573872,0
40086546,0
96103675,0
122193183,0
43353473,0
61919176,0
141866196,0
90338316,0
39427286,0
132830208,0
145254905,0
85449092,0
87763237,0
89034817,0
95959766,0
78201358,0
32368752,0
166972663,0
81234455,0
143141398,0
97596590,0
33550469,0
62195426,0
194445623,0
77900591,0
77376752,0
115887326,0
98879905,0
87043348,0
114436780,0
87679997,0
173729551,0
152446639,0
185919963,0
102783176,0
78167929,0
99120773,0
194526682,0
78600771,0
173500843,0
194003781,0
67458234,0
38608869,0
59815410,0
76162248,0
87045599,0
139762036,0
155969002,0
131951379,0
42785774,0
86889817,0
38609698,0
83859207,0
87673276,0
120110805,0
115932449,0
132902177,0
92293909,0
75524109,0
78233148,0
60139755,0
112007288,0
144955125,0
98709783,0
94729460,0
31272160,0
152197510,0
75300661,0
78885637,0
61678713,0
74925903,0
108879571,0
84620607,0
63433903,0
59552020,0
41434526,0
97759646,0
98312087,0
32600885,0
192592714,0
138778510,0
67264435,0
155625066,0
155282817,0
76017135,0
116193372,0
37607123,0
99685008,0
134611859,0
147209205,0
143557836,0
72262689,0
97869554,0
93689737,0
89050609,0
44396325,0
137229259,0
111564163,0
149151671,0
126400132,0
87517208,0
178151509,0
64419186,0
122539972,0
125026421,0
65168555,0
183764886,0
102243920,0
124997641,0
127493901,0
111417017,0
87454398,0
31666540,0
125639264,0
90903884,0
141863334,0
71766218,0
84612119,0
151830361,0
108343760,0
89410099,0
148993077,0
66278846,0
144878281,0
105848793,0
176270797,0
149981448,0
92757938,0
38392695,0
173324493,0
178165712,0
82509381,0
107086540,0
94117121,0
109887771,0
161985729,0
99889635,0
77477916,0
122273482,0
173339031,0
32160010,0
68354335,0
139475176,0
59583445,0
74619846,0
175076812,0
124023748,0
82787615,0
56047896,0
128240842,0
155111086,0
97787429,0
35550732,0
88654482,0
151834131,0
164325457,0
74916151,0
91803922,0
193357105,0
43373992,0
82430917,0
118695100,0
36028007,0
83053294,0
34814884,0
173438684,0
119894217,0
128514230,0
133890737,0
82883241,0
179147846,0
126907864,0
33301489,0
204379271,0
90699731,0
94221956,0
165891132,0
93896545,0
81621797,0
117194051,0
61407437,0
75607310,0
62282357,0
166195688,0
120004845,0
97051344,0
138733544,0
125214713,0
98531479,0
42363473,0
147598354,0
62344723,0
72800503,0
105668022,0
127875568,0
131704600,0
83664440,0
82833814,0
152255514,0
106760942,0
36721563,0
207171530,0
162052280,0
93327335,0
175893275,0
129545732,0
116677851,0
122436420,0
182506709,0
159855987,0
43020601,0
64792898,0
152772405,0
152204290,0
102694182,0
37420845,0
90496693,0
98824724,0
43373242,0
84096196,0
108395714,0
107343515,0
72337619,0
78404750,0
74517676,0
32581225,0
40644691,0
85899412,0
43826820,0
60299436,0
137041667,0
127146274,0
133077837,0
44266915,0
97266748,0
36699386,0
98747386,0
118745790,0
134603628,0
161658631,0
77945942,0
166119445,0
104618508,0
155181476,0
86987289,0
154332868,0
41367640,0
95707706,0
73199057,0
119431787,0
126151773,0
97400689,0
65492328,0
102349792,0
35129340,0
103587006,0
90621623,0
62509536,0
81303799,0
100551639,0
123670239,0
89751992,0
71969097,0
179927949,0
108711156,0
159302697,0
134002293,0
105008851,0
71492277,0
32077776,0
86898137,0
98842223,0
107515394,0
87414376,0
132168432,0
116030455,0
81645159,0
59705009,0
82558551,0
111892021,0
113741535,0
81149260,0
129874479,0
68392156,0
78937413,0
68962550,0
63920258,0
86802816,0
84361165,0
177253434,0
82582544,0
62203677,0
92866652,0
76095204,0
72062543,0
31855898,0
108136044,0
147784692,0
111017081,0
93294233,0
135744219,0
173694643,0
110039980,0
183714581,0
122704123,0
80486141,0
88831849,0
80113021,0
185720203,0
138893590,0
36940244,0
72745480,0
110331607,0
127721336,0
60383071,0
121206914,0
74393891,0
150096933,0
66387757,0
60668914,0
142113005,0
103754256,0
124184623,0
127482640,0
65123688,0
42519314,0
113850446,0
88748234,0
113535586,0
164888864,0
67959393,0
145814294,0
44431343,0
177331177,0
37950744,0
33928288,0
56193512,0
38551082,0
128086097,0
110629037,0
84800066,0
120496983,0
34110974,0
108932018,0
64013683,0
107347631,0
64720683,0
100732825,0
121216596,0
94266053,0
86712934,0
173317288,0
81779050,0
73616374,0
121257180,0
147655291,0
45243068,0
98839736,0
112131635,0
148331724,0
75850665,0
64432974,0
31590090,0
67543893,0
143484022,0
99271255,0
39456796,0
76000229,0
83560454,0
174163459,0
102678923,0
81381877,0
41992455,0
89134520,0
39046230,0
110233631,0
67029163,0
161798730,0
63563087,0
99126014,0
72423721,0
74862974,0
85258253,0
89460454,0
91710398,0
40943079,0
39674628,0
75259752,0
74697184,0
63551016,0
66694090,0
114505058,0
128611989,0
90173010,0
95880464,0
179509369,0
44471897,0
103449591,0
82736609,0
130845095,0
99573610,0
84164257,0
80279245,0
90848446,0
81342122,0
87244728,0
212552014,0
139940330,0
75326806,0
140403402,0
106807290,0
46950569,0
129776849,0
63833188,0
64510134,0
81569666,0
88719562,0
174403961,0
43305705,0
75456305,0
111957535,0
73755259,0
82431046,0
103978711,0
117401056,0
165484770,0
79387546,0
88509310,0
138033276,0
56208771,0
55788928,0
56569860,0
118535113,0
56673116,0
86744517,0
140841287,0
175244940,0
73894371,0
92638062,0
58599929,0
165953527,0
127711397,0
108308328,0
139022240,0
66717886,0
63964069,0
89763490,0
127411786,0
78298317,0
86329875,0
108072040,0
81356522,0
94241162,0
85749759,0
82353234,0
106104840,0
185308571,0
97255378,0
110009986,0
133999717,0
51773973,0
143208245,0
127906677,0
139331228,0
86666181,0
103659429,0
185810105,0
40285477,0
102323252,0
135443403,0
117304571,0
64060663,0
75828833,0
119987544,0
84299460,0
73915482,0
95180955,0
139349822,0
179916708,0
107969090,0
117071925,0
85058897,0
116705723,0
93012544,0
79409674,0
71602609,0
86370014,0
146442998,0
77018535,0
117776210,0
36891024,0
166205587,0
31930216,0
142195041,0
31843117,0
81658838,0
117738113,0
124659183,0
55854047,0
132688974,0
102997751,0
91985385,0
92167519,0
102993556,0
175972429,0
125132055,0
72931177,0
72438071,0
63021749,0
148383520,0
77609073,0
75056576,0
71909870,0
108184297,0
177803319,0
91900556,0
83087315,0
41241664,0
73965807,0
66275155,0
95834224,0
66162355,0
115429632,0
38657733,0
58054268,0
129096764,0
153154457,0
175527764,0
76088216,0
83150589,0
99287490,0
126051547,0
38961983,0
47424290,0
99587280,0
41822935,0
107117758,0
82766336,0
176039779,0
62933228,0
78238685,0
140800733,0
179198615,0
105041519,0
94982645,0
119620424,0
198986490,0
126689923,0
107705868,0
94994144,0
126196245,0
127256961,0
58234329,0
57199393,0
31781076,0
136581753,0
56475951,0
111214285,0
61267190,0
135107136,0
213565109,0
119456609,0
109804156,0
38149113,0
56772542,0
88955722,0
157807758,0
92462699,0
105226169,0
133458892,0
92772782,0
122557915,0
145945067,0
116458874,0
84973100,0
199195528,0
153951122,0
163537438,0
63493960,0
38140536,0
82451416,0
74670566,0
37311904,0
134491115,0
100516019,0
134500432,0
75430713,0
101739021,0
136686440,0
72241607,0
74599406,0
160723664,0
60539622,0
213118934,0
141592295,0
76085384,0
88480540,0
150953289,0
131283029,0
111147073,0
115255760,0
65502681,0
83256135,0
72513574,0
87497715,0
75346762,0
80769389,0
85871136,0
140265198,0
71655757,0
130683382,0
151114834,0
45360497,0
112878271,0
56356430,0
122804329,0
112322543,0
126544721,0
96457520,0
105201446,0
147871544,0
83892635,0
81466963,0
79135200,0
126674990,0
111813183,0
146405938,0
76675171,0
179705863,0
120085066,0
81531777,0
118539229,0
157215681,0
83034019,0
65805510,0
82341252,0
83745825,0
62201506,0
175087984,0
120527589,0
77134730,0
56499500,0
75933806,0
155152608,0
59893430,0
158715604,0
161304806,0
88013570,0
60461317,0
151173904,0
131249463,0
81094247,0
60013641,0
65301548,0
107038515,0
196215688,0
76005341,0
86120718,0
152917843,0
62367611,0
61194382,0
196237371,0
43963267,0
80037755,0
66174683,0
130074980,0
120925719,0
34113451,0
121355659,0
207358076,0
130783055,0
84113290,0
135686156,0
105216043,0
115929804,0
110825383,0
116083938,0
105228735,0
140826098,0
84380914,0
151399602,0
96546010,0
38982630,0
127231883,0
99574725,0
57539835,0
139136283,0
134907878,0
37901099,0
92160452,0
103501742,0
78233276,0
111226257,0
80037627,0
176000330,0
147435337,0
86144119,0
39048559,0
32945246,0
60225246,0
112714021,0
36366751,0
163179369,0
39668400,0
31306704,0
72768802,0
94651589,0
75806143,0
66679720,0
130197570,0
66097404,0
63935368,0
196681069,0
111130107,0
75042709,0
80748890,0
85371951,0
73959125,0
42055354,0
93708657,0
90729113,0
42172704,0
132881787,0
66628803,0
78648747,0
108912674,0
37808019,0
76601278,0
77236318,0
81384394,0
113546630,0
177508643,0
161132778,0
121012038,0
154589418,0
65379212,0
131306588,0
160055639,0
178483227,0
99401119,0
83500052,0
39175038,0
148130236,0
31916399,0
143822282,0
169096996,0
37984685,0
35593300,0
32118587,0
91990270,0
99187195,0
116778975,0
135996042,0
103000228,0
37418575,0
40294478,0
131727310,0
174166765,0
81579457,0
117948247,0
34830300,0
117279127,0
104223625,0
132197221,0
118133105,0
159364668,0
128593770,0
92156080,0
112822813,0
114174061,0
59657457,0
86836689,0
63454807,0
37608979,0
105219843,0
146066028,0
205740734,0
122001269,0
134576882,0
128517033,0
121696969,0
84819687,0
60159702,0
96692110,0
44912565,0
116654016,0
150978071,0
45247658,0
103530502,0
86913800,0
56301614,0
104223270,0
108654218,0
151830469,0
87901027,0
151461395,0
81060602,0
89766264,0
31729745,0
105608449,0
135646964,0
89279426,0
178254183,0
82424236,0
99237866,0
42951030,0
192674207,0
63005572,0
108267211,0
88870646,0
37167817,0
71902468,0
38479073,0
161554062,0
87644516,0
64381602,0
62533963,0
162183329,0
109410250,0
113217509,0
161347926,0
155456137,0
31568604,0
102469016,0
74695497,0
145600430,0
106008434,0
65228651,0
69456770,0
43959556,0
64570319,0
99077386,0
108085482,0
95898416,0
111091172,0
177336260,0
164237499,0
111257879,0
41188665,0
35423355,0
142251032,0
138038764,0
98944275,0
201433866,0
78042664,0
208300485,0
120228254,0
95729232,0
35912966,0
149023761,0
63479382,0
126064486,0
67032608,0
43864137,0
112533703,0
103376892,0
158476128,0
176737797,0
112367815,0
95928677,0
78937857,0
128717406,0
120374571,0
75864087,0
84068482,0
112264954,0
131880703,0
32584591,0
106403929,0
142568399,0
75326539,0
34760799,0
97830076,0
113401399,0
112836207,0
80451548,0
131269913,0
32384099,0
95772648,0
173636294,0
67217821,0
66462164,0
160417153,0
122952422,0
116031866,0
117353021,0
103870500,0
134613804,0
87002656,0
66579317,0
165631344,0
94074968,0
180458953,0
89793277,0
66718142,0
66609962,0
125205209,0
144919743,0
113905864,0
63936000,0
109292091,0
108064125,0
129967490,0
146526347,0
84169132,0
75486871,0
144582726,0
39218879,0
75374397,0
160611071,0
36775599,0
42763390,0
100271441,0
154020327,0
115615813,0
104938865,0
38393839,0
192159201,0
116089761,0
67273466,0
98781871,0
122695803,0
87186912,0
131249414,0
61385793,0
207218618,0
110933771,0
118443119,0
78360446,0
63924176,0
74597738,0
176294504,0
80097013,0
59307856,0
131412617,0
130743014,0
84028155,0
95929910,0
159706887,0
75519451,0
66399621,0
114522300,0
108017560,0
135040200,0
41287153,0
83871761,0
77492355,0
97312188,0
76780895,0
128511378,0
119630639,0
66209216,0
136390490,0
116552349,0
118034823,0
199099181,0
44133735,0
35981254,0
34968189,0
127563886,0
81237712,0
108057354,0
148655003,0
64641479,0
195155031,0
106173819,0
144747499,0
57865384,0
123476587,0
101909262,0
44148125,0
125264802,0
75367883,0
71386347,0
31801743,0
113555878,0
65755856,0
127871996,0
98356846,0
92582338,0
163584783,0
41033228,0
35625968,0
83809750,0
64222287,0
77859938,0
134020808,0
142765909,0
38868597,0
149715285,0
56809020,0
116213536,0
56031286,0
92066395,0
80447097,0
204266926,0
135318987,0
34781732,0
67346372,0
118600628,0
40658183,0
36190904,0
73895022,0
160788033,0
59916347,0
206232635,0
81374899,0
133358360,0
177787360,0
62853729,0
108202309,0
68614143,0
37497176,0
98831110,0
78853265,0
42412002,0
37007772,0
89426720,0
62239415,0
33152606,0
65701040,0
43037014,0
74461153,0
138925074,0
123586238,0
89327668,0
65939381,0
122222279,0
83694750,0
115494505,0
111554698,0
139686208,0
95321903,0
98525063,0
66903424,0
44048274,0
135250660,0
87526406,0
98982253,0
56808310,0
72286149,0
152223526,0
68005997,0
119952181,0
34065840,0
125989448,0
90246045,0
95218302,0
115559990,0
150235897,0
119115831,0
113939312,0
96024905,0
74681511,0
120394083,0
36738559,0
118544410,0
79702258,0
117644579,0
103912821,0
121811101,0
154421408,0
149744144,0
127937510,0
45252750,0
155282738,0
44900929,0
36142790,0
59248125,0
79693839,0
192924402,0
35287559,0
42864958,0
126777407,0
90374587,0
129102992,0
41631958,0
124457004,0
43455328,0
151537678,0
135654040,0
81374919,0
145440483,0
146627076,0
125354496,0
176494867,0
60095115,0
125988036,0
161569844,0
142430283,0
119476091,0
93648670,0
66672880,0
40364513,0
82003435,0
65342714,0
74639664,0
87874053,0
111759176,0
89067308,0
193875042,0
128582025,0
142940562,0
137949118,0
108386101,0
120049486,0
75916752,0
60124487,0
143180561,0
43913712,0
89203025,0
156842442,0
57192701,0
82490974,0
82365275,0
75431197,0
58577476,0
88205109,0
117082998,0
143705683,0
91655809,0
41615476,0
124584973,0
63935694,0
40386236,0
124625379,0
43319591,0
62697582,0
32182621,0
32924559,0
74210100,0
126073852,0
40171849,0
85470923,0
89306942,0
32484562,0
107322799,0
86871864,0
67362549,0
74852650,0
92383416,0
60834891,0
79611517,0
181163880,0
100331823,0
139644124,0
175144349,0
65861263,0
193479774,0
81982403,0
129416302,0
89667834,0
56247509,0
126295208,0
203780788,0
84932260,0
192532549,0
176293754,0
71903277,0
32312584,0
114625112,0
145503145,0
162419054,0
198935820,0
133451411,0
88343225,0
80646631,0
114774824,0
96182108,0
105103164,0
209877411,0
177014304,0
34164290,0
125564097,0
65043902,0
42073030,0
124280200,0
90846966,0
107777788,0
92742976,0
107163790,0
99785007,0
111119024,0
88795134,0
128736415,0
132697265,0
113942313,0
78214198,0
127278497,0
86949331,0
112075092,0
36151633,0
62234283,0
31148958,0
74021018,0
92388914,0
92407310,0
133616352,0
78423592,0
127154377,0
63918432,0
36363247,0
90548903,0
64371782,0
115011142,0
73414787,0
84262943,0
154901466,0
151255012,0
44847653,0
105119884,0
35085134,0
59954483,0
146410172,0
75832939,0
32717090,0
178794267,0
140694082,0
77187128,0
148206953,0
75424989,0
132473057,0
94217731,0
31459949,0
204820038,0
110645816,0
87540115,0
105755634,0
112099885,0
101766893,0
123644854,0
134499672,0
73010025,0
41627517,0
74478050,0
81879858,0
88761824,0
35534289,0
157016927,0
77611807,0
89040542,0
97408377,0
174185655,0
137232516,0
42237428,0
80107504,0
97150958,0
71662449,0
118303582,0
82268098,0
117423381,0
75914146,0
62534417,0
109271503,0
109429732,0
126054261,0
111891794,0
87212286,0
115234126,0
185161188,0
59895463,0
150015716,0
37920533,0
152028533,0
89086643,0
149304374,0
92435192,0
62971473,0
118676693,0
86923670,0
59624108,0
82580748,0
121638334,0
166630474,0
108090151,0
131907469,0
105607491,0
56605095,0
81303848,0
154482017,0
122798713,0
43310491,0
144491067,0
95528731,0
103448930,0
81351873,0
104110687,0
178108330,0
77656783,0
34255840,0
126031275,0
76165466,0
109845539,0
118289350,0
209825043,0
151447568,0
194890693,0
93664649,0
88676837,0
92138393,0
99921701,0
69182277,0
88770677,0
132001655,0
110961702,0
59958500,0
43368416,0
101980293,0
60509145,0
35001647,0
77533422,0
82016433,0
208329975,0
152242190,0
65816998,0
185448986,0
134834143,0
124132788,0
116224461,0
140109061,0
65261320,0
40795805,0
32831479,0
119469785,0
81279598,0
75639662,0
131366260,0
63071225,0
72492946,0
213542804,0
120310428,0
99300045,0
91574010,0
173791355,0
121210585,0
83467847,0
34601069,0
82793112,0
162902221,0
144824916,0
43073502,0
128878054,0
132937027,0
163594110,0
61577046,0
43833531,0
71496580,0
153806710,0
57905445,0
107144514,0
62486767,0
91436615,0
150288502,0
97258655,0
94056511,0
121869194,0
152801974,0
145692474,0
198598111,0
155017927,0
126120763,0
107644321,0
136494723,0
76229954,0
64502752,0
88400152,0
62908071,0
196571418,0
161570545,0
109438980,0
31713055,0
119480582,0
77403726,0
86489713,0
94419111,0
103721459,0
120504228,0
66233792,0
119888315,0
103688337,0
44623149,0
55715873,0
82170064,0
84259113,0
130140287,0
65574670,0
191629806,0
94173673,0
118383131,0
196366238,0
102663951,0
177371100,0
154946145,0
204396188,0
78056067,0
88757412,0
94000867,0
67111505,0
76232905,0
102863751,0
108406146,0
124985946,0
131528388,0
63584543,0
140289171,0
84320660,0
42948129,0
164653779,0
137791106,0
31858790,0
146734901,0
114746409,0
102353078,0
79113477,0
174194341,0
107716448,0
106075291,0
137132576,0
179311997,0
83533609,0
89479759,0
102308250,0
67449174,0
64135830,0
92355692,0
113761057,0
85454658,0
131183751,0
151302376,0
116603089,0
73280363,0
91881576,0
131637250,0
175203676,0
134541252,0
92895076,0
111809511,0
75153752,0
154099600,0
78892783,0
130569615,0
163667362,0
86782021,0
86602019,0
60629830,0
37668325,0
59538084,0
107669202,0
131419121,0
41565427,0
34631655,0
129963759,0
95950627,0
112165685,0
117358242,0
124972089,0
43893706,0
38779001,0
129614918,0
40802803,0
85392460,0
176511971,0
156512383,0
77504958,0
108015211,0
156646027,0
80121430,0
77216233,0
86028358,0
31395441,0
149656018,0
32116110,0
145422096,0
114016651,0
40221088,0
65435883,0
45246503,0
37310423,0
82767115,0
71239852,0
112441876,0
109779936,0
185294398,0
111900992,0
39396956,0
73965639,0
75850744,0
62367167,0
164484447,0
64005294,0
88614017,0
174383995,0
92758639,0
84259311,0
162342782,0
32186470,0
83657127,0
82896624,0
96053419,0
82684211,0
34138056,0
33729751,0
64666143,0
87481164,0
35287747,0
77929430,0
74558882,0
145309888,0
32756075,0
67339493,0
108224644,0
105243441,0
124937960,0
73794027,0
126357219,0
62944608,0
86384473,0
164668159,0
60785326,0
35640536,0
120024052,0
99502835,0
122375613,0
41796948,0
135286170,0
179573275,0
75982868,0
115537478,0
59929128,0
133802236,0
78212520,0
64895414,0
110507967,0
82550843,0
78287026,0
114438073,0
118022861,0
136674468,0
87587627,0
109536620,0
192724078,0
85174036,0
94501581,0
74588382,0
73422910,0
39234907,0
174143463,0
124633246,0
77575714,0
66557100,0
118881832,0
57659859,0
192247682,0
38076917,0
155329816,0
173560081,0
193559639,0
138725007,0
182212782,0
65334246,0
33312859,0
127919883,0
82407990,0
36977541,0
120407278,0
92123826,0
193568877,0
130942449,0
121790671,0
37003893,0
134493098,0
112571514,0
78050728,0
139997821,0
152151695,0
154734354,0
123264825,0
67546893,0
122188910,0
98732996,0
84580685,0
32973325,0
78060795,0
125233653,0
96231466,0
87462135,0
85250574,0
92745048,0
62134234,0
37281841,0
74200516,0
31412871,0
166148186,0
114897848,0
175266851,0
112264796,0
77360921,0
75591548,0
115432899,0
71704197,0
85263829,0
119948954,0
83718654,0
115043573,0
87055044,0
145693727,0
122918876,0
122942000,0
112719005,0
127570904,0
173493323,0
76597892,0
89260634,0
78807874,0
132147459,0
105625217,0
78286947,0
155378306,0
150953298,0
82855389,0
131010895,0
66475409,0
38953673,0
42765887,0
108970638,0
136952485,0
88252069,0
134558573,0
140783500,0
35859503,0
79672985,0
135788652,0
98575724,0
40071899,0
133084864,0
97804632,0
147350311,0
64671719,0
151393414,0
125436444,0
79852207,0
138628147,0
83496203,0
76706132,0
85084341,0
112956428,0
77678910,0
121072924,0
121859985,0
110207230,0
128730266,0
72229616,0
31923949,0
75511989,0
32658366,0
79178251,0
122775046,0
75054563,0
71814155,0
42432738,0
32261144,0
174984264,0
119880084,0
86424662,0
94332979,0
87966877,0
34510367,0
92747812,0
43051335,0
113275236,0
135155931,0
43017818,0
56414523,0
206151290,0
112825123,0
140644911,0
132929349,0
97752540,0
145846222,0
40842182,0
75928506,0
113502513,0
193624265,0
64222435,0
62572030,0
75918903,0
155237358,0
146195064,0
113389773,0
113183715,0
208391236,0
80810920,0
62341003,0
31269861,0
66151943,0
110044520,0
40089368,0
60343355,0
88116954,0
88197194,0
109786065,0
184711292,0
60101955,0
75928674,0
127225132,0
117072073,0
57581337,0
148636192,0
178623256,0
106279039,0
75569963,0
87914065,0
82804028,0
140446513,0
172055617,0
90198049,0
119079234,0
89498906,0
73932991,0
44302515,0
142534220,0
120606575,0
105508243,0
95323324,0
109489059,0
116975597,0
133516738,0
76195637,0
95532343,0
117053094,0
106096313,0
101123128,0
31419740,0
119611621,0
179187758,0
213175822,0
103638772,0
73483549,0
110026518,0
75292213,0
76096862,0
143411618,0
156423457,0
77120616,0
86486249,0
110027396,0
173777676,0
144383527,0
140036500,0
71941611,0
157731762,0
93652361,0
80362771,0
106256171,0
115128215,0
78686715,0
73345315,0
129981071,0
97807602,0
90686239,0
106357256,0
162710563,0
73781769,0
183417397,0
62359745,0
109199386,0
126930781,0
77520839,0
192459741,0
132603128,0
75575599,0
115998516,0
58894152,0
100560630,0
118641656,0
175315182,0
179374274,0
198599868,0
74155333,0
45568134,0
162451219,0
116407237,0
120376179,0
145330901,0
116365034,0
143266120,0
64714702,0
124459965,0
60205329,0
141338370,0
72459913,0
152778711,0
44651395,0
204200178,0
194629089,0
90696721,0
37011819,0
44828032,0
42789475,0
133473430,0
120242545,0
120066442,0
101837125,0
212518566,0
42276680,0
56254931,0
132873635,0
102172751,0
60118506,0
113423675,0
195585267,0
62203253,0
95540179,0
135352563,0
41251366,0
124600686,0
140882542,0
78199996,0
87718025,0
106292491,0
87109781,0
66797553,0
204964292,0
61111941,0
113360125,0
59621897,0
148026941,0
139990586,0
152216124,0
89760727,0
105616848,0
42569847,0
39176963,0
111280569,0
133085417,0
65799302,0
160018796,0
74502862,0
71806575,0
75403049,0
114453696,0
115085055,0
36007942,0
162280436,0
62400299,0
116707835,0
129073788,0
74771345,0
41540476,0
82425193,0
82508028,0
95598765,0
33066444,0
95632914,0
163180879,0
71901086,0
43611021,0
32996183,0
36947814,0
100262854,0
102664109,0
64012667,0
70843607,0
106606621,0
131991322,0
58503572,0
161813603,0
180753305,0
109430038,0
66680194,0
108850298,0
92406649,0
57929063,0
97816781,0
94243067,0
33862043,0
78454474,0
125208525,0
131574074,0
116639103,0
163991529,0
115724378,0
73824494,0
90379669,0
84171244,0
86960552,0
153870576,0
117278071,0
66857945,0
73076388,0
83634575,0
135374346,0
138811208,0
38914185,0
203780996,0
32885080,0
203969406,0
148170159,0
74573341,0
174406794,0
77895587,0
146686915,0
83216557,0
85033256,0
167872958,0
83312717,0
92443670,0
86040873,0
191538601,0
127187618,0
104219667,0
78832065,0
78002811,0
74025311,0
57109935,0
128248245,0
108355219,0
204294758,0
77652864,0
34103878,0
94010568,0
96594677,0
39682820,0
86059003,0
99781346,0
92099310,0
76357834,0
131054272,0
145243357,0
84094252,0
86087833,0
194170923,0
67292159,0
175959825,0
107929365,0
121784374,0
75451321,0
87068121,0
145301874,0
158360041,0
58455951,0
175151169,0
75206683,0
141933546,0
67501157,0
34155289,0
67497752,0
155693600,0
123803133,0
140954314,0
40876755,0
161313451,0
86096005,0
100901664,0
147749131,0
154002552,0
39389238,0
131439443,0
117399734,0
167230851,0
142665466,0
120087059,0
69116535,0
96100931,0
67001143,0
84769875,0
41596615,0
151038374,0
135289171,0
129529615,0
74774927,0
88175984,0
83489393,0
98692195,0
148069430,0
42204227,0
102234564,0
39598336,0
83291478,0
91728321,0
66533265,0
59843213,0
41225656,0
145343731,0
144683149,0
78286374,0
42070267,0
126805841,0
108396059,0
89675009,0
185157033,0
121650158,0
109709042,0
115262027,0
82400894,0
164999887,0
107220116,0
58767959,0
41857577,0
69926820,0
64274024,0
119904363,0
194099121,0
177709479,0
117133975,0
120398564,0
66998844,0
56490242,0
140266777,0
75007633,0
86855372,0
116760075,0
95300634,0
180424824,0
140841702,0
86345656,0
123727976,0
145194266,0
118257876,0
126110212,0
73260071,0
62969430,0
67006749,0
136525516,0
34440836,0
92966137,0
135472449,0
78588858,0
92708363,0
94034818,0
131814902,0
98090761,0
36771800,0
63918254,0
89957221,0
129883056,0
129344669,0
143113250,0
156738357,0
166338343,0
86481965,0
36231459,0
134596423,0
86207403,0
61818259,0
154132920,0
45440905,0
35910884,0
114573869,0
97279766,0
163850453,0
112951878,0
35193137,0
194079757,0
80572372,0
113187002,0
64054514,0
66895272,0
62355136,0
114064874,0
154486992,0
107353020,0
145801543,0
33343415,0
126628682,0
35468864,0
107905056,0
108557101,0
174123388,0
107336123,0
61214802,0
106143648,0
57107280,0
131235448,0
140334424,0
179705597,0
184993997,0
43839956,0
128614387,0
84848832,0
38688013,0
41641285,0
67282052,0
95848239,0
91901385,0
104290363,0
34895795,0
37566559,0
84062274,0
103450499,0
101789642,0
78886861,0
37673121,0
42540712,0
149987094,0
141902526,0
75081013,0
83900205,0
120090790,0
140865339,0
78307742,0
156088779,0
95654933,0
194273152,0
208086255,0
96102184,0
59669024,0
126405353,0
91314755,0
167007680,0
60387917,0
76555226,0
34084928,0
121474499,0
177424583,0
154449112,0
85145897,0
83728731,0
139040065,0
162221110,0
60293958,0
188228513,0
115778474,0
87683215,0
159897726,0
114438734,0
101783799,0
63929476,0
98737882,0
177923877,0
104145645,0
35032045,0
76799913,0
39207746,0
65287198,0
182220401,0
72418530,0
154353032,0
74429007,0
93851786,0
85390249,0
65467456,0
83066263,0
66725051,0
112395262,0
130027488,0
91552761,0
85505575,0
86121675,0
148015315,0
151697072,0
40214110,0
86243427,0
131986199,0
151091404,0
125552964,0
96607695,0
123311321,0
37586368,0
77562597,0
134379509,0
112133895,0
60126441,0
109925127,0
135247590,0
89437626,0
94913025,0
129572163,0
99663897,0
114837920,0
110744107,0
80559009,0
152347044,0
143256813,0
193829938,0
31483557,0
78923201,0
62292059,0
210486188,0
89803344,0
67402313,0
102376222,0
121423650,0
95112786,0
148458726,0
102526665,0
94562822,0
84710579,0
75381819,0
109373811,0
86769832,0
32823168,0
92569596,0
85329186,0
140416450,0
143152373,0
116242256,0
93430927,0
130539977,0
126833348,0
61430078,0
77916254,0
108711659,0
141312235,0
177987812,0
75927509,0
83032578,0
142282022,0
88551315,0
62606574,0
81777609,0
65930834,0
147195131,0
62096009,0
73675522,0
78065937,0
74253792,0
83674517,0
90632815,0
36179160,0
140539534,0
78978303,0
86087467,0
156734439,0
80086334,0
96426953,0
75225336,0
206016165,0
93934000,0
116038113,0
109095390,0
82602560,0
110201200,0
76111617,0
114929224,0
152117872,0
80653569,0
115667085,0
60567208,0
107134329,0
66417534,0
64377033,0
35347093,0
107280873,0
150652167,0
157332714,0
101974845,0
78599122,0
95194921,0
98443511,0
86761097,0
63946550,0
145548624,0
145713200,0
200333928,0
38703261,0
106029634,0
64930047,0
149963199,0
185558045,0
183771982,0
160869240,0
141849734,0
190061170,0
100498392,0
72380226,0
84021651,0
115061871,0
124992943,0
66887969,0
99867438,0
33574739,0
106525917,0
36995317,0
124760850,0
84834482,0
94257545,0
56012761,0
108246781,0
194597023,0
157248379,0
156312345,0
145115181,0
174365667,0
148127433,0
87241658,0
194061281,0
164066893,0
37894457,0
41507927,0
89161760,0
60411998,0
77192664,0
94616621,0
157221681,0
109098874,0
75281603,0
164520500,0
80421811,0
32182098,0
128445824,0
88891195,0
116843710,0
117198966,0
87517997,0
81210787,0
154726418,0
60285006,0
94227019,0
62889368,0
78213547,0
71307449,0
94756780,0
44802726,0
151710988,0
150130134,0
118279421,0
111904032,0
77420455,0
32429954,0
44620316,0
58340378,0
60498703,0
141221000,0
94821139,0
44189153,0
106022498,0
149985258,0
129345360,0
63226592,0
120118672,0
95969162,0
118339162,0
136869127,0
115609585,0
128388028,0
116105483,0
63652288,0
40554039,0
94292819,0
85034351,0
154576272,0
191975212,0
122846107,0
112900319,0
162544527,0
129190121,0
63523302,0
55788553,0
101134301,0
73827593,0
127908720,0
138180955,0
114943012,0
127896788,0
140339615,0
94863529,0
157073391,0
142351672,0
127806096,0
117860506,0
75146528,0
118219987,0
123903378,0
37196637,0
88907194,0
115488613,0
40543755,0
94307199,0
195468509,0
65409995,0
114470573,0
78091015,0
81406995,0
77970103,0
58121263,0
44320517,0
82381569,0
148150380,0
87660722,0
148984312,0
96611012,0
122915540,0
144291158,0
206483678,0
146436681,0
40887316,0
63112825,0
72500408,0
66565608,0
193696817,0
58197605,0
81595268,0
78245800,0
65065951,0
181031933,0
122600028,0
139205331,0
36784847,0
120949880,0
32190991,0
98804146,0
138629933,0
88406301,0
57603612,0
93180969,0
149610440,0
113091020,0
39820205,0
37196538,0
109969925,0
74675422,0
83742538,0
114148400,0
44929817,0
103614976,0
150342123,0
94774160,0
211651867,0
131024160,0
124202654,0
84394830,0
87943861,0
150289084,0
59711000,0
66251004,0
92332528,0
98365778,0
83828621,0
103449147,0
94771850,0
83430313,0
96165488,0
66977831,0
62174877,0
58063941,0
91711691,0
102489447,0
147542432,0
129315139,0
75349141,0
116641689,0
103009999,0
37485402,0
111763657,0
152938234,0
81303611,0
63892623,0
60081988,0
75223876,0
72926558,0
82908409,0
136399255,0
133739623,0
145774352,0
174425053,0
123947417,0
193888297,0
127190361,0
54980045,0
42473618,0
38437108,0
146655244,0
107183588,0
90487327,0
91807801,0
159581741,0
79684453,0
88123833,0
122511893,0
116778807,0
65974557,0
154311964,0
103897602,0
132591788,0
164601036,0
109958950,0
40658568,0
126101714,0
61389701,0
33368316,0
56285704,0
78551620,0
128071855,0
193983282,0
37840470,0
77229281,0
100484950,0
133526420,0
123955559,0
132139287,0
84076723,0
55794889,0
98083734,0
122987864,0
115569426,0
55768310,0
75051158,0
91580198,0
35405590,0
163205099,0
195505273,0
142036960,0
96243695,0
81625104,0
44871527,0
124164864,0
83616533,0
77651690,0
134937921,0
113087052,0
145257658,0
126212965,0
78016845,0
80446594,0
111670172,0
77098044,0
132042989,0
90379354,0
122745960,0
91334702,0
146924072,0
85461448,0
102763861,0
42128774,0
154887313,0
111005040,0
103316845,0
87605738,0
124713673,0
74759235,0
77399660,0
88035145,0
60448743,0
178371749,0
58407719,0
40645205,0
194000169,0
142607709,0
145150613,0
151712498,0
136999030,0
42605209,0
78518271,0
81802865,0
146661896,0
172455001,0
94750216,0
154252559,0
140970638,0
61711924,0
128125605,0
147791166,0
63499201,0
192679626,0
84372268,0
126268096,0
65323784,0
63751843,0
81819426,0
34661619,0
142368134,0
138882161,0
78159955,0
35264583,0
75346742,0
57774485,0
82650822,0
82750880,0
43061333,0
126680981,0
198814956,0
82395120,0
130158102,0
154543406,0
45044137,0
88780172,0
102402288,0
125997491,0
121639686,0
103571728,0
174607246,0
34026036,0
42353406,0
75014206,0
85091832,0
76290513,0
83489422,0
31550611,0
114862614,0
95105887,0
109495553,0
72687378,0
176954079,0
72227898,0
89338120,0
35337667,0
104248871,0
39562371,0
73787513,0
99676757,0
140815073,0
77493687,0
65150889,0
35800167,0
88723500,0
89464767,0
108595810,0
74831144,0
59066278,0
180146324,0
115618616,0
112995837,0
66673068,0
82136497,0
115387312,0
112292381,0
78999197,0
60217745,0
32106073,0
135095529,0
87870678,0
195358660,0
98155664,0
146000701,0
87701335,0
84955187,0
161299446,0
56686331,0
103528173,0
59985266,0
72043672,0
86909842,0
166338590,0
95829043,0
110297202,0
121583331,0
36709641,0
42375307,0
101837253,0
62854094,0
157253264,0
41019934,0
89161997,0
94053728,0
125790713,0
37271705,0
59389991,0
108286141,0
103633097,0
85984399,0
98160688,0
113368395,0
192408774,0
112214125,0
114186625,0
66615291,0
92264379,0
127416474,0
73945436,0
92730066,0
42417154,0
77344449,0
77250490,0
58326373,0
72367662,0
117444186,0
57764181,0
196686191,0
44497104,0
105605537,0
165426007,0
75672203,0
140942411,0
136153570,0
87635850,0
102814433,0
144458191,0
109679522,0
140746045,0
76586740,0
86949587,0
151042559,0
93549194,0
58202826,0
79693849,0
133479727,0
122474230,0
124212100,0
97270775,0
166582034,0
130984286,0
145056842,0
97234731,0
164463109,0
62927830,0
94526078,0
156037546,0
73982033,0
87413281,0
109688434,0
109783360,0
122662661,0
176103517,0
70148077,0
41200143,0
87026846,0
79426245,0
117341681,0
160749867,0
66402226,0
80483901,0
159961829,0
125683766,0
74065313,0
194726562,0
117243607,0
39472084,0
67503822,0
33661611,0
199102586,0
194598790,0
64734658,0
119802933,0
119576751,0
118557251,0
87189438,0
132998594,0
95306181,0
153764566,0
40036852,0
196128796,0
110963410,0
135297896,0
132457226,0
116340163,0
157137000,0
108143141,0
113465384,0
67251891,0
74737709,0
161319097,0
85151049,0
96339074,0
62103540,0
180020082,0
80817326,0
194234059,0
207357839,0
102838742,0
177366846,0
56577371,0
56691493,0
160544599,0
147599992,0
135406738,0
172531174,0
206193640,0
74212942,0
213778362,0
97890448,0
81000407,0
38217539,0
59387760,0
87846724,0
125061596,0
64023977,0
115176122,0
92297403,0
147679334,0
43707062,0
40411956,0
160593997,0
119743094,0
71726888,0
115671161,0
126982715,0
131465439,0
43602987,0
128015401,0
40295505,0
185422535,0
107975752,0
140316935,0
56669780,0
75877816,0
32095631,0
44914391,0
84156341,0
84743839,0
128126483,0
106120405,0
97049696,0
161439111,0
123797083,0
174620639,0
120667431,0
101758938,0
78638009,0
90246144,0
31794420,0
147149849,0
93786015,0
98872908,0
82399048,0
80467705,0
130913738,0
113544775,0
91144159,0
80288828,0
71318710,0
86067945,0
40448849,0
180888577,0
140488399,0
115875936,0
203826406,0
130031228,0
179870054,0
63459357,0
156619349,0
111284004,0
92412423,0
96626458,0
126345691,0
204894267,0
74844133,0
127271618,0
115781395,0
152152811,0
179711163,0
175492332,0
83205010,0
63928706,0
74581572,0
120327226,0
194813167,0
104268986,0
65203770,0
115887227,0
94313911,0
36552744,0
140564869,0
176885565,0
75268111,0
85272968,0
57160329,0
192848455,0
56570137,0
145113740,0
65466686,0
58182307,0
107800586,0
32491115,0
63767575,0
107520813,0
33264152,0
67303755,0
108154412,0
42832911,0
120037484,0
86688378,0
99202148,0
85371822,0
95396231,0
108341924,0
57833949,0
113007257,0
80810802,0
114952565,0
77502945,0
57751992,0
93854727,0
89506140,0
62830417,0
66705411,0
131828246,0
84089070,0
183099724,0
125189990,0
84798428,0
62930050,0
116065640,0
115806661,0
82487056,0
39960836,0
67225608,0
108900958,0
194371809,0
164458874,0
82731447,0
81099429,0
195483126,0
64193231,0
121843760,0
78715288,0
63880444,0
77216115,0
117081992,0
116989671,0
44569083,0
171772705,0
93919778,0
150913109,0
113493700,0
101874402,0
111272792,0
85009805,0
113695701,0
60449286,0
71894385,0
120257379,0
156738456,0
109548483,0
165542478,0
67018899,0
63324805,0
103590292,0
72739203,0
33904601,0
59381404,0
71422400,0
180286433,0
86055421,0
93591189,0
155695248,0
103934465,0
103785770,0
74684808,0
65818439,0
76347283,0
163616899,0
58536241,0
104908368,0
82158378,0
99215847,0
114860077,0
144609749,0
153940561,0
59104947,0
97147583,0
142749447,0
114735849,0
145073956,0
127076348,0
83695766,0
124168723,0
32913199,0
67014773,0
76802173,0
72294390,0
90940904,0
61381766,0
179526335,0
110729668,0
60132205,0
143168638,0
33975257,0
75288601,0
121872885,0
44343859,0
62375477,0
153799021,0
144779693,0
128508891,0
101915746,0
130928336,0
162736313,0
161250286,0
66370683,0
127312123,0
102660793,0
40405048,0
83131748,0
112747597,0
94524311,0
72500832,0
174233770,0
115734455,0
86138118,0
78454641,0
72649182,0
156422974,0
75001770,0
132870003,0
131728790,0
109905694,0
176606847,0
106837560,0
114485911,0
175978548,0
122748487,0
72087168,0
142009404,0
152207666,0
38700755,0
167166373,0
146351161,0
97462837,0
72187768,0
33508603,0
208035407,0
87491498,0
61138273,0
184939122,0
146755973,0
195150274,0
72099722,0
106381189,0
106371191,0
83651541,0
78141123,0
130092005,0
33206987,0
121263398,0
160193794,0
91492053,0
87527936,0
111794450,0
142091786,0
87873441,0
155333369,0
40980031,0
76800772,0
102365386,0
83056630,0
45686687,0
41642578,0
62808328,0
84250714,0
80745998,0
143757054,0
144973197,0
79913349,0
86977035,0
75967639,0
97482340,0
32040440,0
180131302,0
98882017,0
103449512,0
155918124,0
96036907,0
95669205,0
131574706,0
96908748,0
61921051,0
108141710,0
77802793,0
64007949,0
120718092,0
67215778,0
123149854,0
114415215,0
180619295,0
97407430,0
135143436,0
143688717,0
189032570,0
31592962,0
62140620,0
43776149,0
98871151,0
62266606,0
78106777,0
100029043,0
173671114,0
79967484,0
32709629,0
44309789,0
179842686,0
112289273,0
78519129,0
179097432,0
34567512,0
119530798,0
76531598,0
106610904,0
159534406,0
154420115,0
107373864,0
181132978,0
87727085,0
74161719,0
67239485,0
85758247,0
33382262,0
112999282,0
123311281,0
41428595,0
130792599,0
188594705,0
57538661,0
99100422,0
104277542,0
107662076,0
38393306,0
77224405,0
92578163,0
74436074,0
109176488,0
128001445,0
196633665,0
109304004,0
109970616,0
32923858,0
110664894,0
87960768,0
131903226,0
87494991,0
71713248,0
76776493,0
152908003,0
34270497,0
86655078,0
108567346,0
60103810,0
86384523,0
74431504,0
71257548,0
102714177,0
122235948,0
112871796,0
195402018,0
43906921,0
81351725,0
57090837,0
79865649,0
145644764,0
151159366,0
78976358,0
146038887,0
65887783,0
37508980,0
60220252,0
140534757,0
113394510,0
80136067,0
38400383,0
152770707,0
49916652,0
48462504,0
77186131,0
122828539,0
96228732,0
75532370,0
114879659,0
38894238,0
84296105,0
148433095,0
77557228,0
107346812,0
122090283,0
195243551,0
147465380,0
196520747,0
193864866,0
173306422,0
59050713,0
72037879,0
35645806,0
63810024,0
135686975,0
191819805,0
151182678,0
43874964,0
82818023,0
108937673,0
63765562,0
34332784,0
34743487,0
73901211,0
169746357,0
87070401,0
129271338,0
39735079,0
113685565,0
112600135,0
70148175,0
95947824,0
67298021,0
109640764,0
117632676,0
96321832,0
39620444,0
79085852,0
63278605,0
98407813,0
178644831,0
84343498,0
87347303,0
118382914,0
107309495,0
59407608,0
88356736,0
100057004,0
212457562,0
90627475,0
115602222,0
124650636,0
131307615,0
78321915,0
65859457,0
42786800,0
38859270,0
124051334,0
75527188,0
175342867,0
206057933,0
120012100,0
57785154,0
63805603,0
164408372,0
36586883,0
83886289,0
110735195,0
83074169,0
80138248,0
67152326,0
114750633,0
36416277,0
45285488,0
75384879,0
142205987,0
78852258,0
76285381,0
49454823,0
93294617,0
100531603,0
113019110,0
35493883,0
125022651,0
82576464,0
66051303,0
161344768,0
177341679,0
129561257,0
107317686,0
78935340,0
114023846,0
36928460,0
66675476,0
121692301,0
44205960,0
112385324,0
63711614,0
176249775,0
62225972,0
120726767,0
176458615,0
78238645,0
81975998,0
82505976,0
113268762,0
132362300,0
129166325,0
67041856,0
110767162,0
31709818,0
86622499,0
113213808,0
119880015,0
166060968,0
67888885,0
102032217,0
125057816,0
60292320,0
43791644,0
89047875,0
107267934,0
33544044,0
132692409,0
61257774,0
106795308,0
116282880,0
35544801,0
58638164,0
179569939,0
102719162,0
67140719,0
40777625,0
154343813,0
76312079,0
162505038,0
121287716,0
175410908,0
34452462,0
107818302,0
42607331,0
119701395,0
97116128,0
145842857,0
159845180,0
121169853,0
130648828,0
140745118,0
65845472,0
128984468,0
210490510,0
73961060,0
78639183,0
44899063,0
88750040,0
84642893,0
130616427,0
153790385,0
77497191,0
118662550,0
39316272,0
79330490,0
108070471,0
87188807,0
143822766,0
204875643,0
107451015,0
100168886,0
62118344,0
149629212,0
86125564,0
126121207,0
66265513,0
66410240,0
134189134,0
98904115,0
154118589,0
89760046,0
41110428,0
147223348,0
84326809,0
128614614,0
162416735,0
87041473,0
120909454,0
60073056,0
122690375,0
92449306,0
86350295,0
95595005,0
78724545,0
136999919,0
140466410,0
101456612,0
105921809,0
180696219,0
142187491,0
97383417,0
114219915,0
181077215,0
107004307,0
115491545,0
88656979,0
34349740,0
77077387,0
78549636,0
119847682,0
94711606,0
159933276,0
99834415,0
104932322,0
90726685,0
131653979,0
63118500,0
85996144,0
61266479,0
68364511,0
138552407,0
107659678,0
160108748,0
86655167,0
146072720,0
80811986,0
82119847,0
83738344,0
137955227,0
101342401,0
86687727,0
121342769,0
102817423,0
33121517,0
85369927,0
150190427,0
152393432,0
88410111,0
92304331,0
184028227,0
58322810,0
174584822,0
141253649,0
115666858,0
63584040,0
35386068,0
83519702,0
115136308,0
99975254,0
144689258,0
160475147,0
114531242,0
115621675,0
199080755,0
63382147,0
87387650,0
94241675,0
87085837,0
42101810,0
177438687,0
144830028,0
184758084,0
180142662,0
108754523,0
60619161,0
128135356,0
134699571,0
93157035,0
41848408,0
60831595,0
103933034,0
83958653,0
181356791,0
212953480,0
184142803,0
132940551,0
177500323,0
60185600,0
33764255,0
137625415,0
61582800,0
39678477,0
59184397,0
87859318,0
111199530,0
73221807,0
45060698,0
118656559,0
111259152,0
63100419,0
78372931,0
116702427,0
86781320,0
67366556,0
81319205,0
112484868,0
95195770,0
151966305,0
90591116,0
127166891,0
57074276,0
146437688,0
108525154,0
67208445,0
128723861,0
110450259,0
80424417,0
129754761,0
156038020,0
33519755,0
156082433,0
115677764,0
125288429,0
175513265,0
101788221,0
85103004,0
92811954,0
65708156,0
122686496,0
160807911,0
145100682,0
159017742,0
150975831,0
79134114,0
158357821,0
66965307,0
39720916,0
93296443,0
87056189,0
174819797,0
120859010,0
80739859,0
109537864,0
108190762,0
41439797,0
122249608,0
83345869,0
88619850,0
213101485,0
76712498,0
90816064,0
105832439,0
95498490,0
31527694,0
111611892,0
63843472,0
72143938,0
60297876,0
56830141,0
65007928,0
93687625,0
194555995,0
161840735,0
97824697,0
73853215,0
138699237,0
65895392,0
61040080,0
104161348,0
103643509,0
95908108,0
129973155,0
95661092,0
57941005,0
72347922,0
106552062,0
160583259,0
56960558,0
86930598,0
87026718,0
109003760,0
157234226,0
112110623,0
98818240,0
66413685,0
108887013,0
40661016,0
43336438,0
91582063,0
178100187,0
122002532,0
125174732,0
40550012,0
43719725,0
107986086,0
35561194,0
36941073,0
112861838,0
94604817,0
40239258,0
167236408,0
66718063,0
80274320,0
90788607,0
176817385,0
115888678,0
106362141,0
87197216,0
208381248,0
105744185,0
39339318,0
135227940,0
126299560,0
56435722,0
71804522,0
132640840,0
38442763,0
184708726,0
122358085,0
32446377,0
98171860,0
139226215,0
98952486,0
88167812,0
120861389,0
89042723,0
203919762,0
72406400,0
45137148,0
96008235,0
129949439,0
115448128,0
80650431,0
61793625,0
145944691,0
84063221,0
184751382,0
42901811,0
144771166,0
39094335,0
37821422,0
75779446,0
78808881,0
115242949,0
76439673,0
127404068,0
112008038,0
139628648,0
35272419,0
155487671,0
95409703,0
92303778,0
178114172,0
161084032,0
177092135,0
122407591,0
155924016,0
90902146,0
94651866,0
105782835,0
89859117,0
95825648,0
106737591,0
80508881,0
102220006,0
108133202,0
82871556,0
138947004,0
109818812,0
63311619,0
59869131,0
82113017,0
78549834,0
145484561,0
80811108,0
100684750,0
63920672,0
118335945,0
82343798,0
92025001,0
83586707,0
115734732,0
141631477,0
127968501,0
125094442,0
195734584,0
179550940,0
135032028,0
121205463,0
80978931,0
41151831,0
152764943,0
44746825,0
62092417,0
134690737,0
112747380,0
64893243,0
90701162,0
120981571,0
130655974,0
174428981,0
66128216,0
33679021,0
155689070,0
84306458,0
75383615,0
153992505,0
103506411,0
89882458,0
63929397,0
125229064,0
101575107,0
92761718,0
84605971,0
73900224,0
72084444,0
107449456,0
132747353,0
66882540,0
103250294,0
130491349,0
105829715,0
207171313,0
122945820,0
35092674,0
174557483,0
117174105,0
36116734,0
135814925,0
43699028,0
173377532,0
63988358,0
119364969,0
116375456,0
63802730,0
76590322,0
36387231,0
106127541,0
152592995,0
75543533,0
130086597,0
33421977,0
96714929,0
163940592,0
117067089,0
159789436,0
111786031,0
142654935,0
65965417,0
90769361,0
75121923,0
118133549,0
64814641,0
195288803,0
128275060,0
135974003,0
41158375,0
66686639,0
125358948,0
76586088,0
107480979,0
164448620,0
112470735,0
108756211,0
82649588,0
83715002,0
36314965,0
84698567,0
66702065,0
195049850,0
103659705,0
78982991,0
101373362,0
95330440,0
82842845,0
93959552,0
56062523,0
102243210,0
44179628,0
130420327,0
126967160,0
67147066,0
94630705,0
39638475,0
35053965,0
82308327,0
165551588,0
127693691,0
89213980,0
86928693,0
129620988,0
79371646,0
76852104,0
76825890,0
35471923,0
136740901,0
73839457,0
84837660,0
92377090,0
65056002,0
140800150,0
89114347,0
87821271,0
84462210,0
63937095,0
108762034,0
116691047,0
75825862,0
120126844,0
55093091,0
67361463,0
145556757,0
97175523,0
175608507,0
111206705,0
78691897,0
59119436,0
84347515,0
38220046,0
103599372,0
108032088,0
135046635,0
111186413,0
141953068,0
157492839,0
138835270,0
118029859,0
116541957,0
176556907,0
114373200,0
41559120,0
97338737,0
56142763,0
93808528,0
35237915,0
160551824,0
93473040,0
67254190,0
155609876,0
131458955,0
116706907,0
105200252,0
67465242,0
178449798,0
141931079,0
35794354,0
126608420,0
100436302,0
144552771,0
117862233,0
32614614,0
75337534,0
67511313,0
39272738,0
143639221,0
209921123,0
110104152,0
60081327,0
91333379,0
58399882,0
56032885,0
120902229,0
162879985,0
67559072,0
105612416,0
164419544,0
59897891,0
178111498,0
194272767,0
59820809,0
129974182,0
38772092,0
64544214,0
73042960,0
57179703,0
63010300,0
44684952,0
73797027,0
41351612,0
90678620,0
114645858,0
103557170,0
144174825,0
40893583,0
75057139,0
151632455,0
84728601,0
126719848,0
113456067,0
86550944,0
66742422,0
116734434,0
84578879,0
43127667,0
200831682,0
66107786,0
42899412,0
77013985,0
114579356,0
63115145,0
136691592,0
159936997,0
97586632,0
88420059,0
59215240,0
99165384,0
92161844,0
106566531,0
39745126,0
39376822,0
85222604,0
96748160,0
83197657,0
105858841,0
144500591,0
84747521,0
32163277,0
96704319,0
113809803,0
60341964,0
58729941,0
93541506,0
84770576,0
73283521,0
100950282,0
135357468,0
184741148,0
35161209,0
99595047,0
60124605,0
73546546,0
65711186,0
126028294,0
74897833,0
73793089,0
83298031,0
85839533,0
131651185,0
142013460,0
109927220,0
61317110,0
144835141,0
61996968,0
115676333,0
139900112,0
131768900,0
74504263,0
74084963,0
79982653,0
102751800,0
144219929,0
65583750,0
139985908,0
128338650,0
81636365,0
153898181,0
138102501,0
65254579,0
136129844,0
61103315,0
130367959,0
177454952,0
114741958,0
83863530,0
74017425,0
137126477,0
157375282,0
154566906,0
85527367,0
43385086,0
92975434,0
57527488,0
78091233,0
126300399,0
85975674,0
90384170,0
64491461,0
106383667,0
31679775,0
121750492,0
164003323,0
80012381,0
139944722,0
65925988,0
78139386,0
146072690,0
104473385,0
86482755,0
88222628,0
144488471,0
78686863,0
99599626,0
97635743,0
154127748,0
65861096,0
156663526,0
35275281,0
89172311,0
79909036,0
122523707,0
63370827,0
75529833,0
127915915,0
77387717,0
37901672,0
107708582,0
145458959,0
116794470,0
67032983,0
107975042,0
125724281,0
40348139,0
152498207,0
90129554,0
135835927,0
158477065,0
108917470,0
100960971,0
85533230,0
90117345,0
41914781,0
122011346,0
125234058,0
176327735,0
98612232,0
156287040,0
113755155,0
66884939,0
73944824,0
60307489,0
117258194,0
152327927,0
116285031,0
160706984,0
76197275,0
163194864,0
77627835,0
32772725,0
107258410,0
77870894,0
62862818,0
65962042,0
86134121,0
144177549,0
130531360,0
82489632,0
145999537,0
111758061,0
142610887,0
116022983,0
60401132,0
44744752,0
111421971,0
157234097,0
58851792,0
185195436,0
143550069,0
166930095,0
161893162,0
75089797,0
192847823,0
93647150,0
72765140,0
42623014,0
67337105,0
63713717,0
87663673,0
206192693,0
50075325,0
149092464,0
63495963,0
105864999,0
41932320,0
163427550,0
116166546,0
75081398,0
56172234,0
65696727,0
152994609,0
122157672,0
88823391,0
131940187,0
62136307,0
44649244,0
36695666,0
103851057,0
85304541,0
55755628,0
88971109,0
154604193,0
36693336,0
83783359,0
78214267,0
106898899,0
43309869,0
98002399,0
45070666,0
111627841,0
77220724,0
136927653,0
84945988,0
81998777,0
103491892,0
59948374,0
75236302,0
154124264,0
173696705,0
81059970,0
160866013,0
95479679,0
63587070,0
59869052,0
109368462,0
40580677,0
120806859,0
94667775,0
41042802,0
43153683,0
119787783,0
161582171,0
144497975,0
116126042,0
92568669,0
206371293,0
95787314,0
122939730,0
193754623,0
146393176,0
84111553,0
84096926,0
37957366,0
128976306,0
70178208,0
80536763,0
196498955,0
32030087,0
82640202,0
81903841,0
132132832,0
144886078,0
59459068,0
66640528,0
95544029,0
147624034,0
96176147,0
118515305,0
32514635,0
109225432,0
180590229,0
176072625,0
77384520,0
112654152,0
125808617,0
79690454,0
106300861,0
184475043,0
126272143,0
162612923,0
173343956,0
161335382,0
117784036,0
156542633,0
174570807,0
116750679,0
119825761,0
127563008,0
56102505,0
86717721,0
62684781,0
32632754,0
60420437,0
149701645,0
106272555,0
138594857,0
131975392,0
85403099,0
110448256,0
88437242,0
105897924,0
90649800,0
75424752,0
41251179,0
39871023,0
44391539,0
125673739,0
61932144,0
157236930,0
177798671,0
129490245,0
167119197,0
113195282,0
39692314,0
36647512,0
34339179,0
115549627,0
66974940,0
117361351,0
134454716,0
78784730,0
75076532,0
121692252,0
145325038,0
45001895,0
130629050,0
42079683,0
143047222,0
92392654,0
94338930,0
116130582,0
148088083,0
146526317,0
98325678,0
109191776,0
32919407,0
117650619,0
41153835,0
113208182,0
75816358,0
102436901,0
97161183,0
61654670,0
76030469,0
130066206,0
90733445,0
43233686,0
97236774,0
62625524,0
71793675,0
119709843,0
112433161,0
184928937,0
185517737,0
94817566,0
143700837,0
71116018,0
185771110,0
207404078,0
102234594,0
34760128,0
44965081,0
112371605,0
76034910,0
196326079,0
130972364,0
124458662,0
80796452,0
91817000,0
112892374,0
66285331,0
61411799,0
81805678,0
88507840,0
146367930,0
119961202,0
64643354,0
163900127,0
94676421,0
56631831,0
131084167,0
84036672,0
79575838,0
44997443,0
108958636,0
135359620,0
44540836,0
173391113,0
58894655,0
59385619,0
138903943,0
126254279,0
84021769,0
67118306,0
59657003,0
77102101,0
138617349,0
106406446,0
144231190,0
136496154,0
114685297,0
114810117,0
136774369,0
152841758,0
57048615,0
97071626,0
83402234,0
93512065,0
107810979,0
88309303,0
55784398,0
100825757,0
118076137,0
102941119,0
116727081,0
124626524,0
60007049,0
61659506,0
75411566,0
78377431,0
56863047,0
45545828,0
114364327,0
140559520,0
83040079,0
193974725,0
145074745,0
106136048,0
113491834,0
38543966,0
162660939,0
148578208,0
44019080,0
128373796,0
198848849,0
90602189,0
78156323,0
100165313,0
195197549,0
60502740,0
42958393,0
59187131,0
174240876,0
152849516,0
117695437,0
45382536,0
81104521,0
120769029,0
36792921,0
77251073,0
59106921,0
208449772,0
138706018,0
107041871,0
71986389,0
153887295,0
66692551,0
111430824,0
117193627,0
43001168,0
163166993,0
126833496,0
93530837,0
69229137,0
34995725,0
103070974,0
47700067,0
108223193,0
102966277,0
59530337,0
81967372,0
81283240,0
78517017,0
61145014,0
107191257,0
152366418,0
39322500,0
62468607,0
60713041,0
39215375,0
40006059,0
206580914,0
115053571,0
89042881,0
139465010,0
91881458,0
110558904,0
108638417,0
106458034,0
206679481,0
131550851,0
81137308,0
80637403,0
133911354,0
64062054,0
97320212,0
87174772,0
55956158,0
142106570,0
114544763,0
72156353,0
75636741,0
103051984,0
199574590,0
101517725,0
61060727,0
104283770,0
146615825,0
113690618,0
75239223,0
43301609,0
76785178,0
66004402,0
126061989,0
130602915,0
111488443,0
86910513,0
42817801,0
71708431,0
144456306,0
33239478,0
67232092,0
56949021,0
109240019,0
66389396,0
122665444,0
87724085,0
44058923,0
76144966,0
41753640,0
150357520,0
87086992,0
75694843,0
93144392,0
134420962,0
100441326,0
139967916,0
78564816,0
133966052,0
192225120,0
79675788,0
124222956,0
45025927,0
132978953,0
84357454,0
133400099,0
150975673,0
110746150,0
161712864,0
86593028,0
121590190,0
212785539,0
43425334,0
39212711,0
114570276,0
159530162,0
97421089,0
33748898,0
161654703,0
39542908,0
101624356,0
44613417,0
156568590,0
102328236,0
81428402,0
94973013,0
56386167,0
135501486,0
173577974,0
112416581,0
83659505,0
53602060,0
114373753,0
156676159,0
155617022,0
41811654,0
180026665,0
145289212,0
94262381,0
86831033,0
44839619,0
115746921,0
110060597,0
140523170,0
113016406,0
44257796,0
92126698,0
92598958,0
57983977,0
119364930,0
113535221,0
155606037,0
60651514,0
74545015,0
83394279,0
77588366,0
77948686,0
99078057,0
138889287,0
98620601,0
92691377,0
126702773,0
118878615,0
48508753,0
34362837,0
96179108,0
119620158,0
72017725,0
114895292,0
83544485,0
38333349,0
38707722,0
78489175,0
83095645,0
119141788,0
167067046,0
89077148,0
32112902,0
150984072,0
114472389,0
80716804,0
177625696,0
128375266,0
102044081,0
116806363,0
139582093,0
109640103,0
116744451,0
110575248,0
147554542,0
136379594,0
167151095,0
122213722,0
83904390,0
98959820,0
87593668,0
42061355,0
100234657,0
40902693,0
80405092,0
156288244,0
89086662,0
151733214,0
103305840,0
94222864,0
100388484,0
137143107,0
118193605,0
125270901,0
83566948,0
207115747,0
135176154,0
137865947,0
137970377,0
94637693,0
32090311,0
78527805,0
173493441,0
162632415,0
34412273,0
130642917,0
119017243,0
80591253,0
112716508,0
65486199,0
148451926,0
108087200,0
114223695,0
115592185,0
77802547,0
136633371,0
145068221,0
132560936,0
114613140,0
64417123,0
178929283,0
127697827,0
129034428,0
77849092,0
108048284,0
90925676,0
91390583,0
67531536,0
82228965,0
123952707,0
43277616,0
45517276,0
152278076,0
59313867,0
161786640,0
121122667,0
31123830,0
43162773,0
75301856,0
74250111,0
64026573,0
129172484,0
131416694,0
106199845,0
208265655,0
117717634,0
96340407,0
161684460,0
133762146,0
127951446,0
122512396,0
139842611,0
121639469,0
56930170,0
124038918,0
96683839,0
124632259,0
107869990,0
39781348,0
180719797,0
40322518,0
137852731,0
83451237,0
175685598,0
118103594,0
76716288,0
115280878,0
183415008,0
35644869,0
82534588,0
153057636,0
64381326,0
108588516,0
104168819,0
124788031,0
111900538,0
57104112,0
100331931,0
166211085,0
175150646,0
60020264,0
65019791,0
135772673,0
113382400,0
117087114,0
37640532,0
195456133,0
32337327,0
106805523,0
130244185,0
89458075,0
78281449,0
159839939,0
56183534,0
135260608,0
43435589,0
103703260,0
35491416,0
75184713,0
121426789,0
113657940,0
36596940,0
103291431,0
74240429,0
82464454,0
62968552,0
104393945,0
56308898,0
55184010,0
131885154,0
157245250,0
44881347,0
53779792,0
208416206,0
77549658,0
121391811,0
111754231,0
65975889,0
55955704,0
117079238,0
60889371,0
90722944,0
87761323,0
179733883,0
33425274,0
176557953,0
145402061,0
111350604,0
42228072,0
42365941,0
156341885,0
74004062,0
144054060,0
97686354,0
115135972,0
134982710,0
103624056,0
83386700,0
129482666,0
39225551,0
118363520,0
64378948,0
97539623,0
138555497,0
115937878,0
81119138,0
44885611,0
35254200,0
127135861,0
35759909,0
102449406,0
66985767,0
204250157,0
87108014,0
145179225,0
75059784,0
83941717,0
142377787,0
45175738,0
56333582,0
212865917,0
193431295,0
97992667,0
78652497,0
138724069,0
88552894,0
44809299,0
85120483,0
148903855,0
212408856,0
62113686,0
139621503,0
84118866,0
164659445,0
77671873,0
146017608,0
91539377,0
114473367,0
101685508,0
78796593,0
83701017,0
59067689,0
119436396,0
35589421,0
92679169,0
144691104,0
112529824,0
176626655,0
143363158,0
176984952,0
142484023,0
36625108,0
180614469,0
41050362,0
73909067,0
82565006,0
94521932,0
65366717,0
36078045,0
180087215,0
61428360,0
67136446,0
126567125,0
128148641,0
78281834,0
64301224,0
132902079,0
42880305,0
62251712,0
179646123,0
128463925,0
113183192,0
84294999,0
138244614,0
159530152,0
101774177,0
104230593,0
78069569,0
86400196,0
112732714,0
37958462,0
138686377,0
63454610,0
59953881,0
208510688,0
156752086,0
95620419,0
82846704,0
71673118,0
117115213,0
107650440,0
36500464,0
116941034,0
106140440,0
194942686,0
110258493,0
112341404,0
106632213,0
115065474,0
72171059,0
41101180,0
135043605,0
63831313,0
34983230,0
191964731,0
155589634,0
98279439,0
130578586,0
152823796,0
36112096,0
163508027,0
79883118,0
78213961,0
108163551,0
32924115,0
40776520,0
87737793,0
156728853,0
107200564,0
163677271,0
33376399,0
67164781,0
128565651,0
85461636,0
133156823,0
129537985,0
76310391,0
43845927,0
89296757,0
37151967,0
61670027,0
118141958,0
179187127,0
144479361,0
71569852,0
73811456,0
155863614,0
63647235,0
80303011,0
80832821,0
103844079,0
84190510,0
111068847,0
43042423,0
111955325,0
43922367,0
36561103,0
84287558,0
71136774,0
61632355,0
196038380,0
92012299,0
36895180,0
107340752,0
116144972,0
207357878,0
32117561,0
80401292,0
85125171,0
103261062,0
77996919,0
120620649,0
45270762,0
63618781,0
40188479,0
79658397,0
195237422,0
137888420,0
79577230,0
80679280,0
104725425,0
86014926,0
45376545,0
73970239,0
78972095,0
60196239,0
130164853,0
39212563,0
112314706,0
122557559,0
62930889,0
157421817,0
163946484,0
146681734,0
94458520,0
208082090,0
62808684,0
115090967,0
33522835,0
93799517,0
38956219,0
82131217,0
104023913,0
81699619,0
109463842,0
115556723,0
115317405,0
81992954,0
38576891,0
61937898,0
67540251,0
115183346,0
76175720,0
87070914,0
86687066,0
86813851,0
41624190,0
146410181,0
83617115,0
36581563,0
93157864,0
115025976,0
71156977,0
64113682,0
140087595,0
90960723,0
127352963,0
143657332,0
43293861,0
114554860,0
81733896,0
100324194,0
120444635,0
68630112,0
130620888,0
148265470,0
76445575,0
80833048,0
78986060,0
34625437,0
87158379,0
59461861,0
89351049,0
88012386,0
185146818,0
42352656,0
33622518,0
118021894,0
71172887,0
115239722,0
62945190,0
179492019,0
95196125,0
87609765,0
75191533,0
121115107,0
154565297,0
127140767,0
122073929,0
127299371,0
116941518,0
208262625,0
34129105,0
38081022,0
160947862,0
37256358,0
59009528,0
88190581,0
125971643,0
122210574,0
95355361,0
90430577,0
144865707,0
39421946,0
97505810,0
78298257,0
77502669,0
94305452,0
194329517,0
40109522,0
102955509,0
161990309,0
81023156,0
72201872,0
88062257,0
91994978,0
126562635,0
108321376,0
61052585,0
73906580,0
60606923,0
134539880,0
74160159,0
61984345,0
142476059,0
105882705,0
39967952,0
38691013,0
96207374,0
107007386,0
145446198,0
71756477,0
33826039,0
40189081,0
175416435,0
111985180,0
174368322,0
84793858,0
192818057,0
120007708,0
106579953,0
107997623,0
192762224,0
141659882,0
120022542,0
62212777,0
74757182,0
137803156,0
196176377,0
134284840,0
42864306,0
80768728,0
137842951,0
36857300,0
135889134,0
150192451,0
153902800,0
212402105,0
98142527,0
76619043,0
136385723,0
66946160,0
180338722,0
137756424,0
117674661,0
81356236,0
59895226,0
92258724,0
104213291,0
120447941,0
106460294,0
43844605,0
107271329,0
75079760,0
99617609,0
41336294,0
159315695,0
106942612,0
85373895,0
132604974,0
108640204,0
136048528,0
79624229,0
102429686,0
73927770,0
140918171,0
70052687,0
167112880,0
115834375,0
59385668,0
72079578,0
88329457,0
83595363,0
203844329,0
90118865,0
61617659,0
121349214,0
151991038,0
96230785,0
92181524,0
67224285,0
35597040,0
111015847,0
106734580,0
118528688,0
151356116,0
78859414,0
100687050,0
157066186,0
58144950,0
118383950,0
152127031,0
144190665,0
129854809,0
78496409,0
76460991,0
34894295,0
150074598,0
107908205,0
102130262,0
111338356,0
75200287,0
66471294,0
101624030,0
123842276,0
145521759,0
158813954,0
109646449,0
75569845,0
113088780,0
38978979,0
111703660,0
130827024,0
87564375,0
66469201,0
140173411,0
60520120,0
148000708,0
151336061,0
38876690,0
63611408,0
34362767,0
44340671,0
37866428,0
194654237,0
64197455,0
97652788,0
88149168,0
151664897,0
87791376,0
34933606,0
60977912,0
72483521,0
160769162,0
134069367,0
160701842,0
83874455,0
66811065,0
84343933,0
180468912,0
90940865,0
143492796,0
164077622,0
102339695,0
84210930,0
62362173,0
63084519,0
61672317,0
44036184,0
86086155,0
162846971,0
88400685,0
194346592,0
174052396,0
113138295,0
35667194,0
196068236,0
84932595,0
31463897,0
110740130,0
77486591,0
198643995,0
179723550,0
89841855,0
37726486,0
144362466,0
121305028,0
72451109,0
38338037,0
159343607,0
41841953,0
77877418,0
136370119,0
123779495,0
157386938,0
107166376,0
191838568,0
83125283,0
86693283,0
161077341,0
76878317,0
127911632,0
129233912,0
105770814,0
71928553,0
66298201,0
56669099,0
93789470,0
195062977,0
74632025,0
124252516,0
191951042,0
97673642,0
66996692,0
34264091,0
159550938,0
162593539,0
81532201,0
104999800,0
147493410,0
75790934,0
93880576,0
84029132,0
75109832,0
94981570,0
86152005,0
132086849,0
74522473,0
37020948,0
115560168,0
149656521,0
130229814,0
34434638,0
113349761,0
100896236,0
181081499,0
162683510,0
92956248,0
155683365,0
163713917,0
39205881,0
32153141,0
139500847,0
182074055,0
42789100,0
66796537,0
128871836,0
142641335,0
177041830,0
126197795,0
36117159,0
134672123,0
36030050,0
102393780,0
82670640,0
90875360,0
40592274,0
116228607,0
121057370,0
176002798,0
72496322,0
44965594,0
151953287,0
42392026,0
115037513,0
89803581,0
105225982,0
43911481,0
81791999,0
145082384,0
104825957,0
159209341,0
71804759,0
143813528,0
62646615,0
135967588,0
33583700,0
77910875,0
213381544,0
36948091,0
83463564,0
124869553,0
86274338,0
71866868,0
111949580,0
78509970,0
126787553,0
161407450,0
57121660,0
144825577,0
105587269,0
87085452,0
73553475,0
59657171,0
93959612,0
74143460,0
191851378,0
103660238,0
101633554,0
129037241,0
107659491,0
64289934,0
178986231,0
68959599,0
36782498,0
96178980,0
37926514,0
88128551,0
106038635,0
102733680,0
130712487,0
150155647,0
99983258,0
81208133,0
121175094,0
60866740,0
75403759,0
59571641,0
116275704,0
167065703,0
62486579,0
129088020,0
116550583,0
60647931,0
156480217,0
76216156,0
159733594,0
81440068,0
144516599,0
83314197,0
86602404,0
71499087,0
142987580,0
108519538,0
75622154,0
88732679,0
164153163,0
79851931,0
164797106,0
32631501,0
39189103,0
33807059,0
62199117,0
109130644,0
128516096,0
113309365,0
56280878,0
93956917,0
111501185,0
32945749,0
132877375,0
62934304,0
77915139,0
135524235,0
117033641,0
34173439,0
79562712,0
131702409,0
55957303,0
106202707,0
179397872,0
42805385,0
142087808,0
91856646,0
148614794,0
177677808,0
84459220,0
39181799,0
83700602,0
104342297,0
59723031,0
45114803,0
86354647,0
57654934,0
87144226,0
40082874,0
40667263,0
72437400,0
137397851,0
83590240,0
113504941,0
41959204,0
95500543,0
115421707,0
92020580,0
77530284,0
154917859,0
112864068,0
81674718,0
141567423,0
98666988,0
122291238,0
174199749,0
162771784,0
118397442,0
83919599,0
196345088,0
42776368,0
59036857,0
115836655,0
121529897,0
193781044,0
72297114,0
194593204,0
44552995,0
196191675,0
124458544,0
90055167,0
35457859,0
155392814,0
142609673,0
108963798,0
90625610,0
84538907,0
195183820,0
95508044,0
139619854,0
37492261,0
76072326,0
78173585,0
84253675,0
108973293,0
140031081,0
141200284,0
35360654,0
116372801,0
132425831,0
84832843,0
212368775,0
62963765,0
130202278,0
96351609,0
121111337,0
88798579,0
66527343,0
152141125,0
101234665,0
125277385,0
119829680,0
96286815,0
162158033,0
98765675,0
114020687,0
96132790,0
88136604,0
137027011,0
127189424,0
34519132,0
97284375,0
102154610,0
85120098,0
39155043,0
100183552,0
78076764,0
120905427,0
108289991,0
77083813,0
64028113,0
177416194,0
136999534,0
114515214,0
145358536,0
87228403,0
111271065,0
75347601,0
74678531,0
105992811,0
44550558,0
104900255,0
32120828,0
134366925,0
102448241,0
34991817,0
108383416,0
77835857,0
85390545,0
207307119,0
132446754,0
115613661,0
42315260,0
75063998,0
112473972,0
155276540,0
74249766,0
149859391,0
66028079,0
185565497,0
61820253,0
104955861,0
129167026,0
67292336,0
69662699,0
90652218,0
117573636,0
71700980,0
75347048,0
40266873,0
60425016,0
33538764,0
65018498,0
42387762,0
51786626,0
56063915,0
212200587,0
137953263,0
90702001,0
103588427,0
37370825,0
192996815,0
82590114,0
107447136,0
113519765,0
119133162,0
63930048,0
101616283,0
65101324,0
140110749,0
101246113,0
75564545,0
76692858,0
42039651,0
38921567,0
82691850,0
116588531,0
118354105,0
67039793,0
111592656,0
84002227,0
61116589,0
56567422,0
42328683,0
73547139,0
178854817,0
92722210,0
65763169,0
31681897,0
133882999,0
183987998,0
108950761,0
74030236,0
96907120,0
34060452,0
41844322,0
150163464,0
41681375,0
78974937,0
122719401,0
96841200,0
154605624,0
90553463,0
108362808,0
166217707,0
121249975,0
147609852,0
106773842,0
80830531,0
98499136,0
63010399,0
100871611,0
45224129,0
162573622,0
44814264,0
108570623,0
72213558,0
128094565,0
106325929,0
84830899,0
102450955,0
71388281,0
114497202,0
163104962,0
60498436,0
128284338,0
206724161,0
114918575,0
120155673,0
83310289,0
144754536,0
38873117,0
77473001,0
36442944,0
32778084,0
85410047,0
210002409,0
75505179,0
78974029,0
90729596,0
152251763,0
83009621,0
84714369,0
44258812,0
107102697,0
82663652,0
63920011,0
66174870,0
122000282,0
78771150,0
78339818,0
151598080,0
108227950,0
33498269,0
88790456,0
95878875,0
141976765,0
40193256,0
60301025,0
83249512,0
114274988,0
84871542,0
141596391,0
178437866,0
161571058,0
44901896,0
79550266,0
90096560,0
45102318,0
85924175,0
135943881,0
76947592,0
44217133,0
173753002,0
68580448,0
130963600,0
108186952,0
41470629,0
97078643,0
63475543,0
82409816,0
121273395,0
86950545,0
44498091,0
92867737,0
134393781,0
97284119,0
75964757,0
194145597,0
78153786,0
74655525,0
64834686,0
113794920,0
63381910,0
94623885,0
77227771,0
122239630,0
34928779,0
181275782,0
66032639,0
82831406,0
116481298,0
72739134,0
93732917,0
103662222,0
161570387,0
84306803,0
195273940,0
185349836,0
157359362,0
130265661,0
45615853,0
66287551,0
33146388,0
41872480,0
147125165,0
76529220,0
43729703,0
37800064,0
106388986,0
63597759,0
104077900,0
61495286,0
157993159,0
136600002,0
43863377,0
83105860,0
192995413,0
62473226,0
89580676,0
65355042,0
166983401,0
59895413,0
80803173,0
74771098,0
110672217,0
86031013,0
154864988,0
96295944,0
123973620,0
145598525,0
38935345,0
41071769,0
102848809,0
71798343,0
123939926,0
127094281,0
43258044,0
155218300,0
37196962,0
74636299,0
111360020,0
124544439,0
67129073,0
126333216,0
156051916,0
35315016,0
74788577,0
129377841,0
41415932,0
194633047,0
194533650,0
176225002,0
36896078,0
106939602,0
98802538,0
119115002,0
130028840,0
72373100,0
75694725,0
135460507,0
41253241,0
39448061,0
115256954,0
158058486,0
115121592,0
78686853,0
141154094,0
65929936,0
129317675,0
101042869,0
176750460,0
36112559,0
90727711,0
87943131,0
66585120,0
31424053,0
39287197,0
95518052,0
118149162,0
117976523,0
139758187,0
193774846,0
89292809,0
141805113,0
106758031,0
66588012,0
153057251,0
152255760,0
126464067,0
194727075,0
115883881,0
40779885,0
83504730,0
34012308,0
78598165,0
71633343,0
78556811,0
34637429,0
140284997,0
104161821,0
211617116,0
75759460,0
116948979,0
79913546,0
71803663,0
39662962,0
80478246,0
56212186,0
64881014,0
81416075,0
177064510,0
42988278,0
127241081,0
34786124,0
192665857,0
114164951,0
115067418,0
143048259,0
116775708,0
84565979,0
34920755,0
152411898,0
144786651,0
64873316,0
77129341,0
35538188,0
78942713,0
63064780,0
63924739,0
90716499,0
66010561,0
94547968,0
73881708,0
62319497,0
64325573,0
42684630,0
106687512,0
113653568,0
192224913,0
44565816,0
142378211,0
61507031,0
32627109,0
98150009,0
80814039,0
106523578,0
140138226,0
80584324,0
72771388,0
72057519,0
85516205,0
117127718,0
77742638,0
34194491,0
71709566,0
108729977,0
77302197,0
118501379,0
82747080,0
44919029,0
86572183,0
127452518,0
61627608,0
152180357,0
113693776,0
141048223,0
125826668,0
196240707,0
151461642,0
194006663,0
87062170,0
32115232,0
180766273,0
76118536,0
124719437,0
194858015,0
52450416,0
109676216,0
144755197,0
112603225,0
75086353,0
154367520,0
175457334,0
78824781,0
112990162,0
35394635,0
83622475,0
90442203,0
74805148,0
56566672,0
117422444,0
63114789,0
149020790,0
44186656,0
143670764,0
128277113,0
78629471,0
103484668,0
63896383,0
85890894,0
107840578,0
33027775,0
78765475,0
144673171,0
93972640,0
121720627,0
37422285,0
34307063,0
133883512,0
63144714,0
93383069,0
166935395,0
61213183,0
41148791,0
87782217,0
41608587,0
164481614,0
113587925,0
36363504,0
195254309,0
121871720,0
198744596,0
38925515,0
77526741,0
152359006,0
32545566,0
164913597,0
110642036,0
119564089,0
131735659,0
108996871,0
46781167,0
115667885,0
182507212,0
33413775,0
136143168,0
66295615,0
55884327,0
84848319,0
78375842,0
85376530,0
93582060,0
100847865,0
132622670,0
56499460,0
103077586,0
64139748,0
67438900,0
74022824,0
60132955,0
86826977,0
72222381,0
94177236,0
77891719,0
125873272,0
71403589,0
63443437,0
132448748,0
99796555,0
88746536,0
34070815,0
119927132,0
77193849,0
112738557,0
109428854,0
65756122,0
78801805,0
160945345,0
151098826,0
95161019,0
104289830,0
106274469,0
139838091,0
87134573,0
203290101,0
161260560,0
124219946,0
89033051,0
181060131,0
81754524,0
171824165,0
75315831,0
44209731,0
81191107,0
116102049,0
74448480,0
63065481,0
60178178,0
38271476,0
39748788,0
79332454,0
60128484,0
176237191,0
82896990,0
86993191,0
94493636,0
72320367,0
199022208,0
138924807,0
66297549,0
119532457,0
63749889,0
73943798,0
123880333,0
92699214,0
130029333,0
142019787,0
109096860,0
89385958,0
64094288,0
178256768,0
62433214,0
58905245,0
33120155,0
41921137,0
85266020,0
87740527,0
102035415,0
160139274,0
139707674,0
39867342,0
107021746,0
135536424,0
68474902,0
147840277,0
115555746,0
138914207,0
115067507,0
144456108,0
82781545,0
142647513,0
61049496,0
115080288,0
91837183,0
87831624,0
98954243,0
90618859,0
143529609,0
192531305,0
138566343,0
152139141,0
106794686,0
198911274,0
112590838,0
82556488,0
75539713,0
152283573,0
135601425,0
72434884,0
97336704,0
85201197,0
134041199,0
56619327,0
81336882,0
91722804,0
34497744,0
67038885,0
194668736,0
103719880,0
92631597,0
88650623,0
80687856,0
59381325,0
125130999,0
89068986,0
136064862,0
131954390,0
147449401,0
90823377,0
63400051,0
96140281,0
42996885,0
102727640,0
94285190,0
131642638,0
63783840,0
38455988,0
115363704,0
195400646,0
41452775,0
66906168,0
128949105,0
40270495,0
146408148,0
118190072,0
155889759,0
73934530,0
115329624,0
79139888,0
91780709,0
75935356,0
41968353,0
94432514,0
38993201,0
69366927,0
59735279,0
75455249,0
125979262,0
93974673,0
83496173,0
198722152,0
182720119,0
95415437,0
76306670,0
31344179,0
135860118,0
120974287,0
109554849,0
81898097,0
98522241,0
84946423,0
77253708,0
136568538,0
122344336,0
114750584,0
127112085,0
120109927,0
108919296,0
87233013,0
121905731,0
118300769,0
100788312,0
87212967,0
82935224,0
148309903,0
68073545,0
81345656,0
96467468,0
92876748,0
94061880,0
89677842,0
42225555,0
77770944,0
33215890,0
60974211,0
151244471,0
90782389,0
108030173,0
72436255,0
210379695,0
75256169,0
59411655,0
96142521,0
61420573,0
59851849,0
36618939,0
161162525,0
90842662,0
56913066,0
31189305,0
88533057,0
95381575,0
43898838,0
92936519,0
98952023,0
37463096,0
130892499,0
78594573,0
36449034,0
103624915,0
93981039,0
115484350,0
131995477,0
36623548,0
43469806,0
206123211,0
59754170,0
91724452,0
160123503,0
194993080,0
35071790,0
86201086,0
162993524,0
123821026,0
32141307,0
81181781,0
63806086,0
114549659,0
166945097,0
189335636,0
118586425,0
156291570,0
36014456,0
200889389,0
96458309,0
71495110,0
82678131,0
74967917,0
91152736,0
126123131,0
213024383,0
115049594,0
90199026,0
146260420,0
129428324,0
64888278,0
110188754,0
150944268,0
113832928,0
101080916,0
32264894,0
157016996,0
133580565,0
123605484,0
84327036,0
105021059,0
106041339,0
127015028,0
87979392,0
111351423,0
194773502,0
114572842,0
60002736,0
44952843,0
109563446,0
89596447,0
113417477,0
77921268,0
102518286,0
107176719,0
72434943,0
61815713,0
66672851,0
135196160,0
66655658,0
107468622,0
142983741,0
89546803,0
59481127,0
79782034,0
145397442,0
127663875,0
97316452,0
160352152,0
90744213,0
78734593,0
98440747,0
31314017,0
92271850,0
100415083,0
119186251,0
130733006,0
95328703,0
83401445,0
38514870,0
102741033,0
154044597,0
65720079,0
43854474,0
83921316,0
176945068,0
107036886,0
86573772,0
72030792,0
132665830,0
134955114,0
111862767,0
110063371,0
81563981,0
177646333,0
123497067,0
161178031,0
105906057,0
115888322,0
82019167,0
87401230,0
99876637,0
94419091,0
86984644,0
76759932,0
67026410,0
55793665,0
94217820,0
156079008,0
102980696,0
127619452,0
56967339,0
118659678,0
54626821,0
125758765,0
180901339,0
160571691,0
180235437,0
39823738,0
99903818,0
135930409,0
114404319,0
106647629,0
126470245,0
109126262,0
66745619,0
135179520,0
75244651,0
92902804,0
113492308,0
142367740,0
63916576,0
128824412,0
36957200,0
108018784,0
150816200,0
76169788,0
111055286,0
111488394,0
90185258,0
82283890,0
95583714,0
37025547,0
50040920,0
103634094,0
148334142,0
97793282,0
32335926,0
88654275,0
152982124,0
75262130,0
122798980,0
114377858,0
164824573,0
107066505,0
108202753,0
97941464,0
87571224,0
115507770,0
194235302,0
83924859,0
92808460,0
77999850,0
147275223,0
88661233,0
73965827,0
134338343,0
33996763,0
121545283,0
80735201,0
147987265,0
81992253,0
73347516,0
154408637,0
123428483,0
133124885,0
125345081,0
118902420,0
128744330,0
162801916,0
63401590,0
89500515,0
63764693,0
63686842,0
63614320,0
41034225,0
138602170,0
67210231,0
56395810,0
79715207,0
114648641,0
38974498,0
138751458,0
99329446,0
102146715,0
91751900,0
84657717,0
110621586,0
67782007,0
82419301,0
37347198,0
105503624,0
116205640,0
88072946,0
82969669,0
58561783,0
62867704,0
161484610,0
31508340,0
155432904,0
65620662,0
91704160,0
152096238,0
42627584,0
75874066,0
116362873,0
94656958,0
182484354,0
184657286,0
124544538,0
165571702,0
40923537,0
31424419,0
124684518,0
129045679,0
78392798,0
124500766,0
76072267,0
71929797,0
159946817,0
203849737,0
173319874,0
97530444,0
145823897,0
84733476,0
77270022,0
37819952,0
97084763,0
140008411,0
138193025,0
98560180,0
40968651,0
164825757,0
107252014,0
57114751,0
77101420,0
163529256,0
32319503,0
155600323,0
131523473,0
160385718,0
38381414,0
100874345,0
194653379,0
132094864,0
63345718,0
115475714,0
114881228,0
98565233,0
60330426,0
42165440,0
108737320,0
110846702,0
62319635,0
114313518,0
114224268,0
84661981,0
44665746,0
75239322,0
93389770,0
56409380,0
145863070,0
154118550,0
78947036,0
96695979,0
130688179,0
83547179,0
76862763,0
64140083,0
74024324,0
139803794,0
102455693,0
75690757,0
58072280,0
144871727,0
137034956,0
61244766,0
73318075,0
75790381,0
63647432,0
72343461,0
61002911,0
93326743,0
125132450,0
86078358,0
82382497,0
89390715,0
130822849,0
75620545,0
87189695,0
148745182,0
107751752,0
62971127,0
147239830,0
75612728,0
75773366,0
81885770,0
79183492,0
81442782,0
42120523,0
125980279,0
84553080,0
77292752,0
120411522,0
173714787,0
116308165,0
32430565,0
63886622,0
75404164,0
118852974,0
123080559,0
43781439,0
65056071,0
85342450,0
154304641,0
59041367,0
81471908,0
158807549,0
80276373,0
34140287,0
72942211,0
145608187,0
130776798,0
154790788,0
82775426,0
173122364,0
75478719,0
111410611,0
66455157,0
116366613,0
95617439,0
115480806,0
72988391,0
62825235,0
107647825,0
192580554,0
77201389,0
112066910,0
131914388,0
115044067,0
78082755,0
74683446,0
140308891,0
175733683,0
67105791,0
83892250,0
65828151,0
117207819,0
64314736,0
117980363,0
112516273,0
92998184,0
105054073,0
152297479,0
107771481,0
177285599,0
174126181,0
141113550,0
90899640,0
109661500,0
67449283,0
89405293,0
79623064,0
108976589,0
41372950,0
139807081,0
40312194,0
105270198,0
114398594,0
83498542,0
38551546,0
142419081,0
57648914,0
34630658,0
36025105,0
166068469,0
127946363,0
132714783,0
112445094,0
36590831,0
87439435,0
134100417,0
40409647,0
179150441,0
77538397,0
161399978,0
129640796,0
65990407,0
60029985,0
56010846,0
44199802,0
179307457,0
99249739,0
107410461,0
86463045,0
82448544,0
121760954,0
179880940,0
64676773,0
113987042,0
132226652,0
143280787,0
184529455,0
140483543,0
75327359,0
126270050,0
121946601,0
101711929,0
166678055,0
43313472,0
162297994,0
87192182,0
71770037,0
75930905,0
94624428,0
60305515,0
156524414,0
99648234,0
72404623,0
128956191,0
78002229,0
138717289,0
116003047,0
36732627,0
103322747,0
51124829,0
59702147,0
133780187,0
131511856,0
148415053,0
123724571,0
96380172,0
57739004,0
84370788,0
56878256,0
72483176,0
33029749,0
130455779,0
89481180,0
41597118,0
88600594,0
158043997,0
111966290,0
90362536,0
137967288,0
35450033,0
37631876,0
65065191,0
86093912,0
92097385,0
121696180,0
75456275,0
174505263,0
45390313,0
192884370,0
57899404,0
161591508,0
104943395,0
82782660,0
63212489,0
192408892,0
151986922,0
74129228,0
109706150,0
35677369,0
129581717,0
80743748,0
140109426,0
40989802,0
36747599,0
108052291,0
107712737,0
104978788,0
196742794,0
67222686,0
80571138,0
133687650,0
33995835,0
110794995,0
59076256,0
76012398,0
118177824,0
35582591,0
72166796,0
144850873,0
144538786,0
85300041,0
80385777,0
84908908,0
39847454,0
62866411,0
129471158,0
177185522,0
55831130,0
66300342,0
96312061,0
38425797,0
99183327,0
71287443,0
72160252,0
144529449,0
98555077,0
123872723,0
44305969,0
95852898,0
34769168,0
78835490,0
115047018,0
31902473,0
83279486,0
106182603,0
161218259,0
34382546,0
72994500,0
162763908,0
77996879,0
120140651,0
85901031,0
73845892,0
123756706,0
96006410,0
112547550,0
106017948,0
75274793,0
74870514,0
66676226,0
107969732,0
77665201,0
106561369,0
127855681,0
66770412,0
132887926,0
130525103,0
106527931,0
180613867,0
42714486,0
57174097,0
31381042,0
81782326,0
80081014,0
43629457,0
41497899,0
156840567,0
59384385,0
63915274,0
213533615,0
95650887,0
78287085,0
148156766,0
133213613,0
94935350,0
63494384,0
194870234,0
85354768,0
163643586,0
106431978,0
80620003,0
34324464,0
94427480,0
90603966,0
153791125,0
95735706,0
72062681,0
33706301,0
63932802,0
112164027,0
114571500,0
39310637,0
85526568,0
61382338,0
130283999,0
63750836,0
193744447,0
80135978,0
77963994,0
84010626,0
79764042,0
194996426,0
87233072,0
112533634,0
115565320,0
67539027,0
111202076,0
88418559,0
84653345,0
164552044,0
63049768,0
155168537,0
82354151,0
176661100,0
129457084,0
75520674,0
82689126,0
74827088,0
88627469,0
128984211,0
154870386,0
82635248,0
193029029,0
88974455,0
84693277,0
135025623,0
76314013,0
85255795,0
108014461,0
95843660,0
77854648,0
86877036,0
106751221,0
41452854,0
147953057,0
88464483,0
102074301,0
89844539,0
67563089,0
87153858,0
126997588,0
126348622,0
74534849,0
85181142,0
77410181,0
65991138,0
80700174,0
205980743,0
76528904,0
96499110,0
98463596,0
161273085,0
115005624,0
125138934,0
79145484,0
121847441,0
94414660,0
154356594,0
177744447,0
31542617,0
66813374,0
124071695,0
93751294,0
99802595,0
94523018,0
147424027,0
106752286,0
200144372,0
82877596,0
113048403,0
65808086,0
61160746,0
81634302,0
125095538,0
68344594,0
139223313,0
86610468,0
78087798,0
63765038,0
118569035,0
166918765,0
60542159,0
89663077,0
63927778,0
88301683,0
76194107,0
37706787,0
77961447,0
102596157,0
127260830,0
91995343,0
59656944,0
78043888,0
39976194,0
192279492,0
85915845,0
189095814,0
130500913,0
114550488,0
91884912,0
88898489,0
88317840,0
78690959,0
116279889,0
66185233,0
74526953,0
78561470,0
115778493,0
203640077,0
89402756,0
107964017,0
86135671,0
66745234,0
83453546,0
63084440,0
109597585,0
104294735,0
95892485,0
133944891,0
105486372,0
147405363,0
44756181,0
100788647,0
31645646,0
85949165,0
126682837,0
89761171,0
153053372,0
139966830,0
137870882,0
97573782,0
84299816,0
104050630,0
76802055,0
166547529,0
98807660,0
78092634,0
132698035,0
79141625,0
107379816,0
118493829,0
74264659,0
42768759,0
180926210,0
65006112,0
157223912,0
106698102,0
103606044,0
41183907,0
66931533,0
195263241,0
115827901,0
44304726,0
129074765,0
110997075,0
39427937,0
154873564,0
166416836,0
35760471,0
101757507,0
80763990,0
146630165,0
108952863,0
176362278,0
75026878,0
105041716,0
94255828,0
164156292,0
62170397,0
40165305,0
109040554,0
79547098,0
38324614,0
60187741,0
127413908,0
32915696,0
110130632,0
83628248,0
100603089,0
32525955,0
87915861,0
148282732,0
35239929,0
63461667,0
95911622,0
75051118,0
92805292,0
96081498,0
86501181,0
72509439,0
62480865,0
116419050,0
55782700,0
86346880,0
82423179,0
90510629,0
34217299,0
64378128,0
94516593,0
144575570,0
83532395,0
122349626,0
113370478,0
64797577,0
63283086,0
66066679,0
150272019,0
145660654,0
173700910,0
154709532,0
156569301,0
87828959,0
162469044,0
179897541,0
94452727,0
109186545,0
40816808,0
107158815,0
82839667,0
102460183,0
62989406,0
172461396,0
54137931,0
149088042,0
76695059,0
92561780,0
107053319,0
193522658,0
87143239,0
59009399,0
173571381,0
149148839,0
67523127,0
85568573,0
106060783,0
93207656,0
184501997,0
87825189,0
43607033,0
139252212,0
84950716,0
73096828,0
88212758,0
104017103,0
117645378,0
93560426,0
83977464,0
34031297,0
165703106,0
35309983,0
142268935,0
115611381,0
148261344,0
81520357,0
132589015,0
160958669,0
112255864,0
88678979,0
33223618,0
59989283,0
198646018,0
74563964,0
114618015,0
128262437,0
132104269,0
153098931,0
130424976,0
80466442,0
131907509,0
141156897,0
120284520,0
77954914,0
43981654,0
123729782,0
63111996,0
127548628,0
61326328,0
194201489,0
78670263,0
135284966,0
95517025,0
102516568,0
129258320,0
196193412,0
75992511,0
88143306,0
109043308,0
105680270,0
78331340,0
145883707,0
36129979,0
101943203,0
34387145,0
64534177,0
87492958,0
41344308,0
126141528,0
140890319,0
164820546,0
92794179,0
81971527,0
62604067,0
107354776,0
38850842,0
115899791,0
99769068,0
72117862,0
97188857,0
40234027,0
127714171,0
118577957,0
162373852,0
32297326,0
80277113,0
122315843,0
60174092,0
77496303,0
126326791,0
137806966,0
51434389,0
101883532,0
81286695,0
89860864,0
181379097,0
87453144,0
150229797,0
40781603,0
106034046,0
99779372,0
122896264,0
78182181,0
67052337,0
104244203,0
98859722,0
39487619,0
115484577,0
35545028,0
116444810,0
124569182,0
37622263,0
65909703,0
145286665,0
73020891,0
70579813,0
64816467,0
129455830,0
111638816,0
135058577,0
63930256,0
33974843,0
36277421,0
117418368,0
82409510,0
118513420,0
103708185,0
83164091,0
91843924,0
78139633,0
75374417,0
90202441,0
192893372,0
83493321,0
178917440,0
161878012,0
63622729,0
84109984,0
79106252,0
38074183,0
97480247,0
121869707,0
124213955,0
87565036,0
73414333,0
120688315,0
109182114,0
84708437,0
83921257,0
78363614,0
71983063,0
34221849,0
63536616,0
83922836,0
87193781,0
74823239,0
39150068,0
87401635,0
78192278,0
34767954,0
121469643,0
63931726,0
74842001,0
35772700,0
40632572,0
102779830,0
100034649,0
43755028,0
81927518,0
130699588,0
105738609,0
87051096,0
129485321,0
64726407,0
162926391,0
74888714,0
138830543,0
84611093,0
128419236,0
161999715,0
89085794,0
88354594,0
94639331,0
151279410,0
101113821,0
56424668,0
90722618,0
103184691,0
89802712,0
196611005,0
33202151,0
67266162,0
132239216,0
64328731,0
40707995,0
97307085,0
34593331,0
119947434,0
64301965,0
103640114,0
37084597,0
110828354,0
109120666,0
110336779,0
96488017,0
34698551,0
99167782,0
90970790,0
87034426,0
42538432,0
67985883,0
127579697,0
94378300,0
79885566,0
71793705,0
72139644,0
36913754,0
92702461,0
83076685,0
99938489,0
106101208,0
90643563,0
77305050,0
109990997,0
74184952,0
122247407,0
41470580,0
38422886,0
59681677,0
63915017,0
103420654,0
62486668,0
44039243,0
44343405,0
88484676,0
113341244,0
106802434,0
128009607,0
114059337,0
107767444,0
41657954,0
57723725,0
81532112,0
130798550,0
80407046,0
89068808,0
117278851,0
138918264,0
130218908,0
75616706,0
56650475,0
145117234,0
156227595,0
103137327,0
116423136,0
80429431,0
113213610,0
84905918,0
99556575,0
57685333,0
102131377,0
32266296,0
82846852,0
66465974,0
150069702,0
78868227,0
87530334,0
75442991,0
105722877,0
115833773,0
103622645,0
73977335,0
43501853,0
75349881,0
80667604,0
98642916,0
40723145,0
118199843,0
81788751,0
103812171,0
107221221,0
59170037,0
198755581,0
99712061,0
35257398,0
64544036,0
105043631,0
76337730,0
90917790,0
64247327,0
82019325,0
85787047,0
87051076,0
84820358,0
158473137,0
42167029,0
121023803,0
91824708,0
114529110,0
151252811,0
74261925,0
59471208,0
112906725,0
64751417,0
205058103,0
104142674,0
96869803,0
82985500,0
142713768,0
86215585,0
101842830,0
79616837,0
56529533,0
164181558,0
81618037,0
85247100,0
100956115,0
161521976,0
87026462,0
88532297,0
165931153,0
95689852,0
102963010,0
174397181,0
82803653,0
56383127,0
109422054,0
119029393,0
35072017,0
59978259,0
33718243,0
84090205,0
73696022,0
156043201,0
61580984,0
124259572,0
81504645,0
41381181,0
118266670,0
156639641,0
34698719,0
140713071,0
132584623,0
99060164,0
130556281,0
130402059,0
85987113,0
77670452,0
86673712,0
110183543,0
91573842,0
114636699,0
143994191,0
119906288,0
57707480,0
62101813,0
179650110,0
163794946,0
144320174,0
126782835,0
36893216,0
137102000,0
35215866,0
115716937,0
78376099,0
77665270,0
62314276,0
105763628,0
135676622,0
71876530,0
85326235,0
62388999,0
113391016,0
74484712,0
142196413,0
86798079,0
107733088,0
128349852,0
77559527,0
90814425,0
80043529,0
39902547,0
184772049,0
110648086,0
38643007,0
114215819,0
82567009,0
44593856,0
81109979,0
82360962,0
125928305,0
109529277,0
65720059,0
132049345,0
65362661,0
97883381,0
114911853,0
114910699,0
82257331,0
142371234,0
103237503,0
77597279,0
156871301,0
195268058,0
191572562,0
155988297,0
133987380,0
33993171,0
151719407,0
76461248,0
91305734,0
79509850,0
36112510,0
77045765,0
164829419,0
155230281,0
39387926,0
152339415,0
100001665,0
94107893,0
84006649,0
62704095,0
72134512,0
92314122,0
119503272,0
115869165,0
32176946,0
102778054,0
33425698,0
123325059,0
104849595,0
125784101,0
126037325,0
78091756,0
67340944,0
75420143,0
184958930,0
82674558,0
125017726,0
75192313,0
106286974,0
94269409,0
122210850,0
129601594,0
40083644,0
137890808,0
75115567,0
77827615,0
76957432,0
144886019,0
113898511,0
192556571,0
85238948,0
61445415,0
90169674,0
108856091,0
79503040,0
33350294,0
98330672,0
118256060,0
83391013,0
40810333,0
155531304,0
145596926,0
120573187,0
113920629,0
60647448,0
110745074,0
134365475,0
120443786,0
142581298,0
66082017,0
95539281,0
80817257,0
149342164,0
77840140,0
59675736,0
48855353,0
115652389,0
122698981,0
203321625,0
91813377,0
62161909,0
33164746,0
116681809,0
56007352,0
110215363,0
89128618,0
40452047,0
108176697,0
110355580,0
117601774,0
114433405,0
35461314,0
90663272,0
121288802,0
141055092,0
89398473,0
138890096,0
176569491,0
185707007,0
75922101,0
119333248,0
178854788,0
135552699,0
139855985,0
175780465,0
75549928,0
180269487,0
196675818,0
80790086,0
157999317,0
145302378,0
100404799,0
130433355,0
77923459,0
161803349,0
61955792,0
84507620,0
86880599,0
157412688,0
131935450,0
64268319,0
134584817,0
145549147,0
37966140,0
43446712,0
73786703,0
166981753,0
78416870,0
109032353,0
87719160,0
59924914,0
81965792,0
176596879,0
144291503,0
92925001,0
106871442,0
58803490,0
180264295,0
160657448,0
34805488,0
31645498,0
101789623,0
78803226,0
31974570,0
144951908,0
110841984,0
128186579,0
63502408,0
104073696,0
42347465,0
90983847,0
77427413,0
92094266,0
44356817,0
86553323,0
87424611,0
96567358,0
145309859,0
121773962,0
114259413,0
163506971,0
40281164,0
76440245,0
135243869,0
142947441,0
97870176,0
58410433,0
62534871,0
73997785,0
42455507,0
66262808,0
143131736,0
31471684,0
74815807,0
40942615,0
95582204,0
78587220,0
106865017,0
115157962,0
176671542,0
95224490,0
154272367,0
104654019,0
152151755,0
184928986,0
102561524,0
113136785,0
102444895,0
44348053,0
83513524,0
42016961,0
108093092,0
166345212,0
99137295,0
94068118,0
32629211,0
73934007,0
107995630,0
64809400,0
153916844,0
82820934,0
107263818,0
92982304,0
35375152,0
129479794,0
132934037,0
67215689,0
80566717,0
109231383,0
70631954,0
93754344,0
61508886,0
92207994,0
33293277,0
126707669,0
106870653,0
125022759,0
113658720,0
64390436,0
97978811,0
92398497,0
78406596,0
87488497,0
87440334,0
78945861,0
38399445,0
94564747,0
75297552,0
157201577,0
157017035,0
127103923,0
139548576,0
82152476,0
181306210,0
66825642,0
107305231,0
45486423,0
204530947,0
42793285,0
57142455,0
180265944,0
115511254,0
121046079,0
33580828,0
75326589,0
151105784,0
99980909,0
139165635,0
86361497,0
97651337,0
93781031,0
122132436,0
175194339,0
66979470,0
44003357,0
87149101,0
110173269,0
74226809,0
195967467,0
67033121,0
94013026,0
137889131,0
122938200,0
144187033,0
62949276,0
84684069,0
61432002,0
64287496,0
108903515,0
130647841,0
140055943,0
134828014,0
43103378,0
140525874,0
122740670,0
146403174,0
126734099,0
101593563,0
72246818,0
131561402,0
39791514,0
137446577,0
118243131,0
63477409,0
97562461,0
96148473,0
180115363,0
107893884,0
135186665,0
121152779,0
111602950,0
139001899,0
43789868,0
85408616,0
90447335,0
121451394,0
88465094,0
98836420,0
59728173,0
106301719,0
82828189,0
37530466,0
81507359,0
94222775,0
115671517,0
196144982,0
124590007,0
112006735,0
116130246,0
40773954,0
193894475,0
122606236,0
56519278,0
134177528,0
134000812,0
131966095,0
61369064,0
44191975,0
94004874,0
131991736,0
119902892,0
180357987,0
42996756,0
210507684,0
160190429,0
194356392,0
75932819,0
90616895,0
32996410,0
194247856,0
114534548,0
83240620,0
61010501,0
176685478,0
139709322,0
33436969,0
39234167,0
100770833,0
86893932,0
106216288,0
131139900,0
165635677,0
65594952,0
95213752,0
85260286,0
77770530,0
99568103,0
94309124,0
180735302,0
108327623,0
111203764,0
92761047,0
59381039,0
96295520,0
31476234,0
118768776,0
150032415,0
149213189,0
44024310,0
44521877,0
152791394,0
73982852,0
194018645,0
62278035,0
108689384,0
142071405,0
138089987,0
150254619,0
148929960,0
33226213,0
60817165,0
89745597,0
134269463,0
33294866,0
44878633,0
157077506,0
140269432,0
106440960,0
62368874,0
96185809,0
76330327,0
93168198,0
175924956,0
128107859,0
196456930,0
131152573,0
38633049,0
95717201,0
144384850,0
86988394,0
179985380,0
81144947,0
129187801,0
109597822,0
92091967,0
63930552,0
33571659,0
159267107,0
60522133,0
123851168,0
34649282,0
61674232,0
69863812,0
79610826,0
185363633,0
86690135,0
194283160,0
72475833,0
125964961,0
88379111,0
85135475,0
131200263,0
103947256,0
41317828,0
92078544,0
88510445,0
120721586,0
135277821,0
38218417,0
80477180,0
109359145,0
135806121,0
81402613,0
31150971,0
36596555,0
145808481,0
135521412,0
43084458,0
98908547,0
58047518,0
110265836,0
74934894,0
99196137,0
64688241,0
78166528,0
133522255,0
104881108,0
87396325,0
154794647,0
114381481,0
57169004,0
160639032,0
90884105,0
129862448,0
32022793,0
58798516,0
109703693,0
76226894,0
82367160,0
110162748,0
110843326,0
45618676,0
163933881,0
63839514,0
188611010,0
86330793,0
156815409,0
84353506,0
137803117,0
85199568,0
89212046,0
87888779,0
65886155,0
106125636,0
62606584,0
84249727,0
62787405,0
83488347,0
101738814,0
104916195,0
96499801,0
60319757,0
165345056,0
117366098,0
120290699,0
63818561,0
143633033,0
70350522,0
106753056,0
102483890,0
134958579,0
127321370,0
67077080,0
132270947,0
178880300,0
94264819,0
92062012,0
109027526,0
129020364,0
177640797,0
102503659,0
89528761,0
116547888,0
135560891,0
132074769,0
153252215,0
61780202,0
90195384,0
84021493,0
85823771,0
60687617,0
36102956,0
144635479,0
120373653,0
130323477,0
77889774,0
147495029,0
39897612,0
87044928,0
42242995,0
163748678,0
126154023,0
67036279,0
115405087,0
75476844,0
180789812,0
45152436,0
194051264,0
177600825,0
166287110,0
61134197,0
94963449,0
67003571,0
103660258,0
78151723,0
76106840,0
147447043,0
44581479,0
63002246,0
78409448,0
106925064,0
84296124,0
138773200,0
75264844,0
73868078,0
102059902,0
125168148,0
120525822,0
84222280,0
116972745,0
133739179,0
124595751,0
62005377,0
76752115,0
41995189,0
154731728,0
37692308,0
91877411,0
102849371,0
126060686,0
151212010,0
77073992,0
89428407,0
139749275,0
103047691,0
102336428,0
118119978,0
103386278,0
75603046,0
109651039,0
34209443,0
74922172,0
128503709,0
35925481,0
115768111,0
32344147,0
160101691,0
63589725,0
116175814,0
83779460,0
56956591,0
33394954,0
126851913,0
135285687,0
103516823,0
143470530,0
115714469,0
75702147,0
82754739,0
35364128,0
43730640,0
102458851,0
67486343,0
118444017,0
84013893,0
134137566,0
92780766,0
126494041,0
87491794,0
135572350,0
55918733,0
164129092,0
89622967,0
128058008,0
63917958,0
78261720,0
108385982,0
39411544,0
115790376,0
41318065,0
148613817,0
115709386,0
73535157,0
135157491,0
135372411,0
126768485,0
85932386,0
84168431,0
115374333,0
157344943,0
195863816,0
85837697,0
76588664,0
75730404,0
62871711,0
97883194,0
41973495,0
43826770,0
58897735,0
83303301,0
81556816,0
66140178,0
42912638,0
88700800,0
103424246,0
66016019,0
137559042,0
107712678,0
75575658,0
140594823,0
36848161,0
43605198,0
112835338,0
126818731,0
108581578,0
87068694,0
87141817,0
173539808,0
158202454,0
34687053,0
80633939,0
122803589,0
35489551,0
132544977,0
160894803,0
61396649,0
83305354,0
96566885,0
133009450,0
63111917,0
91886472,0
100656928,0
32499830,0
45166441,0
116329819,0
140172019,0
152246078,0
63923959,0
93717540,0
182823464,0
104979163,0
92758323,0
120365698,0
115701037,0
99847215,0
119656399,0
84508084,0
107249152,0
108234316,0
213252499,0
142948892,0
139184970,0
113787143,0
84217513,0
62732184,0
174097145,0
160515514,0
84037018,0
124690864,0
31347751,0
42466285,0
127131647,0
125891275,0
177290080,0
66738642,0
79504540,0
97000654,0
41770961,0
92717522,0
82796714,0
145567110,0
125172827,0
128921144,0
95822322,0
88199346,0
91438392,0
64433398,0
63921047,0
135992390,0
88001322,0
88014557,0
116830544,0
64823109,0
66623641,0
78238487,0
150660684,0
72217742,0
78499795,0
121754203,0
151010907,0
129621047,0
59556412,0
108943319,0
105204061,0
35750000,0
142159906,0
71568204,0
154113812,0
154922261,0
212255640,0
164834729,0
179135272,0
110425171,0
117219051,0
75476192,0
156723809,0
111492559,0
45283544,0
45140543,0
102312642,0
115323534,0
59550500,0
101842731,0
82071447,0
94502726,0
103930547,0
90255756,0
74399863,0
97674323,0
62082478,0
31825648,0
175247645,0
208492656,0
83177079,0
102312406,0
127491759,0
76325324,0
77549500,0
127607934,0
192510115,0
93947541,0
96882219,0
90688943,0
107606106,0
79194299,0
92558898,0
113614711,0
87379211,0
130299523,0
86910069,0
110382356,0
75559452,0
92047484,0
128003725,0
180788203,0
78750453,0
80381366,0
180914781,0
60799637,0
94663610,0
56127248,0
111996274,0
33430455,0
133756638,0
85822311,0
85156478,0
179574301,0
31491344,0
115874929,0
192426223,0
131980761,0
86553273,0
39276014,0
142181747,0
91937468,0
96410106,0
134445300,0
120969293,0
152427738,0
129977587,0
124440492,0
32404865,0
138586211,0
149387456,0
78413850,0
80039591,0
59539555,0
96432480,0
175075351,0
37304610,0
71770590,0
36287666,0
128329531,0
86888129,0
145589948,0
88014962,0
40455491,0
60804710,0
120700159,0
122344020,0
63815561,0
44249525,0
164336807,0
78010845,0
83895616,0
67376484,0
88364267,0
34618548,0
94694917,0
109016828,0
115419871,0
98653546,0
61453478,0
115024327,0
161907789,0
138867978,0
113526694,0
82778288,0
37039592,0
75721748,0
112930639,0
173978187,0
73977641,0
71991166,0
142238458,0
43495517,0
64385807,0
129551921,0
80093568,0
107799945,0
162942597,0
134211311,0
75695860,0
192987982,0
66042578,0
34426920,0
106732952,0
32437790,0
194236398,0
115054203,0
75621966,0
106759916,0
80731174,0
143653719,0
129123106,0
100244704,0
35324422,0
111633506,0
75385609,0
45507031,0
174409557,0
198810367,0
131244193,0
62605153,0
91663675,0
104903048,0
39837486,0
213383133,0
100615752,0
160396920,0
85422473,0
94649379,0
124146111,0
146326872,0
81448931,0
208429727,0
61775790,0
66522833,0
59800882,0
57530538,0
79053716,0
124668421,0
56896811,0
76924705,0
114985046,0
80333774,0
78951536,0
56845676,0
59154068,0
43993280,0
78972707,0
77213874,0
143606168,0
65274999,0
34000543,0
140877617,0
114221711,0
176675559,0
32390909,0
67426287,0
155970304,0
86909862,0
137614578,0
144034617,0
196149591,0
86894298,0
42234941,0
162679987,0
144995413,0
86604793,0
156761797,0
71314891,0
127930236,0
142273534,0
81223924,0
45511225,0
82375776,0
146532486,0
76114608,0
63680614,0
90219683,0
98743636,0
110447042,0
41364896,0
146081721,0
76015981,0
33975770,0
79526086,0
105199660,0
35760442,0
93723511,0
109710207,0
90494759,0
81809715,0
84074868,0
112032011,0
132599931,0
105048625,0
100680832,0
62260654,0
191430627,0
89363594,0
112912568,0
149698388,0
160319928,0
33148994,0
93480956,0
116590831,0
81574996,0
103678339,0
91703716,0
99021238,0
104131867,0
102814611,0
66064972,0
72047788,0
115728997,0
120326979,0
111888932,0
202386006,0
122103123,0
62244221,0
78123378,0
115501236,0
80701940,0
71130191,0
56374008,0
152377482,0
32013851,0
71587025,0
76075583,0
87101322,0
117976681,0
85738991,0
131640645,0
67049120,0
131824979,0
125506952,0
63144171,0
44933725,0
167226627,0
161912112,0
84079575,0
75309662,0
64627069,0
45104124,0
110132300,0
82708372,0
120199148,0
31939474,0
100701114,0
108119404,0
118360461,0
104245289,0
152251901,0
107384326,0
93613662,0
141387254,0
77677637,0
151854038,0
119916325,0
58271232,0
97486347,0
62355116,0
107590463,0
45044620,0
165730770,0
110625997,0
139147545,0
77202011,0
132161247,0
106890915,0
185718752,0
37347346,0
76115762,0
164109145,0
90961680,0
163724507,0
66943219,0
87509006,0
35815090,0
89524152,0
141364998,0
56461156,0
42254424,0
192033611,0
146672012,0
142235842,0
79676785,0
124639858,0
83397911,0
145381650,0
79757251,0
85019191,0
90556286,0
118508870,0
128401184,0
88527322,0
122041932,0
64331603,0
43403147,0
86871074,0
69075004,0
39280475,0
35014003,0
40796160,0
140291856,0
60201016,0
60618609,0
106035990,0
133934232,0
71638367,0
112090627,0
82078790,0
90161699,0
122587326,0
84308037,0
113908154,0
107363067,0
63500533,0
109238933,0
96806489,0
83883318,0
74512879,0
45247618,0
41717369,0
129233350,0
93922887,0
116465141,0
105872688,0
116594463,0
77987789,0
103637479,0
94072362,0
95868363,0
113373202,0
97297976,0
59999725,0
125671380,0
134014758,0
109238134,0
122118540,0
41077256,0
62957458,0
110068316,0
32743728,0
140032512,0
43506057,0
203853735,0
147516396,0
141986872,0
72737002,0
78729135,0
35629166,0
72570186,0
85749986,0
78162047,0
118832534,0
114953760,0
87021714,0
115224493,0
124615964,0
165731293,0
180855485,0
206452125,0
84281636,0
104111861,0
120051006,0
128016191,0
84650473,0
130740221,0
78834937,0
78744344,0
44859654,0
56464956,0
82122857,0
152225510,0
130167212,0
78275251,0
93792727,0
194371207,0
140514070,0
126812434,0
63911030,0
95986226,0
61608027,0
124079561,0
87230111,0
115369773,0
134958776,0
81281701,0
60782336,0
190646536,0
76308585,0
105617687,0
74012836,0
131522397,0
132796997,0
126010786,0
75459009,0
115510603,0
81403343,0
104020706,0
64138179,0
45387895,0
69452309,0
42249509,0
34367169,0
66676424,0
96282857,0
78185793,0
93481035,0
62779795,0
208503246,0
165390230,0
58598715,0
124085986,0
76967243,0
126282298,0
144088703,0
117039651,0
63920682,0
106214975,0
63646653,0
123568532,0
161445813,0
85463560,0
100658457,0
42140805,0
71407241,0
33668382,0
99878216,0
114908527,0
125224129,0
114752992,0
84614577,0
90360512,0
96745001,0
97666309,0
43660013,0
83585967,0
83163933,0
79851625,0
67532602,0
90213870,0
45641129,0
153868414,0
125486986,0
131090592,0
88858457,0
91644735,0
74377725,0
129871834,0
67136367,0
132817921,0
159458370,0
43248796,0
99105880,0
38542239,0
92041148,0
84025470,0
87683856,0
89724456,0
64041812,0
143714043,0
212738806,0
82852942,0
98053060,0
147445315,0
124515866,0
59867561,0
65329568,0
43158292,0
142580361,0
133614161,0
161120175,0
81759468,0
110760017,0
164180473,0
179956216,0
156740874,0
102354361,0
115995131,0
88212482,0
103735948,0
75640521,0
159747826,0
66655609,0
105196452,0
45492907,0
41222458,0
90639003,0
57035765,0
32523942,0
107745790,0
126197755,0
32935228,0
75021421,0
42698684,0
74497256,0
196231716,0
34138698,0
132935576,0
88031848,0
122311451,0
177259998,0
148510601,0
194916473,0
98894029,0
125979292,0
191756028,0
38548851,0
92446641,0
66189507,0
41863913,0
93913767,0
88651975,0
60043408,0
107840716,0
86397857,0
164199886,0
89175104,0
88035323,0
87217271,0
102633109,0
75597401,0
63917307,0
72045350,0
41617489,0
92757662,0
66851688,0
93263124,0
166626180,0
126997420,0
127787512,0
79611023,0
87384600,0
125383089,0
154323215,0
144562424,0
151395269,0
59521987,0
89540763,0
118600391,0
60523031,0
117083275,0
111783445,0
178696933,0
161743885,0
194218099,0
90461607,0
121366120,0
89354583,0
59080687,0
78621477,0
141099288,0
105744985,0
136044275,0
133602722,0
61716523,0
144343832,0
65913878,0
194371848,0
115778079,0
111998356,0
67136584,0
65699204,0
116090778,0
42179514,0
33568373,0
173706772,0
134413619,0
41324687,0
116388208,0
128411666,0
125668231,0
203779318,0
145872436,0
166598012,0
92217844,0
120947245,0
164842072,0
119656093,0
89844648,0
113081604,0
41208710,0
135047385,0
117308154,0
77357753,0
84264897,0
78503131,0
37729092,0
36414974,0
33660713,0
33197098,0
55853781,0
88996257,0
146637301,0
138292847,0
111999402,0
132719807,0
79892287,0
78598214,0
109442514,0
107271961,0
145179896,0
83891599,0
153969084,0
45679907,0
35859611,0
126733112,0
116020032,0
99703494,0
161780550,0
65421819,0
100929062,0
64237990,0
44492633,0
103149180,0
84255876,0
77594209,0
109256916,0
77549569,0
44246011,0
184748994,0
76702175,0
124098471,0
145825733,0
94234431,0
98566575,0
64418979,0
170474408,0
117145582,0
113503609,0
68875065,0
127318123,0
78617273,0
42168183,0
139248007,0
113300206,0
102265120,0
43929483,0
36102838,0
41429147,0
180820013,0
33124862,0
122746977,0
109600388,0
56806642,0
159268400,0
41392758,0
88399215,0
151042263,0
86637283,0
112535519,0
181086848,0
160586377,0
36780110,0
126796900,0
59660655,0
99168423,0
92588181,0
112293201,0
35392246,0
71401951,0
125763068,0
88391181,0
143682549,0
152897828,0
43663981,0
126203934,0
135698374,0
97489150,0
109779926,0
118368712,0
92464485,0
31974402,0
112197337,0
86839048,0
66372252,0
135976895,0
179064497,0
125843989,0
62675405,0
162687290,0
161411703,0
157837939,0
38234130,0
138646475,0
160147792,0
128540118,0
61604523,0
141804926,0
126885854,0
83522338,0
179973073,0
143041429,0
131312826,0
72989486,0
58191801,0
107631135,0
89751864,0
193669004,0
76726484,0
125777735,0
96407905,0
32892315,0
84031224,0
71960136,0
90749868,0
59958589,0
90443220,0
31667645,0
39538082,0
61443125,0
135463359,0
161736482,0
78181273,0
43174745,0
144377132,0
79843393,0
78749476,0
38675113,0
150019140,0
113515966,0
44296613,0
42102758,0
90059963,0
45023499,0
102506906,0
59119159,0
75221477,0
95847697,0
126683419,0
121319862,0
195406972,0
191279760,0
109894413,0
140212041,0
124520229,0
110692420,0
152882342,0
162522794,0
151776048,0
104900946,0
115046119,0
90736278,0
58565622,0
63411184,0
34544941,0
176489576,0
90643602,0
99059354,0
66358366,0
89036397,0
114912327,0
125979864,0
59418139,0
41328408,0
80289075,0
84629332,0
75281593,0
78162264,0
95228912,0
44225640,0
97748641,0
118056181,0
136965869,0
37110406,0
205533502,0
86949765,0
94067792,0
143894913,0
116836890,0
103949023,0
138627999,0
213384308,0
95392954,0
31904091,0
176364459,0
154133078,0
126443824,0
82965416,0
106531099,0
123349023,0
74859697,0
38779396,0
138128508,0
78467965,0
42003637,0
100719136,0
154518239,0
180505656,0
113247680,0
44911144,0
79724544,0
113764847,0
153944341,0
32905372,0
60106593,0
156287415,0
61205327,0
137347299,0
57639429,0
90814208,0
154057763,0
38361447,0
107271418,0
75265338,0
66066147,0
142245929,0
86367567,0
103210076,0
79211107,0
180654342,0
77738414,0
112079504,0
185047777,0
112476548,0
112131606,0
32006390,0
113922870,0
74253180,0
93991984,0
122019133,0
119416568,0
135826600,0
146643163,0
119886716,0
39268543,0
61801905,0
102431384,0
61113658,0
79524536,0
121169774,0
130928237,0
134324457,0
75245046,0
176028360,0
136025818,0
66467168,0
121535670,0
194595316,0
130185697,0
75015084,0
75255360,0
115457188,0
109556616,0
89512556,0
58463541,0
97277042,0
76236734,0
65796331,0
82269855,0
60158073,0
145193131,0
31376689,0
69991110,0
120118198,0
64455052,0
185085459,0
103422756,0
33316747,0
44498130,0
59621117,0
92781122,0
77557198,0
67155790,0
107290713,0
37798465,0
37985366,0
81292725,0
141558995,0
79866301,0
121704352,0
74998010,0
57687149,0
82361248,0
36869963,0
138415871,0
37532134,0
173395475,0
85873297,0
40053048,0
96256565,0
44837546,0
120401544,0
124615095,0
127590791,0
113439545,0
33184445,0
112663765,0
112439439,0
75279797,0
80343111,0
98705292,0
72042537,0
42918786,0
34803761,0
125641544,0
35753454,0
154211047,0
92222798,0
121431931,0
37840352,0
144578077,0
149453523,0
71691702,0
88448158,0
151028051,0
74669174,0
121082004,0
108039293,0
64414458,0
35871228,0
117144812,0
124936203,0
83893188,0
112832417,0
83735837,0
75981082,0
110967180,0
43546069,0
159207337,0
62971098,0
95551747,0
85212734,0
116875648,0
77525773,0
75999173,0
44881831,0
34669011,0
64044822,0
103540441,0
116286077,0
87637499,0
108385410,0
66295970,0
84037097,0
31707696,0
85005561,0
90880917,0
112964057,0
80081626,0
99014171,0
120371235,0
155699700,0
73549152,0
81423912,0
65058174,0
82412964,0
86479498,0
145622380,0
84216802,0
88767825,0
74876999,0
81187130,0
136118978,0
36935230,0
124291501,0
37418663,0
91918163,0
86506590,0
145504556,0
72317899,0
35349708,0
105691541,0
104241331,0
137625513,0
40468914,0
41151308,0
94867773,0
155983125,0
93636441,0
34739628,0
159509061,0
119067065,0
43519283,0
105583548,0
34611116,0
66670818,0
162769455,0
85928784,0
66062376,0
128951562,0
63805435,0
107480999,0
42794469,0
159812581,0
134480021,0
124667493,0
124798374,0
176420588,0
77216993,0
121061199,0
145868163,0
139381563,0
73868424,0
131336286,0
119811145,0
98614561,0
161938878,0
162854778,0
118486673,0
87739659,0
37798268,0
115748056,0
142137363,0
98727963,0
85939749,0
118307708,0
131321491,0
76827686,0
83066046,0
138975665,0
41029576,0
73076122,0
91675321,0
107801573,0
135513921,0
165682587,0
141967764,0
84689221,0
61300065,0
37586901,0
156139726,0
138962262,0
78214099,0
61147639,0
100121442,0
61295979,0
71595345,0
106724267,0
42344326,0
63649307,0
117271616,0
194957501,0
128672559,0
33711235,0
41187776,0
131836862,0
142576344,0
195242999,0
59170540,0
180873852,0
33112555,0
177704199,0
127287764,0
60323656,0
76918763,0
79976801,0
93748244,0
132606563,0
153898823,0
92702125,0
64812766,0
156142963,0
61895666,0
77647821,0
191904556,0
86460173,0
179150382,0
143115155,0
180996955,0
118885307,0
135237148,0
40408018,0
66134267,0
40221611,0
102612609,0
88392247,0
85405300,0
32351026,0
57066064,0
108577403,0
116286097,0
37309752,0
134709193,0
41226949,0
115063391,0
106464745,0
73445886,0
142628653,0
78148960,0
176000202,0
125401229,0
32158954,0
63171609,0
179319537,0
184531290,0
109010284,0
92120875,0
149714288,0
96715590,0
117505112,0
81422629,0
60606282,0
181207770,0
128484385,0
45049348,0
108768262,0
35427974,0
145912576,0
109490154,0
153851962,0
74012273,0
173696814,0
118100328,0
159804132,0
99123181,0
63117178,0
102945363,0
94225706,0
90905956,0
80148295,0
144726269,0
34668232,0
124269087,0
165449921,0
89531012,0
70479676,0
74426570,0
89455055,0
96099934,0
105250182,0
127763469,0
121306873,0
114653082,0
79871383,0
198641607,0
143813716,0
178023333,0
34243720,0
94826153,0
144558219,0
126245702,0
122924817,0
45101745,0
75200090,0
86076236,0
102741694,0
77167783,0
144157030,0
100366376,0
68455301,0
112858719,0
82743488,0
87975878,0
90895455,0
97409394,0
91828034,0
66238490,0
78452194,0
125604385,0
118169494,0
45040060,0
104133121,0
131329555,0
119903080,0
179723559,0
39678507,0
34732907,0
192372020,0
44616329,0
111688756,0
77492700,0
144062972,0
71958626,0
64525738,0
78149138,0
177274141,0
176946391,0
159497128,0
130522932,0
132165007,0
92743361,0
75916515,0
92469183,0
143688816,0
133533595,0
87091640,0
88688355,0
94713304,0
117330281,0
138788478,0
67535898,0
143760706,0
76816376,0
78530835,0
157245882,0
59518020,0
69031814,0
33101689,0
104037642,0
149459100,0
146651128,0
80622431,0
112604488,0
109068663,0
65987871,0
57932014,0
93571845,0
129317646,0
132481792,0
91719271,0
111469888,0
75285492,0
42758800,0
84285238,0
43019585,0
113741259,0
102520812,0
56339099,0
63201395,0
73376898,0
132458243,0
121310712,0
86828527,0
63318291,0
177649235,0
134194355,0
147039398,0
134033639,0
77522832,0
60467110,0
63072656,0
75689899,0
38156387,0
129645652,0
132079852,0
150944139,0
88544081,0
39986744,0
88635760,0
134256573,0
38886836,0
55767047,0
62647286,0
62368884,0
131794877,0
191678394,0
124622359,0
31297456,0
84009452,0
82021931,0
71840102,0
107060800,0
64060238,0
90986611,0
127805553,0
114722387,0
36257258,0
66013818,0
175726261,0
122767604,0
102367429,0
90139562,0
133666509,0
63926732,0
112082820,0
160669835,0
92096813,0
77958822,0
198705690,0
31657864,0
45262778,0
45372962,0
31165529,0
98790684,0
121125322,0
166556797,0
204061421,0
160714959,0
116828955,0
143151001,0
105108385,0
94172746,0
117968934,0
142746042,0
86923749,0
141584103,0
149157149,0
39234848,0
40702636,0
147291251,0
80350306,0
59833600,0
143540653,0
41859837,0
140617286,0
73291664,0
145815192,0
74557312,0
67745499,0
126185942,0
61833527,0
102072545,0
82690962,0
36772678,0
50081494,0
42640592,0
81346781,0
152449836,0
144637581,0
151131149,0
116326187,0
127506060,0
44800515,0
135278117,0
80813694,0
83877939,0
112853626,0
115758567,0
66413991,0
95010873,0
195263962,0
61979716,0
136936980,0
74874442,0
50726581,0
116273799,0
66671755,0
157182479,0
125657770,0
38854474,0
43919762,0
153292020,0
122237044,0
89059718,0
148069282,0
84957161,0
73796800,0
149115371,0
37876465,0
95590662,0
133945572,0
178031890,0
113984752,0
177982818,0
156879216,0
31443931,0
115360604,0
88901084,0
86807958,0
118386309,0
75545536,0
156159584,0
106809175,0
144455368,0
135541329,0
78089841,0
161256760,0
38302733,0
185553110,0
79874433,0
94306341,0
97936282,0
193987545,0
84688244,0
127603927,0
85243271,0
60683245,0
71887032,0
75313798,0
194211131,0
83586372,0
60257628,0
77637487,0
107900941,0
83692302,0
86514732,0
33185393,0
62176605,0
129687460,0
97588270,0
164365804,0
99247647,0
166369275,0
82343976,0
38300641,0
65721391,0
89356103,0
113620060,0
180187006,0
63579875,0
177704150,0
194418265,0
98810029,0
65520318,0
107258577,0
62229239,0
43938632,0
126766067,0
74282454,0
68876082,0
119584716,0
152295772,0
104037622,0
73421291,0
66989221,0
66706802,0
115185547,0
147357012,0
67434083,0
82372815,0
66533926,0
100435167,0
72224770,0
121625030,0
39574511,0
56269834,0
43647765,0
139151295,0
130463053,0
122374439,0
68128331,0
134704140,0
176052007,0
115906690,0
191814673,0
176829851,0
128370085,0
115722977,0
64288216,0
116862896,0
64386557,0
102928891,0
139894861,0
79720921,0
96044131,0
134697054,0
129261823,0
152372024,0
74920751,0
116802988,0
73048753,0
106987696,0
95380489,0
131835036,0
124146467,0
105684455,0
62968936,0
112097723,0
95723191,0
132066123,0
129232086,0
146604070,0
164653750,0
91998284,0
116743741,0
115672346,0
75809558,0
174141035,0
81124586,0
129456945,0
75828132,0
37538332,0
35984699,0
85542567,0
88724566,0
179175846,0
40696122,0
60958498,0
125469991,0
141842341,0
119662923,0
31154593,0
67108337,0
151318424,0
195407456,0
63149481,0
81195411,0
105172795,0
88568192,0
86381976,0
131558599,0
61478251,0
78975520,0
103583680,0
75051898,0
79109756,0
38057454,0
101918204,0
82508354,0
84737473,0
75144238,0
119629662,0
162072651,0
106869991,0
66980467,0
87094078,0
140227042,0
154353367,0
31961443,0
33625784,0
75929168,0
131077278,0
32992630,0
61431450,0
94170703,0
116175370,0
116256508,0
58148049,0
148357632,0
39594398,0
124485754,0
35405037,0
46566977,0
124797417,0
77533916,0
91993468,0
213348689,0
73383816,0
122192167,0
161700814,0
98115475,0
111063754,0
63962924,0
137020408,0
179433275,0
31455182,0
84833268,0
151160915,0
121439175,0
160843520,0
116345778,0
65881289,0
77843683,0
112342430,0
133214402,0
150303434,0
126843770,0
76139212,0
84431150,0
37042375,0
81432192,0
85175713,0
35886782,0
86015202,0
134696807,0
114009061,0
103164577,0
109904421,0
134483535,0
74373905,0
108972474,0
158459192,0
112340279,0
83166153,0
83471381,0
63931776,0
90272022,0
82245300,0
31857674,0
179140157,0
139635221,0
97241058,0
74555536,0
63560294,0
83395641,0
140824262,0
115478270,0
135252032,0
65282155,0
70206781,0
181351116,0
125125699,0
61982598,0
89171107,0
176393891,0
78076132,0
112355369,0
134991454,0
163451928,0
65297837,0
86700281,0
82399828,0
116372367,0
115853187,0
58020386,0
173307754,0
86912448,0
143817052,0
96002255,0
59388708,0
78987817,0
83905841,0
90216209,0
61257300,0
75307906,0
57825254,0
144522116,0
156176392,0
162613456,0
127382295,0
85368457,0
58238948,0
136138213,0
108170953,0
140740884,0
116871730,0
211673511,0
140696974,0
97310135,0
118566962,0
83875472,0
121645075,0
45166944,0
113762795,0
72495769,0
64115478,0
105670114,0
116023427,0
130627727,0
154136374,0
84440872,0
36840196,0
145328029,0
97432617,0
141766809,0
78367641,0
79488640,0
96109665,0
93806593,0
67062809,0
114592503,0
124355169,0
125045992,0
75614939,0
113087013,0
55714284,0
78762543,0
40598670,0
122893866,0
90906262,0
31249213,0
98813986,0
38023956,0
108626830,0
112134172,0
116347950,0
159618169,0
199050820,0
111629953,0
78947816,0
150727521,0
108848867,0
59770356,0
57854853,0
75364636,0
145880963,0
161083815,0
35109245,0
87509786,0
66756476,0
65082177,0
194083379,0
89002682,0
39996209,0
137147736,0
103526150,0
91784311,0
35119223,0
60807246,0
87169018,0
85717831,0
130129115,0
40287688,0
181104376,0
145685753,0
136614767,0
99521913,0
176414400,0
34792273,0
73822056,0
119455503,0
75423577,0
95860596,0
199047395,0
77975847,0
115979024,0
62058663,0
35047748,0
66632474,0
130683629,0
121033732,0
57602438,0
175070426,0
191896857,0
63683131,0
86274842,0
97575578,0
121406556,0
163797216,0
118523714,0
84364639,0
150955016,0
206071425,0
131345267,0
81950613,0
132708299,0
64685715,0
115770785,0
98856741,0
59133717,0
61653891,0
31376225,0
31247901,0
96227735,0
76644457,0
70961825,0
157018693,0
192246557,0
144561516,0
139718432,0
174160745,0
38699254,0
112360946,0
130740448,0
104920863,0
79619334,0
39694031,0
63311984,0
77302533,0
77093731,0
32442202,0
192970552,0
111321795,0
87124200,0
130483434,0
124860779,0
42823742,0
33576959,0
94151536,0
74503533,0
84835617,0
40653979,0
99301071,0
76247887,0
38480218,0
85594125,0
71866335,0
95204396,0
64392291,0
107086915,0
199369460,0
32462138,0
130344874,0
120356164,0
41510690,0
78163725,0
130755213,0
73457177,0
152931187,0
142237372,0
97649018,0
45219352,0
102863741,0
112928369,0
81504744,0
127129259,0
64914166,0
96940489,0
104295614,0
63917869,0
63862195,0
38010346,0
147574469,0
115852239,0
60071921,0
170452626,0
144181220,0
106413325,0
104956334,0
182453985,0
85352320,0
195045409,0
63479531,0
122613974,0
39464386,0
124881762,0
87878722,0
32214638,0
132333313,0
61589255,0
77576247,0
159588866,0
78969134,0
56354377,0
196229831,0
78413979,0
77849457,0
68677713,0
166105746,0
67216478,0
108983863,0
166266739,0
78091529,0
75585389,0
74882457,0
63120336,0
45664461,0
129990792,0
85076721,0
104233573,0
125568430,0
122574614,0
31718987,0
161794358,0
205536285,0
63890185,0
120322518,0
121036772,0
56017912,0
146652727,0
43643956,0
67418717,0
79107970,0
76234701,0
35242495,0
98798382,0
58508241,0
95268114,0
75455930,0
121722462,0
124650863,0
95340073,0
88219183,0
38611227,0
105907962,0
77022828,0
146417317,0
70290031,0
87497094,0
60500874,0
78534940,0
102009330,0
86590876,0
95621564,0
84602201,0
72238291,0
40140720,0
82847632,0
114988876,0
88241370,0
99455096,0
178542582,0
150987339,0
98826471,0
135675398,0
34547832,0
154902443,0
198873829,0
147284865,0
143186137,0
194680500,0
64966327,0
164380194,0
175514687,0
63126712,0
63515189,0
134375640,0
120456765,0
82162592,0
151372312,0
181128892,0
91536466,0
98890160,0
65574236,0
161659026,0
65902094,0
83940671,0
43389241,0
63689348,0
109275678,0
155543158,0
124693430,0
65886214,0
98778347,0
94542264,0
193975366,0
135465965,0
136080091,0
96795524,0
60193604,0
31244910,0
100644995,0
81259445,0
107925062,0
111410700,0
108211053,0
106271893,0
85265241,0
63502310,0
95852878,0
92299367,0
117531217,0
129467940,0
211581141,0
93018644,0
72601660,0
63583773,0
127423541,0
96923819,0
117127570,0
84118422,0
104843683,0
88256787,0
60225029,0
63622590,0
175873989,0
65981258,0
89556939,0
107359178,0
64935327,0
130327296,0
110174197,0
109131197,0
89139889,0
95441237,0
90269179,0
137177522,0
90900202,0
78465192,0
130477117,0
84165796,0
166948887,0
45057303,0
106520183,0
154213801,0
205858054,0
42139552,0
118192036,0
84657303,0
80621918,0
69876574,0
177704159,0
76202684,0
84530754,0
192379116,0
128277370,0
117421269,0
115031907,0
89863094,0
72351949,0
107895848,0
119865003,0
74448697,0
65162209,0
104594416,0
130606962,0
78116449,0
116128302,0
140827292,0
62124720,0
85861473,0
61381786,0
43481512,0
78259509,0
180344071,0
116307011,0
43175929,0
42888536,0
80196212,0
204699777,0
31294801,0
74411519,0
106115125,0
120814321,0
85958965,0
121474311,0
45274414,0
66437786,0
95942010,0
73256627,0
208418209,0
72677725,0
74854466,0
156175632,0
89650473,0
114378500,0
134074904,0
107059024,0
32130085,0
122907032,0
124147345,0
142263221,0
37560203,0
88827941,0
151296307,0
109260182,0
125460693,0
58584158,0
34841502,0
77282093,0
194129263,0
173729621,0
59322838,0
96411942,0
140908538,0
104309125,0
85526469,0
109571815,0
145848177,0
57522553,0
127987243,0
106722234,0
103996012,0
81409551,0
87714027,0
97549098,0
82485713,0
114649430,0
72771230,0
203997663,0
194297787,0
66168139,0
38659529,0
32858344,0
125722879,0
155386932,0
85448588,0
101666479,0
98913580,0
122955087,0
122450178,0
108182323,0
99583016,0
167085117,0
195066787,0
59909122,0
177687559,0
127978627,0
154282010,0
75966771,0
154824157,0
153108188,0
109630164,0
152965809,0
74477339,0
42932012,0
106486241,0
164432592,0
78805200,0
80455032,0
64897921,0
94909531,0
149628501,0
45616011,0
99958347,0
102296081,0
112369739,0
42998197,0
61952969,0
78685916,0
154862392,0
99225114,0
72883654,0
102037527,0
67944549,0
94197134,0
75668176,0
105894292,0
212577418,0
78779391,0
92782000,0
78233079,0
102411348,0
115561490,0
61895143,0
195263478,0
109551740,0
64385432,0
97341688,0
84172439,0
73806423,0
139056645,0
92989035,0
99192239,0
80375010,0
141187651,0
125689974,0
87021092,0
176158106,0
118322265,0
150898552,0
38854651,0
63144615,0
138030503,0
80414537,0
88762298,0
130798708,0
148289522,0
64121844,0
108169315,0
114551899,0
76804838,0
151710415,0
160813211,0
39237256,0
111789624,0
78512536,0
117238583,0
92211192,0
130207292,0
78519998,0
151142805,0
165451164,0
75305942,0
133967641,0
124942194,0
84816539,0
178621638,0
90537119,0
177391806,0
78664153,0
114133023,0
142380748,0
84331961,0
35839527,0
194234700,0
72499934,0
94751075,0
57619473,0
44657574,0
154784886,0
78298149,0
67410712,0
58289293,0
63113556,0
174127533,0
32903053,0
120931512,0
38886303,0
86604664,0
134274191,0
119955645,0
77825306,0
119442890,0
39420268,0
65968388,0
72301062,0
78645253,0
37191889,0
203825488,0
141535406,0
64712491,0
154494759,0
43138602,0
38152646,0
63143954,0
132814141,0
146041818,0
155170333,0
157426643,0
112029485,0
114152989,0
73690968,0
92071783,0
78488652,0
77648068,0
41539953,0
155104760,0
184712467,0
75647509,0
78466386,0
109577559,0
130740576,0
104187897,0
134826790,0
42428879,0
108297146,0
57741027,0
73094084,0
84325901,0
77161259,0
108257125,0
67329485,0
81504655,0
162884199,0
121396598,0
86427288,0
45187562,0
60743163,0
44188866,0
79849927,0
95161690,0
85002225,0
40525190,0
144289105,0
180247922,0
88054134,0
84579500,0
115946780,0
129601417,0
58732369,0
110927159,0
56975915,0
68853293,0
60843458,0
175501185,0
78437271,0
105630784,0
161623248,0
122234369,0
149571593,0
154129475,0
154270413,0
136869877,0
36806718,0
127001309,0
193967648,0
135708343,0
72361000,0
160159537,0
109886103,0
60311457,0
63892791,0
115457504,0
61441635,0
76162495,0
85335107,0
132615831,0
98708836,0
78188359,0
37573310,0
115512488,0
77661569,0
86889580,0
92648405,0
160841309,0
60816070,0
94077109,0
63432314,0
106352449,0
43305853,0
132697739,0
153812039,0
40238903,0
115009710,0
119516991,0
119753032,0
77777784,0
194039578,0
63940362,0
104014537,0
33066454,0
35072116,0
90151780,0
92396168,0
75674542,0
125674933,0
78535138,0
103695098,0
92772723,0
76079146,0
161590195,0
61987809,0
34129262,0
142116696,0
175834057,0
150075733,0
41562565,0
88023775,0
84686359,0
115433343,0
149287516,0
138560362,0
115666533,0
140044020,0
84089080,0
76180744,0
38886915,0
32417755,0
40509596,0
196583340,0
119501545,0
39858578,0
38447254,0
174214771,0
84581287,0
41957122,0
90056716,0
56985884,0
95568801,0
105010805,0
145440937,0
115457169,0
114500163,0
78163814,0
184528112,0
133187606,0
61479692,0
55864924,0
110746170,0
79986552,0
89042476,0
84652220,0
174954004,0
175479748,0
41426818,0
76197680,0
76295902,0
78504522,0
150713467,0
84215519,0
129968882,0
88491456,0
42255105,0
40378054,0
115560839,0
173776570,0
60128208,0
66975532,0
34596036,0
55737468,0
66965860,0
33359976,0
113979965,0
120568469,0
39468689,0
75161075,0
92232164,0
59019910,0
125069512,0
150266088,0
72309372,0
94614667,0
174275577,0
185575208,0
43873128,0
82864617,0
73548639,0
37102806,0
175996491,0
195044294,0
174624152,0
144137468,0
79067376,0
34295536,0
31614428,0
65454892,0
56093504,0
72590596,0
75905500,0
87045431,0
108393868,0
56930239,0
58145029,0
103892697,0
145522085,0
37301343,0
74799246,0
90258234,0
72254290,0
152111674,0
58830829,0
152275381,0
128870503,0
110345227,0
127504175,0
79615632,0
97541696,0
103521768,0
85421930,0
67134324,0
31751023,0
43892275,0
89630547,0
78526916,0
124680442,0
41499389,0
139810081,0
42782991,0
65925110,0
129620021,0
137908317,0
106887164,0
161178346,0
115681120,0
60195617,0
132543131,0
64829554,0
124702017,0
114918486,0
86376361,0
44330160,0
124616605,0
84845713,0
115929676,0
211650179,0
171020286,0
158882686,0
60057916,0
111388089,0
80078004,0
87489701,0
161591231,0
60943931,0
85535184,0
82659162,0
37002630,0
142359972,0
133665789,0
57748804,0
164518832,0
110677211,0
165507283,0
124760771,0
194732671,0
83651067,0
63946975,0
66434905,0
122800430,0
148292266,0
140908400,0
84682845,0
76951086,0
164479532,0
103912555,0
118312396,0
74582727,0
61328973,0
103156138,0
90553138,0
87876659,0
35067931,0
74491867,0
144685498,0
62230147,0
91561031,0
65441894,0
89846819,0
85150931,0
80820040,0
44468699,0
136357644,0
72133584,0
76049833,0
142591553,0
56556211,0
118114579,0
125296828,0
35367444,0
162058853,0
74883295,0
39026422,0
84835923,0
57060409,0
84725738,0
105062788,0
62924030,0
81277467,0
155282225,0
121458855,0
160005719,0
35350113,0
88582533,0
157225432,0
39822998,0
119583640,0
81411891,0
95926199,0
92428283,0
86889235,0
63916024,0
166638764,0
33202674,0
173486641,0
148975509,0
144486971,0
148590574,0
140459126,0
129206909,0
142443222,0
124121230,0
125069245,0
148329119,0
59389873,0
77195240,0
96060308,0
136600782,0
111930128,0
132150045,0
84673597,0
62734711,0
74846936,0
87479200,0
134360066,0
119929471,0
92239320,0
133064325,0
62073477,0
155487779,0
90285217,0
34575941,0
36057102,0
132439046,0
94402550,0
67509872,0
125506804,0
163758221,0
61881474,0
64674335,0
40704393,0
40015731,0
37051850,0
165390565,0
116286225,0
166187210,0
118177064,0
162661047,0
127930305,0
89659899,0
100512446,0
133931784,0
103714235,0
32979128,0
85621227,0
33892767,0
206820153,0
135622319,0
90727938,0
91875595,0
62399164,0
79872588,0
161720977,0
111305678,0
96297415,0
103621964,0
108166028,0
75712401,0
58422128,0
38185236,0
65996990,0
39604879,0
113383516,0
89427776,0
107964116,0
80774590,0
126638226,0
59095127,0
71980714,0
152790634,0
198866900,0
126839329,0
89665860,0
93879796,0
84324174,0
85818086,0
83614717,0
65817275,0
56810452,0
32567092,0
98732345,0
89448206,0
110710343,0
105570786,0
210399868,0
110013352,0
92641743,0
115879153,0
181138249,0
95544167,0
174708804,0
147433383,0
99072797,0
119601267,0
77800484,0
119775426,0
81974567,0
87941088,0
133143549,0
127712621,0
138086917,0
32968015,0
85295590,0
97587135,0
56127593,0
145957887,0
37783651,0
126053067,0
138003796,0
37139610,0
78933406,0
57722877,0
166932671,0
161613162,0
144586930,0
74960723,0
195444487,0
73808811,0
98440866,0
77436542,0
123157503,0
40300272,0
176949125,0
150506097,0
74414618,0
166280813,0
135716238,0
145996161,0
145883599,0
135575281,0
67258947,0
107717909,0
102645268,0
109938580,0
73906629,0
92575686,0
39999032,0
62362143,0
119465629,0
135075751,0
117990094,0
53972605,0
134700459,0
95216318,0
198793885,0
100776498,0
86951660,0
92466804,0
103957896,0
107863821,0
136019670,0
180909353,0
162276902,0
78285585,0
174497752,0
64243468,0
40292248,0
84031491,0
133657814,0
95875361,0
140782415,0
84042485,0
72513258,0
127540229,0
145802865,0
76586592,0
113027085,0
152866590,0
115746417,0
56760008,0
165345579,0
107585853,0
42408508,0
194175848,0
136934108,0
99416230,0
163600278,0
117321014,0
100205650,0
81989025,0
119591240,0
111569798,0
35904232,0
64238246,0
74622817,0
89329928,0
180621684,0
80456394,0
74859638,0
76453224,0
79410266,0
140731665,0
103192991,0
113365415,0
35508707,0
75030945,0
151875603,0
211550911,0
79569877,0
43492615,0
78089515,0
78625445,0
156028575,0
195537636,0
82280751,0
115355314,0
66459322,0
124752293,0
135970430,0
164581781,0
41419120,0
125265670,0
212347881,0
162042953,0
66054194,0
134576635,0
107286874,0
102470290,0
90927580,0
102250809,0
179849486,0
61044966,0
136411108,0
61217269,0
122888003,0
85880670,0
93814765,0
132781314,0
73375546,0
72257902,0
86297463,0
116238486,0
104843120,0
75428838,0
38646876,0
167093644,0
76305584,0
73050826,0
89184223,0
133101247,0
147565794,0
58286431,0
98017401,0
32407638,0
82603152,0
78422644,0
101447690,0
106222980,0
192568267,0
106959815,0
100544187,0
95921709,0
33945096,0
145983716,0
64139521,0
146707938,0
119541586,0
139974005,0
177633276,0
39782690,0
160750371,0
73688876,0
94167071,0
134822131,0
98789026,0
88870617,0
80779654,0
104095892,0
145958805,0
206132537,0
38652759,0
64283637,0
35199601,0
117948089,0
117240271,0
60222581,0
37998749,0
58763587,0
156854808,0
89833130,0
84635915,0
103759615,0
62537062,0
40224819,0
43732437,0
192547284,0
31665010,0
37415781,0
114029876,0
184532346,0
165278742,0
36198573,0
179433393,0
60624757,0
63114256,0
78370690,0
88103038,0
131427382,0
137957981,0
95192444,0
132543368,0
113814422,0
141857925,0
63930394,0
137116400,0
66022148,0
150328148,0
40944629,0
141973952,0
84517519,0
74006065,0
124269166,0
68173031,0
111756334,0
119597270,0
106101199,0
114767846,0
179219450,0
177569469,0
205855053,0
115781928,0
110065888,0
150620436,0
103104086,0
43157128,0
36363968,0
92136459,0
86939875,0
44347441,0
107170294,0
102040222,0
155343229,0
118556284,0
116205522,0
124555996,0
139760546,0
84913044,0
83901755,0
144740136,0
139090617,0
85009460,0
82794079,0
67334193,0
83513850,0
176247159,0
87606074,0
79884115,0
66421758,0
98895953,0
59387464,0
98803929,0
40266784,0
99106008,0
63929140,0
110633489,0
160154158,0
117080284,0
198680276,0
87780558,0
109304882,0
105222044,0
99116430,0
93405572,0
40769295,0
119839194,0
109833271,0
160663321,0
77021565,0
84917011,0
64604448,0
75246832,0
81754918,0
74031509,0
164406309,0
176019329,0
58860605,0
87339515,0
82323950,0
65924676,0
88206689,0
201052899,0
75285521,0
194399542,0
133666825,0
112576537,0
76093339,0
83355739,0
128123276,0
39885077,0
108593244,0
61357812,0
97618896,0
105041095,0
127516562,0
89641640,0
66095173,0
94685610,0
129770108,0
37031538,0
150008313,0
41012926,0
98543490,0
111429452,0
128001011,0
40078561,0
157396146,0
178427256,0
38343633,0
41210802,0
33157373,0
109640281,0
144980155,0
115985054,0
84541729,0
100220691,0
74014237,0
75516273,0
102325424,0
106220374,0
78129310,0
129100672,0
97316116,0
88494170,0
106808000,0
156766712,0
195096692,0
134766615,0
98607366,0
89236937,0
75349032,0
119531726,0
111915619,0
154728096,0
109560978,0
78380284,0
105629501,0
57093137,0
142327472,0
125443096,0
78908683,0
89082418,0
120252523,0
75081753,0
57642173,0
179469397,0
33136282,0
99389700,0
64696561,0
160808493,0
75797280,0
91006241,0
156331473,0
127945307,0
83688186,0
80130372,0
93755252,0
43074687,0
121673312,0
145501842,0
121615071,0
40815761,0
154930334,0
63859589,0
40365944,0
112208480,0
36248059,0
100445787,0
32536614,0
140647744,0
72099840,0
66764796,0
134221497,0
84276622,0
177417961,0
69128793,0
88574785,0
43641893,0
170454629,0
115644178,0
109965287,0
35611075,0
80822813,0
144989185,0
117411400,0
131164752,0
60711768,0
110644197,0
37816280,0
151599935,0
97337928,0
163619405,0
89476038,0
179855526,0
125370367,0
74937292,0
102166000,0
91965113,0
74879693,0
57822116,0
77153689,0
122070346,0
117817692,0
63390339,0
43445665,0
98553991,0
138503750,0
88623916,0
43472007,0
119686886,0
79535254,0
37848070,0
155282146,0
73896276,0
149216643,0
161775615,0
39881189,0
134327615,0
135991827,0
158152484,0
94648609,0
141233061,0
191611606,0
42890905,0
64886887,0
102550332,0
59374101,0
41378082,0
102715253,0
39015792,0
66232775,0
155589436,0
75244612,0
78726707,0
92270153,0
57850392,0
77510485,0
60809457,0
74001673,0
198629960,0
93012258,0
33115990,0
75099272,0
177911224,0
87786194,0
105823201,0
63719392,0
164875224,0
115287135,0
75414478,0
180371489,0
185883327,0
88370761,0
100842496,0
124041434,0
57968719,0
134069130,0
86971527,0
137031334,0
98470208,0
76018705,0
83571123,0
89751390,0
74329591,0
63981281,0
85885002,0
151082896,0
84888074,0
39658807,0
95472839,0
67039852,0
140018616,0
114490707,0
84090294,0
128818718,0
147668063,0
88394300,0
35022787,0
73998485,0
99874949,0
111050805,0
88581151,0
36917860,0
140652649,0
195245239,0
38357055,0
206416999,0
136103048,0
82558363,0
159683773,0
116261314,0
62362459,0
207076486,0
83410021,0
137770340,0
195139871,0
159758071,0
99159995,0
82770876,0
89814664,0
133677119,0
207358135,0
114434293,0
38513982,0
109125314,0
93013314,0
64346348,0
39269402,0
36910685,0
154240183,0
91606728,0
142507809,0
59308705,0
42518554,0
83663424,0
87089420,0
88670698,0
112133826,0
130534913,0
74273976,0
92264270,0
161922337,0
71954333,0
135703349,0
87169531,0
64111491,0
67466100,0
146501554,0
35299422,0
200314218,0
63543525,0
75065725,0
97057976,0
101801673,0
161854197,0
56583026,0
185588384,0
62029449,0
150572519,0
146682573,0
75144070,0
75773080,0
35203401,0
109546954,0
75826997,0
40598808,0
78368490,0
107429391,0
35179329,0
97593541,0
142225864,0
74532313,0
84523609,0
138356713,0
141180831,0
80127598,0
180962382,0
91686356,0
175339669,0
96125575,0
76808589,0
68919173,0
79483992,0
58469947,0
108706014,0
158299985,0
134230014,0
63694560,0
118682911,0
80083412,0
63172685,0
75133105,0
126167831,0
125765299,0
75151640,0
103057610,0
198638261,0
132133562,0
137873921,0
56506231,0
124823551,0
106484504,0
117279423,0
59868163,0
32413560,0
44023610,0
112767929,0
76023205,0
78751904,0
66417949,0
39249583,0
94511589,0
164318233,0
143503553,0
196651825,0
37005443,0
41182851,0
152253303,0
125528369,0
77539393,0
154483083,0
65276983,0
31509939,0
91900033,0
65088957,0
108901146,0
78214010,0
161162052,0
179891599,0
119364091,0
76544962,0
155125950,0
75824954,0
86035287,0
74256694,0
80722568,0
42269031,0
115830003,0
84836120,0
44105656,0
126850955,0
120440509,0
163355680,0
103218356,0
42715897,0
33546226,0
164466602,0
137150815,0
72051242,0
71796330,0
113947899,0
180098397,0
118488924,0
104234018,0
33724145,0
57880188,0
108059466,0
128963830,0
160525995,0
139447906,0
116966843,0
142227502,0
72183080,0
106318616,0
119586039,0
83251377,0
127936888,0
61252612,0
38066632,0
115664332,0
101824324,0
146663297,0
39172176,0
132032300,0
102810327,0
77028799,0
42713232,0
48768550,0
87134632,0
85906834,0
139188306,0
66786983,0
115622100,0
78956215,0
43655552,0
57039811,0
66728733,0
75703282,0
75347404,0
73218037,0
40153837,0
38460410,0
42990183,0
145121685,0
35253736,0
73878007,0
59467398,0
71525311,0
175828984,0
93269124,0
114492336,0
97502316,0
104962858,0
105156608,0
62273356,0
84039021,0
84857932,0
145587728,0
81588191,0
126010529,0
59756528,0
162702618,0
80664633,0
63679380,0
45316587,0
87731319,0
152891639,0
74016873,0
207196668,0
80508141,0
59451765,0
98145212,0
132207624,0
154756313,0
88181116,0
90630199,0
65820936,0
123084389,0
80577287,0
113233981,0
31866182,0
56537893,0
70026108,0
136711963,0
73964593,0
56178491,0
143363691,0
95945919,0
103251617,0
129176214,0
41841193,0
113288363,0
179889092,0
113301568,0
116083977,0
32144821,0
115938766,0
45418816,0
145663388,0
57761664,0
134996448,0
140436653,0
40443322,0
85167137,0
127498342,0
79582747,0
148415211,0
60677974,0
102618048,0
128916782,0
43633040,0
59392409,0
75284781,0
87661650,0
131673915,0
162747515,0
41335850,0
44091769,0
119407882,0
118042620,0
141628398,0
147221384,0
133502220,0
127506080,0
126802269,0
118026977,0
82762536,0
40193266,0
113838406,0
84156795,0
80617249,0
154950814,0
39211931,0
124005302,0
40948833,0
198769359,0
81375778,0
79593712,0
111221835,0
100594108,0
125781663,0
35288487,0
89865601,0
149960298,0
62386442,0
118096488,0
56044876,0
117321922,0
155495349,0
87967923,0
75139027,0
89837078,0
162726038,0
156842373,0
32508220,0
77115543,0
32680286,0
103167903,0
165389243,0
66493747,0
174841629,0
105902869,0
44931909,0
65707821,0
107226047,0
78425832,0
115613671,0
41704647,0
150870206,0
184741839,0
59056892,0
128224508,0
75635557,0
101299330,0
174529039,0
121629126,0
174794965,0
81319985,0
31428672,0
74244209,0
94183247,0
162223834,0
173606902,0
85838477,0
113617623,0
156905203,0
103005183,0
37705938,0
131969332,0
35069648,0
138879782,0
62561075,0
78253262,0
162341529,0
176674730,0
85016023,0
93400232,0
65645010,0
78160330,0
80803528,0
78400605,0
78602468,0
66838019,0
103671134,0
76682880,0
43089007,0
131985114,0
81467071,0
212579827,0
84652309,0
94092851,0
39081909,0
129558109,0
83406834,0
39982826,0
78911308,0
108094898,0
31452685,0
81794841,0
75832524,0
124855657,0
45410111,0
151495258,0
112738527,0
127858987,0
116206094,0
87145913,0
143148514,0
114154371,0
120456350,0
77641721,0
106927502,0
147418825,0
38416816,0
74572176,0
57763618,0
61100492,0
100663096,0
83372438,0
66653477,0
63050005,0
75680641,0
59292835,0
105113054,0
73855090,0
31714585,0
33277940,0
96456730,0
56592353,0
128667436,0
57091577,0
126865385,0
35254644,0
125279093,0
115446588,0
157357092,0
135765024,0
126529048,0
84540802,0
95617577,0
76359946,0
121515112,0
61650821,0
64556956,0
126268205,0
59711918,0
194609123,0
64486220,0
66064261,0
124770818,0
80338699,0
41997755,0
67032549,0
39305830,0
87640035,0
84068956,0
74758248,0
78404277,0
45235597,0
80334673,0
79078005,0
81469973,0
104621715,0
178401950,0
137100352,0
133169111,0
36221510,0
96441442,0
143193569,0
131270140,0
120197510,0
120762989,0
108767048,0
159938201,0
203641282,0
124608828,0
34370594,0
164285387,0
66801945,0
121459457,0
84327362,0
180719462,0
110892270,0
87047829,0
95273335,0
130456430,0
164529640,0
66530521,0
106064612,0
155247691,0
113525973,0
86083865,0
152997846,0
63467371,0
55788987,0
84713964,0
110004765,0
114341262,0
73839289,0
60306877,0
77620166,0
31243084,0
120116056,0
142591582,0
160838151,0
36801231,0
116293864,0
135397026,0
62968571,0
45016433,0
109611392,0
65818212,0
115424115,0
104086171,0
122041853,0
33023985,0
75750449,0
164822333,0
111586823,0
78812079,0
57727111,0
60414180,0
32150999,0
88994125,0
83896228,0
111464174,0
33048709,0
65181129,0
166942689,0
42937183,0
131037345,0
104289889,0
36658457,0
138715325,0
87020263,0
111791035,0
82712546,0
32175969,0
89449094,0
120960894,0
129543176,0
81483652,0
89097499,0
73929813,0
97771075,0
139949756,0
89462418,0
103699332,0
60058489,0
75089215,0
137841658,0
73029577,0
107559028,0
96270500,0
87128967,0
65963473,0
83667944,0
76874666,0
113513242,0
78968157,0
149506247,0
111660628,0
94607897,0
96688143,0
65173717,0
79683012,0
76683077,0
34464336,0
83170338,0
112848198,0
204675725,0
145247858,0
127413079,0
57832725,0
129594153,0
78238053,0
32259713,0
114881741,0
75106803,0
64543780,0
78094075,0
101174815,0
120805033,0
67545166,0
105105602,0
97748671,0
66499590,0
78465804,0
194793152,0
63491937,0
155283143,0
116581149,0
77504139,0
131615201,0
86126186,0
81417575,0
38544015,0
39238026,0
34020381,0
114349029,0
96275425,0
101056311,0
78834167,0
34691198,0
121714715,0
74601508,0
109667787,0
83100461,0
79358450,0
149032585,0
148231804,0
62103718,0
37059795,0
96771620,0
167096270,0
113788534,0
160510411,0
95314501,0
97302970,0
72506162,0
84501136,0
72178096,0
38039017,0
34802133,0
75545003,0
91358586,0
32250495,0
64078754,0
112109527,0
40546015,0
86464940,0
76439742,0
124867175,0
135311595,0
83572495,0
59646403,0
36346203,0
72877249,0
86886274,0
178297856,0
92657732,0
102478264,0
125528961,0
142987650,0
143231103,0
131564668,0
84490210,0
78539589,0
115039122,0
38127577,0
145095896,0
126707451,0
39946427,0
63932062,0
78587160,0
60496591,0
92020096,0
211684308,0
138851664,0
96152835,0
77498494,0
45461670,0
178274169,0
108249486,0
95203053,0
63935269,0
75190793,0
86871440,0
117936206,0
156169937,0
74948228,0
181002413,0
81139006,0
87762142,0
94631021,0
120201231,0
61209058,0
90260790,0
130704493,0
179959473,0
75869210,0
142141597,0
40806810,0
95557323,0
67981906,0
67017172,0
148066192,0
45223043,0
133948731,0
93099140,0
143288061,0
78307288,0
60208981,0
119144660,0
99193660,0
103104826,0
176610973,0
203782170,0
176914048,0
100455449,0
81198066,0
34000079,0
140950711,0
139829455,0
61429870,0
63054387,0
66219234,0
76235984,0
86576042,0
47826753,0
77783962,0
174385703,0
156711403,0
207194902,0
37062983,0
80586979,0
125901095,0
174003877,0
78575366,0
133002847,0
88516841,0
102449633,0
144315930,0
34135806,0
120118395,0
131845419,0
79889011,0
82439079,0
118122761,0
79752129,0
75336833,0
118617673,0
112950477,0
36546842,0
118382983,0
84617114,0
67535612,0
59542338,0
73693791,0
117296902,0
62424401,0
88030329,0
126336828,0
174916036,0
93550181,0
101745121,0
132129980,0
109978996,0
92856565,0
149965134,0
102715283,0
73945703,0
77849279,0
102952331,0
176440228,0
110046879,0
77657937,0
75851958,0
33833737,0
116372042,0
65861234,0
105947341,0
63113299,0
79885398,0
61008162,0
90611121,0
85009282,0
138544985,0
44322343,0
106227549,0
131221265,0
150807426,0
117663361,0
100685135,0
78261700,0
212734296,0
92235481,0
184914330,0
101587039,0
77687665,0
100772372,0
110314582,0
105763135,0
138793699,0
102584718,0
125810512,0
88896969,0
75602997,0
106470055,0
121774979,0
41093620,0
40182508,0
71665578,0
66904856,0
146759921,0
82435586,0
65219601,0
175385612,0
117185692,0
80383458,0
57213437,0
147352097,0
128375464,0
31238436,0
144265605,0
151662390,0
64078467,0
108222423,0
61813423,0
64604883,0
75706341,0
117035328,0
174170683,0
67141085,0
152391389,0
174242149,0
67356686,0
99500723,0
134416510,0
98787092,0
79486686,0
78287233,0
100945021,0
102355792,0
40319982,0
119743103,0
33930538,0
79225072,0
160669864,0
61087573,0
80703352,0
45206403,0
102312810,0
60441301,0
156549245,0
85382472,0
75990122,0
192780463,0
87409442,0
94018148,0
87756941,0
196198100,0
162465432,0
146533275,0
136733706,0
81419145,0
207311017,0
119856782,0
147289405,0
66938629,0
91173570,0
144898967,0
121540704,0
73542737,0
43876296,0
90878588,0
115569988,0
111602861,0
103099161,0
88012553,0
78164228,0
62344654,0
66298211,0
83593507,0
42309625,0
137369861,0
114703042,0
83671675,0
120823707,0
63679844,0
57018414,0
102668027,0
102974745,0
192893451,0
63916774,0
144147022,0
38262613,0
33528342,0
35270968,0
31774257,0
114171692,0
125661589,0
99794581,0
78211444,0
119815665,0
37609522,0
128304186,0
94806039,0
166881073,0
108163166,0
66409125,0
56854598,0
95658240,0
113831911,0
118345143,0
60898165,0
87187376,0
81363105,0
97135630,0
95330302,0
34275244,0
65194690,0
72273861,0
111982713,0
130811677,0
130303225,0
123753321,0
82694406,0
96978477,0
94759750,0
161422165,0
80584788,0
66985224,0
59248540,0
59378710,0
132707529,0
126011309,0
117726595,0
127910596,0
177875476,0
123578866,0
65079305,0
141297884,0
62990146,0
83543192,0
97691121,0
98652983,0
56606496,0
91552149,0
31319051,0
195180642,0
124871814,0
63249954,0
94042783,0
87758766,0
88464700,0
98983980,0
119171091,0
107181525,0
88944965,0
55765981,0
137183316,0
77753465,0
84818444,0
124590905,0
44622714,0
115635611,0
139782505,0
88061941,0
78326218,0
135358278,0
177226935,0
115920882,0
155605247,0
125185983,0
154759186,0
144178822,0
206713058,0
131528417,0
59395587,0
66039528,0
193856546,0
82820658,0
78912887,0
34376585,0
110445009,0
63929742,0
89094479,0
64403740,0
97475342,0
119003248,0
133538362,0
112629557,0
66438359,0
59867996,0
99981245,0
124386308,0
94566780,0
87426496,0
78537191,0
76763909,0
103110403,0
62481812,0
111582747,0
144751979,0
175969350,0
78830644,0
121493843,0
74762995,0
119614996,0
84361027,0
114318128,0
185027524,0
137154408,0
44903653,0
118410381,0
33239024,0
82594634,0
78539244,0
125665340,0
115239297,0
38171458,0
79724011,0
65210491,0
63921294,0
93577145,0
130214299,0
33292073,0
66344726,0
119633205,0
143546970,0
76120391,0
75402466,0
128395598,0
58377360,0
78980069,0
141596697,0
205898667,0
105966409,0
87147325,0
184729304,0
147980337,0
176343033,0
127883385,0
36137510,0
83761024,0
75336626,0
152262561,0
60698158,0
44073570,0
129831665,0
76274525,0
62362735,0
60991808,0
152927032,0
108078396,0
115061674,0
90254671,0
167040684,0
119132846,0
93768694,0
88406430,0
78844945,0
107787095,0
109179489,0
122067464,0
142526680,0
35081492,0
88574588,0
41848398,0
83803819,0
84652881,0
211528299,0
165981448,0
130318631,0
65366559,0
31781096,0
140258132,0
75719448,0
78843296,0
41418804,0
38807228,0
156681409,0
146515786,0
102173471,0
180420817,0
104294972,0
113718677,0
103649283,0
206617263,0
75367005,0
180970110,0
140766308,0
146059959,0
61286870,0
127033208,0
58093263,0
132485591,0
106007546,0
109929796,0
76751947,0
45628279,0
127941803,0
103840447,0
35914960,0
34304172,0
154317856,0
117387318,0
76693361,0
95711782,0
43892058,0
95825549,0
83687387,0
80068104,0
78238892,0
199010878,0
38029542,0
152463920,0
110929892,0
90208037,0
122592083,0
45583234,0
104116806,0
175961661,0
65782425,0
87102230,0
63191496,0
102950041,0
84170484,0
180972212,0
35589924,0
66334787,0
74186176,0
43848681,0
66969788,0
34857294,0
129244078,0
136776125,0
82719435,0
128462573,0
91354974,0
66603803,0
205811104,0
88982035,0
40977573,0
163140187,0
83968681,0
84025579,0
88187324,0
104641237,0
103107560,0
111568693,0
115456458,0
60805154,0
115045626,0
139003695,0
68680605,0
37845938,0
127826931,0
56608065,0
80221468,0
103578844,0
40987779,0
106036266,0
77946978,0
118402120,0
76535734,0
57784305,0
78182053,0
76787428,0
40252937,0
75470507,0
127399853,0
34414997,0
64174035,0
175331013,0
144476785,0
166387839,0
39083152,0
129476043,0
66570799,0
89725295,0
59006350,0
85852995,0
116941192,0
97237031,0
101386212,0
93354990,0
178562213,0
180566009,0
74976711,0
135808174,0
116369762,0
174966499,0
44920767,0
142567668,0
175765868,0
177137654,0
56996602,0
83455895,0
134447728,0
115134324,0
84807439,0
99679511,0
76640411,0
43785565,0
193902726,0
75545358,0
83773805,0
60400668,0
76859565,0
77778455,0
103410034,0
144483309,0
86147958,0
131951251,0
104846476,0
62881028,0
105895417,0
83606288,0
94740110,0
42210356,0
58465456,0
85571119,0
40794877,0
63985032,0
41996492,0
75509680,0
161407430,0
36982980,0
81371484,0
132743741,0
84802563,0
97264143,0
87737932,0
45448593,0
62642292,0
76869326,0
81038316,0
103551495,0
123471031,0
134292923,0
72410190,0
32211628,0
84911514,0
144977845,0
124619014,0
92015862,0
61826392,0
78937324,0
150633721,0
133064069,0
127840364,0
36545648,0
74810132,0
88648600,0
154496269,0
66704364,0
151892806,0
43089521,0
162190839,0
62943562,0
108872347,0
144470715,0
95953884,0
76054196,0
66593568,0
144614654,0
104432633,0
78007450,0
117497798,0
42831944,0
31949422,0
38515502,0
75304649,0
74943915,0
144679013,0
66100769,0
37719923,0
195333898,0
98052043,0
62559239,0
78214001,0
88481814,0
83372231,0
165642980,0
161695652,0
196194517,0
110442245,0
108395230,0
81377386,0
88651748,0
130461632,0
99866658,0
107999745,0
106774641,0
82197106,0
79835833,0
117644934,0
131188933,0
165251167,0
59620871,0
40272834,0
62100471,0
75461960,0
96237783,0
113590590,0
113027213,0
83630745,0
94700543,0
107622815,0
73941419,0
56984670,0
62526837,0
147283138,0
60342812,0
90647570,0
109829412,0
112238681,0
67363417,0
86994760,0
41022924,0
128514250,0
159910438,0
87187780,0
42430468,0
31337319,0
76173529,0
67936683,0
90555546,0
37004377,0
32114304,0
63919389,0
109077417,0
96750854,0
56180850,0
115508185,0
98737665,0
107225149,0
154045445,0
67516337,0
130015190,0
155634846,0
211005763,0
59183321,0
95966112,0
163002200,0
61670857,0
139769024,0
118057207,0
85366473,0
137103461,0
75069091,0
36171402,0
139202350,0
45041363,0
175688352,0
108385074,0
57169399,0
145922554,0
141619397,0
31167404,0
58527911,0
98583699,0
87316539,0
120106443,0
59008570,0
34621864,0
90352074,0
180951753,0
109106789,0
151141206,0
87722821,0
80763250,0
76133103,0
131995970,0
77557958,0
150173629,0
43508249,0
95194230,0
99260635,0
57721446,0
105759434,0
140672852,0
204459867,0
112876751,0
31476313,0
108313549,0
145139845,0
32482282,0
84191556,0
94515478,0
99724980,0
92921616,0
39372134,0
103922720,0
107415672,0
84698715,0
191812058,0
83402540,0
81370152,0
92511050,0
96263187,0
110281203,0
102915231,0
204068566,0
87309976,0
113414467,0
157474777,0
59854297,0
72491742,0
72320149,0
31126001,0
85810092,0
104202405,0
194635376,0
41763559,0
77826875,0
60651810,0
132918285,0
74876782,0
96637255,0
65069622,0
66013887,0
82228354,0
67383837,0
57182348,0
118186618,0
144038604,0
114887791,0
82150048,0
144834529,0
109812624,0
116371676,0
83060065,0
62616878,0
205709941,0
90380114,0
110616236,0
80784292,0
64227548,0
75079750,0
64321921,0
159970692,0
33359433,0
163776391,0
94234411,0
34090149,0
162058695,0
124748671,0
56220624,0
120982834,0
33504694,0
60002222,0
86573624,0
39649204,0
52697334,0
95491493,0
112890154,0
67016747,0
174071306,0
39554880,0
163940681,0
123742050,0
72570018,0
80973532,0
75938060,0
75375532,0
107616370,0
85250791,0
90299390,0
57748153,0
103313529,0
60936074,0
55835354,0
158355422,0
111805622,0
110662782,0
78041332,0
43357974,0
143388671,0
205083655,0
75526971,0
160641785,0
97216601,0
140729504,0
141563209,0
125545720,0
89142811,0
129703686,0
88456587,0
76880232,0
110096483,0
192869467,0
143040294,0
97748306,0
133599366,0
111391593,0
129541400,0
72156877,0
64459997,0
62523097,0
164847263,0
179757205,0
62605686,0
109592028,0
75285462,0
66350263,0
184251714,0
96191820,0
79751932,0
142532473,0
136309984,0
95383312,0
94671694,0
115510228,0
87824597,0
98908833,0
102653706,0
97466025,0
161791989,0
37075655,0
80443682,0
103856328,0
106980245,0
58988417,0
98561315,0
87560782,0
108211359,0
111644551,0
87719239,0
153510148,0
116199225,0
125948587,0
151650566,0
101981981,0
94225499,0
75711020,0
81329321,0
160449891,0
56925215,0
115211751,0
45076015,0
177781389,0
105828334,0
71299563,0
31401817,0
77761124,0
83798479,0
36587445,0
149491383,0
76865911,0
167241195,0
83893306,0
132597157,0
99090315,0
65973599,0
75592989,0
144506888,0
150232857,0
56233247,0
107687579,0
43551171,0
70981338,0
124467041,0
90439351,0
178753259,0
102128130,0
80399052,0
117891743,0
155979651,0
73987116,0
85879238,0
82114547,0
66057580,0
63932595,0
111894775,0
155462829,0
71239704,0
126800581,0
82451594,0
93312166,0
80825271,0
32649029,0
163429672,0
122376916,0
96725173,0
71817866,0
83988775,0
105116113,0
164277530,0
138851417,0
98823431,0
32236796,0
94199295,0
41072855,0
177799944,0
123441254,0
164261324,0
93191450,0
85089571,0
75452476,0
44848847,0
114230673,0
65222009,0
124540994,0
104110766,0
65456402,0
105642578,0
64941554,0
144684402,0
89290786,0
199075563,0
95787897,0
154428416,0
40340984,0
80094022,0
196160398,0
61787407,0
105591651,0
115163637,0
179725839,0
39399809,0
88390036,0
155997219,0
100557699,0
92915052,0
89324056,0
154979544,0
77985894,0
123358182,0
191637899,0
134413796,0
34063837,0
84088310,0
138110930,0
118564268,0
79891646,0
159333737,0
33308871,0
143239877,0
77153916,0
70587294,0
115484271,0
109822849,0
145891484,0
116037018,0
147721516,0
77326052,0
113362770,0
146656843,0
155245787,0
124890063,0
86920827,0
100784680,0
64648842,0
72711420,0
76207846,0
65822160,0
74019222,0
96700628,0
42259487,0
75905934,0
91734440,0
35781316,0
86503313,0
98651286,0
148078115,0
92540145,0
109939369,0
31938457,0
68226702,0
74016912,0
81559194,0
150222652,0
78200094,0
89279287,0
101797044,0
161495220,0
38545121,0
106930097,0
63378032,0
105287667,0
38794170,0
106772588,0
72147589,0
62135379,0
165354482,0
194008193,0
63850292,0
107049194,0
92864776,0
102118389,0
74721365,0
111675590,0
83996069,0
40271739,0
92717808,0
113230912,0
87463083,0
57948693,0
135196179,0
41874987,0
154749780,0
93396570,0
114792253,0
79840018,0
84160871,0
129219325,0
96116367,0
139492250,0
104065494,0
57556446,0
89084067,0
66087889,0
38153929,0
76578548,0
119985422,0
36949186,0
84911050,0
159340981,0
147658380,0
81440907,0
63933769,0
66518164,0
89474094,0
44810849,0
36197024,0
92377692,0
144670881,0
133572768,0
136748490,0
146725190,0
107780877,0
81346978,0
126672760,0
146738839,0
119411475,0
77953492,0
70085010,0
37190073,0
180274481,0
112246468,0
102486555,0
120930121,0
82241362,0
90858760,0
42047616,0
80732862,0
174279654,0
75314854,0
146031781,0
157379023,0
130508887,0
88454791,0
99009148,0
163790692,0
86854000,0
55950108,0
62278893,0
152175234,0
126167002,0
65623218,0
33954709,0
105185576,0
37871905,0
84151130,0
65070570,0
59486565,0
80439014,0
122507777,0
90307759,0
120257369,0
115878670,0
61411444,0
122828154,0
157434144,0
113450254,0
174606545,0
128915795,0
61545552,0
136399936,0
112354491,0
93507041,0
124930182,0
127745112,0
154084006,0
92633492,0
62102040,0
31592370,0
77149179,0
44301084,0
56444003,0
115937542,0
100814910,0
76018260,0
31746365,0
165687295,0
89511934,0
164203656,0
118700143,0
154251385,0
143820693,0
181160850,0
74796186,0
142016056,0
196153095,0
117166426,0
189936409,0
87222995,0
62229476,0
95680269,0
76516833,0
107419620,0
35243037,0
99783369,0
131411443,0
44998036,0
59884665,0
35013579,0
106598380,0
37331436,0
126895675,0
179422981,0
150400522,0
194017766,0
66559637,0
175009205,0
73232387,0
111313090,0
111969724,0
206348396,0
33760731,0
82233584,0
194361199,0
179315126,0
62265915,0
143235495,0
64305567,0
61620383,0
88698254,0
126241428,0
140284622,0
176649859,0
115999651,0
101039730,0
123841871,0
87029126,0
103878139,0
64468958,0
91866160,0
128634501,0
57055613,0
42121303,0
115207557,0
128031291,0
112001633,0
135152240,0
100959727,0
195326397,0
64383122,0
67040444,0
179078571,0
32627859,0
147124899,0
72353084,0
40793091,0
158585355,0
112993202,0
90091576,0
59268486,0
32103358,0
139711731,0
74445786,0
109889755,0
44308131,0
81574285,0
81369619,0
62000886,0
32892147,0
101858473,0
39050129,0
83185014,0
101255401,0
164231686,0
147381272,0
118177547,0
143251020,0
131163380,0
91579853,0
106624406,0
60217320,0
131715525,0
79556435,0
97317152,0
128102244,0
132979012,0
94707056,0
132957457,0
114853425,0
78105830,0
139734746,0
175161917,0
84570045,0
117971332,0
124410104,0
33526052,0
135345635,0
120724478,0
73549241,0
56986841,0
120485515,0
177113523,0
131313852,0
135664709,0
81193989,0
165481563,0
127428910,0
77223270,0
133891842,0
124295409,0
39525429,0
92604910,0
71814549,0
98721251,0
112073464,0
34536295,0
76258200,0
77431400,0
164653849,0
100768859,0
138008296,0
60326103,0
125710809,0
94212214,0
198925032,0
60043714,0
79399251,0
141972205,0
95549151,0
146702026,0
113431719,0
105184046,0
91631984,0
128822231,0
31668780,0
45539314,0
102353443,0
43170678,0
175789545,0
86353246,0
40124919,0
131318501,0
94602863,0
70124528,0
156579446,0
110780881,0
119878179,0
77534182,0
114170715,0
159865383,0
129255921,0
72104726,0
64434711,0
114041976,0
34321059,0
120196256,0
83620126,0
75039887,0
181204987,0
90315270,0
84141566,0
135192014,0
75984556,0
85560470,0
95659029,0
153766461,0
81278977,0
44309966,0
83668052,0
93884030,0
78086900,0
193441135,0
92050278,0
37814908,0
111698004,0
138316376,0
137976496,0
65520663,0
39338637,0
43681421,0
45374443,0
114544270,0
132792605,0
44523762,0
107215872,0
77383286,0
178986172,0
141841068,0
36328802,0
123667939,0
110811457,0
34548000,0
139222346,0
155699927,0
87368700,0
110725858,0
102867561,0
109885560,0
110619000,0
44252940,0
44313796,0
72337777,0
63853292,0
89700246,0
132992682,0
37782556,0
83498374,0
35358522,0
159433923,0
149494156,0
122985841,0
117202194,0
166630049,0
76026324,0
65901620,0
36731926,0
111552546,0
192270560,0
66751896,0
33098451,0
155063396,0
115565290,0
89856265,0
43814641,0
66988579,0
112636120,0
64239174,0
102096202,0
94988696,0
208056222,0
41580744,0
88243413,0
91648713,0
67445562,0
42003233,0
133259299,0
121812128,0
76777539,0
161525431,0
140010000,0
134113533,0
81394777,0
72258938,0
92295409,0
103229914,0
41397713,0
203918331,0
77867301,0
81403847,0
111766391,0
73244339,0
94433530,0
92370072,0
94174039,0
125592581,0
119573435,0
125585445,0
90698398,0
64619687,0
38889076,0
35673707,0
72293363,0
208042612,0
86781932,0
203918538,0
81668550,0
41471182,0
88415598,0
63933986,0
143646831,0
122184695,0
86735950,0
128180510,0
127550750,0
95834777,0
93675041,0
157022394,0
115393451,0
151665864,0
154231793,0
75326599,0
92452572,0
114020954,0
64302537,0
145514920,0
38772289,0
85345658,0
34595295,0
34373762,0
153225232,0
206424401,0
42747026,0
37517547,0
76669595,0
97476615,0
99931995,0
139467369,0
134098591,0
80571711,0
83778138,0
85539783,0
44725408,0
178734882,0
106453514,0
176527584,0
174552045,0
140433781,0
192995236,0
106608891,0
142275005,0
37794014,0
90270956,0
94516711,0
129083411,0
64556926,0
80730306,0
63024364,0
147531852,0
115582819,0
67986130,0
75400088,0
91622934,0
77996692,0
130395713,0
89889397,0
89420906,0
66557998,0
150202054,0
72287451,0
118877085,0
116683467,0
36002207,0
121259766,0
133120424,0
145772023,0
41618555,0
162473002,0
150014235,0
148232535,0
41920742,0
134254698,0
129140072,0
138584760,0
37940489,0
133711465,0
33963789,0
109119452,0
121667015,0
150378976,0
42765334,0
98676177,0
43756459,0
111941497,0
110825837,0
69361193,0
134272148,0
165476016,0
174445631,0
33172276,0
36506959,0
64059992,0
151843270,0
114151539,0
127573065,0
95763213,0
128407984,0
82304646,0
93233919,0
104130298,0
115369606,0
155855748,0
136844828,0
179115552,0
59409908,0
31984341,0
121971305,0
164114978,0
87389880,0
163885401,0
155878754,0
105813855,0
40546607,0
124407765,0
32527080,0
63101535,0
59237407,0
82291381,0
75682121,0
78173446,0
60394500,0
138642813,0
81092471,0
117258816,0
102677640,0
36294614,0
93882777,0
185480608,0
120252908,0
94207299,0
97334098,0
109829925,0
102488687,0
206838046,0
91593295,0
95418487,0
115873962,0
115510751,0
81392043,0
89532749,0
34283031,0
85389015,0
149895672,0
123742316,0
87874734,0
39103849,0
86088612,0
66141876,0
97523052,0
100267157,0
83393431,0
33169670,0
57620341,0
44087032,0
114312472,0
174146384,0
188956179,0
87478470,0
175562426,0
81235531,0
81003220,0
96006982,0
109667708,0
112697164,0
84732085,0
35103531,0
107713852,0
44479102,0
86112951,0
115485258,0
103196189,0
111373956,0
39649618,0
67037918,0
118370755,0
129658601,0
61364800,0
31993085,0
126646566,0
112001080,0
142249916,0
37700174,0
31980748,0
102574838,0
154794302,0
92244117,0
131535553,0
119396147,0
32569302,0
46238665,0
120199819,0
113142766,0
113736127,0
80287664,0
115910973,0
42848929,0
122198740,0
125761558,0
179410930,0
42694717,0
152675880,0
83604936,0
76535220,0
87764135,0
107009015,0
91559511,0
32257640,0
116781423,0
208446881,0
166042097,0
89033870,0
174799811,0
199756082,0
67828048,0
102269325,0
150302674,0
84620045,0
76807118,0
101940243,0
66546451,0
107316413,0
60362522,0
85769814,0
37781618,0
116427519,0
119657810,0
178752904,0
135410320,0
119533118,0
61148902,0
74637375,0
127190835,0
97306681,0
62617421,0
36073782,0
77209087,0
127384911,0
72594416,0
119673394,0
66797326,0
76280585,0
74369464,0
143212834,0
82898213,0
104841689,0
177941139,0
92588260,0
61558935,0
177787883,0
67004558,0
89174739,0
59237644,0
111502961,0
207124186,0
117549377,0
100538818,0
115990719,0
176921559,0
152696024,0
59479854,0
71504081,0
145002431,0
122721730,0
83210912,0
157275303,0
120807372,0
112675184,0
106379620,0
192387781,0
129265209,0
82203077,0
106383282,0
101822775,0
114778031,0
62518024,0
78319063,0
78058041,0
142062246,0
88733528,0
98717649,0
148477706,0
78237717,0
194159168,0
101743936,0
130805923,0
89242918,0
141747504,0
111413631,0
116018423,0
40690329,0
76691515,0
56564521,0
102062142,0
130007808,0
31250674,0
85093036,0
135135235,0
65754158,0
84906520,0
89310347,0
42946895,0
76717798,0
192837075,0
83663878,0
84697492,0
116192444,0
85291277,0
40994529,0
121956895,0
72353489,0
99521163,0
73877987,0
174541218,0
102762963,0
66776936,0
144116426,0
195435614,0
206439867,0
130834841,0
82355543,0
142027880,0
124724727,0
110853857,0
151762389,0
111005425,0
104101084,0
109117488,0
66493323,0
180081589,0
121476956,0
111144517,0
39341756,0
42851051,0
73502745,0
182095314,0
116505913,0
60723947,0
141634497,0
63071067,0
70452544,0
61506113,0
97233409,0
121557314,0
93492069,0
31895574,0
45314544,0
79624782,0
212512536,0
63307355,0
62539895,0
65393957,0
194411287,0
104178264,0
85439676,0
128997940,0
117589230,0
33901590,0
134766259,0
67003433,0
70998155,0
88649942,0
83617569,0
114289812,0
176152223,0
60081870,0
85417489,0
81294126,0
84186730,0
126779411,0
136095310,0
204182649,0
83758754,0
118370745,0
147618359,0
40236218,0
94772147,0
92236951,0
121968837,0
63830780,0
60352139,0
38159249,0
87682741,0
82001096,0
72591258,0
122229089,0
105682017,0
132566660,0
78659149,0
83639243,0
36253586,0
125791483,0
129385174,0
101911937,0
75460302,0
72387954,0
113031111,0
135398605,0
60135768,0
174449973,0
88515252,0
144800064,0
128657705,0
100866864,0
74675017,0
73509466,0
213035970,0
57745794,0
132013311,0
106105413,0
41281044,0
152869679,0
181112667,0
154063931,0
119610811,0
66240987,0
204061135,0
94471923,0
77920794,0
71559775,0
181234487,0
116659237,0
99788866,0
83235093,0
64663577,0
98749449,0
84833376,0
82438537,0
161645189,0
94170722,0
147785925,0
93047858,0
148805722,0
64122387,0
66782315,0
112274133,0
75926858,0
56192486,0
107742790,0
81633809,0
129502474,0
114395110,0
34540312,0
36895851,0
101981083,0
119167538,0
67661499,0
90723003,0
116301543,0
107487039,0
79090145,0
91640837,0
63201237,0
72345495,0
32120453,0
89843622,0
73788993,0
63901249,0
129148520,0
130711204,0
113550835,0
185690929,0
145518463,0
118230143,0
87451338,0
36167237,0
174615566,0
56634980,0
75473281,0
143043788,0
43988681,0
110235467,0
126048034,0
83039319,0
37422897,0
129663516,0
135845708,0
32830669,0
31469246,0
115967358,0
59883817,0
106802947,0
93610228,0
131677458,0
207218737,0
122767515,0
114503804,0
116813331,0
89414383,0
156224713,0
78014131,0
120837761,0
97254421,0
116415073,0
31765690,0
110519100,0
116097597,0
72991312,0
103835147,0
77617097,0
96232641,0
151779710,0
33329301,0
122873416,0
102551141,0
127248316,0
34535782,0
58607933,0
113880539,0
82123755,0
63943392,0
146643598,0
173631596,0
124378541,0
135348408,0
114094778,0
97818410,0
156552690,0
42398303,0
141966886,0
153638936,0
141769582,0
78942762,0
67396411,0
61820351,0
89204160,0
96048257,0
135471561,0
38644231,0
149536112,0
164049987,0
144829574,0
34710365,0
132558380,0
119859061,0
71895253,0
74775036,0
142555687,0
92625577,0
39137820,0
62266270,0
65170342,0
75179611,0
97334197,0
66467247,0
67512349,0
137917002,0
91902164,0
39038739,0
75140813,0
109045578,0
155772794,0
36896946,0
37891950,0
128305340,0
139369956,0
75371643,0
41253666,0
83791047,0
101842770,0
133554894,0
75587531,0
185555104,0
105724950,0
44329873,0
32236717,0
119887249,0
114063808,0
91827264,0
166033145,0
72014034,0
114562469,0
87860966,0
63934707,0
72510189,0
68353664,0
153809443,0
79571575,0
96566648,0
125447320,0
130432872,0
128290773,0
124737982,0
79859195,0
105647513,0
85114324,0
92861441,0
67245081,0
78688452,0
177968941,0
108367724,0
71970055,0
147477974,0
160575787,0
128390693,0
208457717,0
140655324,0
89534358,0
148050026,0
36670054,0
156725280,0
37444956,0
87037496,0
175813844,0
36446892,0
106552585,0
106875518,0
78411008,0
59760545,0
112632814,0
118117688,0
71300323,0
62538454,0
102867837,0
130656132,0
74983038,0
149034539,0
83280897,0
35749763,0
180081895,0
102779208,0
154360424,0
66783874,0
133515179,0
36505991,0
32026701,0
113838277,0
82701700,0
88843110,0
60784961,0
134603747,0
95385898,0
87380593,0
141001550,0
207069340,0
176750420,0
41543388,0
156518817,0
93839844,0
44357192,0
91315436,0
149140084,0
41794560,0
106700392,0
95693760,0
81528835,0
62889417,0
176053103,0
56099001,0
122151583,0
58245709,0
35269656,0
129781014,0
183988551,0
82336732,0
61245990,0
90390437,0
59985691,0
127891172,0
44341904,0
166985207,0
144854840,0
212758003,0
117328377,0
136130959,0
73163043,0
167012092,0
89773656,0
127765355,0
42910328,0
79656897,0
112698792,0
83242633,0
88163973,0
64931833,0
149957159,0
68693938,0
96658662,0
112481335,0
108943487,0
160941091,0
195506241,0
136361030,0
56687032,0
74649998,0
208334466,0
129661286,0
94090433,0
173383839,0
93825869,0
34751916,0
126638177,0
38174290,0
76198312,0
37420687,0
103742126,0
42130126,0
60725082,0
182073453,0
84177650,0
109856455,0
88497042,0
141300806,0
135078741,0
95169072,0
66458068,0
64848681,0
75105352,0
175188457,0
140490097,0
41581050,0
185570352,0
62272192,0
74371882,0
90468585,0
63345837,0
76175661,0
150161342,0
183679682,0
67069471,0
101951366,0
161141326,0
132135842,0
77089310,0
96067108,0
113789028,0
126784415,0
86689326,0
83193778,0
80807979,0
38236429,0
101005877,0
94123615,0
143086484,0
71153355,0
44388785,0
67393194,0
36311165,0
179492127,0
88242969,0
56610128,0
178596826,0
150020167,0
184992941,0
64080303,0
80355586,0
115603574,0
103173361,0
56915622,0
91685546,0
112597046,0
38093695,0
83772196,0
92318622,0
72698264,0
75305606,0
95430962,0
136361178,0
120504741,0
81402307,0
126806967,0
146559025,0
38104324,0
142125026,0
56183594,0
76714008,0
68514667,0
63111444,0
34272322,0
39247511,0
32074026,0
32397581,0
88529217,0
82468382,0
61133259,0
96451233,0
80623289,0
113705580,0
116159105,0
84651677,0
58103241,0
105566325,0
63917583,0
134212496,0
108711995,0
38246861,0
110656544,0
135839757,0
137576086,0
180278527,0
74277766,0
108285214,0
151450193,0
44106376,0
117182435,0
62068720,0
93315038,0
135114656,0
77463930,0
79470776,0
37892967,0
193737993,0
150356967,0
153102829,0
124026462,0
124405110,0
112513391,0
125715872,0
85561783,0
32196893,0
61582889,0
128252163,0
40669869,0
161720464,0
89490675,0
176063841,0
64442123,0
81891198,0
176575807,0
79001003,0
63605013,0
43505199,0
124893714,0
41776903,0
59911146,0
115234728,0
73384132,0
125489957,0
44354597,0
142256263,0
87945726,0
127149156,0
82829156,0
87731033,0
67373050,0
82876115,0
95578177,0
122657746,0
60755026,0
107273688,0
75637540,0
143087668,0
77031612,0
87357725,0
91766388,0
102665362,0
105047391,0
109503231,0
74617537,0
37457579,0
102763417,0
139208164,0
161675844,0
88317949,0
102221704,0
205100374,0
63807754,0
67124652,0
53255914,0
83466791,0
43239479,0
34818161,0
109112207,0
88358374,0
37728904,0
117953172,0
80702069,0
94440883,0
94665654,0
194024389,0
192836779,0
106152797,0
67780220,0
183665647,0
35289869,0
87337591,0
140856457,0
149360719,0
44031357,0
37443495,0
64762569,0
65526615,0
110214820,0
83091115,0
141939231,0
65952695,0
159623311,0
176148562,0
81086628,0
116170060,0
42419977,0
87555364,0
149884025,0
118145136,0
88797582,0
45605135,0
106986778,0
100805949,0
77150363,0
121934027,0
60779207,0
102039797,0
39031376,0
194161083,0
37684541,0
99013283,0
120006020,0
71894098,0
61511818,0
35433373,0
150362978,0
80532647,0
147436166,0
89890157,0
62539697,0
84577280,0
121118324,0
37170650,0
34487312,0
68032872,0
102378868,0
125106641,0
75061797,0
164815049,0
42766676,0
76808510,0
93290324,0
147971375,0
32298668,0
32844862,0
73324036,0
121376612,0
42295008,0
207031027,0
127102956,0
180942199,0
63925706,0
80181358,0
102440859,0
152234689,0
89358047,0
121239937,0
60216087,0
31700373,0
65066800,0
39108774,0
72762663,0
76324929,0
37313759,0
79728432,0
153367897,0
83380432,0
75837183,0
191838123,0
125320910,0
108123846,0
155885988,0
85033808,0
44030301,0
111474922,0
128017197,0
39855952,0
90901683,0
37265033,0
82219905,0
115897442,0
63895228,0
118455219,0
32052135,0
110047925,0
84159391,0
64486161,0
82850425,0
122190686,0
114365561,0
129347383,0
42128123,0
126982655,0
62163221,0
66903128,0
193048788,0
86139342,0
97713900,0
78407563,0
45110105,0
212540842,0
80351727,0
44025455,0
63003717,0
154009076,0
66987652,0
151690380,0
117974451,0
145518482,0
95409180,0
110810115,0
102253908,0
84443734,0
31747046,0
72506261,0
66713474,0
178225284,0
112892621,0
31698734,0
102341294,0
78337647,0
79223483,0
139533861,0
132075292,0
68843542,0
90913052,0
78328843,0
45417168,0
116241250,0
78584969,0
112577050,0
90121520,0
55945588,0
83151319,0
192673941,0
65310895,0
115941687,0
81777234,0
126650829,0
135799380,0
76103711,0
166960227,0
92726079,0
151272185,0
109941205,0
125910017,0
136931443,0
78929083,0
72689549,0
159757252,0
104309027,0
87820649,0
118686612,0
89427322,0
38805116,0
142399609,0
83329347,0
107950022,0
136494437,0
114940475,0
95883336,0
63930167,0
44379290,0
126369437,0
73866085,0
86951018,0
63343330,0
91210947,0
72495927,0
151286901,0
124640717,0
66978177,0
125628615,0
86815104,0
66639709,0
66832729,0
145240624,0
66155032,0
154151040,0
78013934,0
135181128,0
60012467,0
64602701,0
78165373,0
113947109,0
75221329,0
97528737,0
33133271,0
145919731,0
82158477,0
96226936,0
118133480,0
120087168,0
85401490,0
67092348,0
58251305,0
43574464,0
65516350,0
127233185,0
112861542,0
96377191,0
132018078,0
72242249,0
80029435,0
85312832,0
61908082,0
97498023,0
177439052,0
121682372,0
111413740,0
77520858,0
134015459,0
131256599,0
105203637,0
128926573,0
127276059,0
103016177,0
41435918,0
188828694,0
88042113,0
115852279,0
75139974,0
130151164,0
64103349,0
39733421,0
87210036,0
86033451,0
39924378,0
163094096,0
124742867,0
38456758,0
78208010,0
106987716,0
126187106,0
140831615,0
61856435,0
59192915,0
73003156,0
41553080,0
86695494,0
127720221,0
175004201,0
60207046,0
75475995,0
119149585,0
75157779,0
151740547,0
59382668,0
180761437,0
71644812,0
125395899,0
90086503,0
41179446,0
40399047,0
43412207,0
34934533,0
84366268,0
94437735,0
41627280,0
75848671,0
103334956,0
33654288,0
142469614,0
175848881,0
67768900,0
159943116,0
56867952,0
40626739,0
39228867,0
183151549,0
107696127,0
104016847,0
93705331,0
91644064,0
36232702,0
94342296,0
174384814,0
33356699,0
156832197,0
87483108,0
87498071,0
43321802,0
102432835,0
94720124,0
79519226,0
107213730,0
146105428,0
32591667,0
194533601,0
92594685,0
181310523,0
67333769,0
33352771,0
142108120,0
87963255,0
139459434,0
74851209,0
45031543,0
39488497,0
89178124,0
47439934,0
194840260,0
93693182,0
209927943,0
33288471,0
209879227,0
82200511,0
130550073,0
126545077,0
126101833,0
61855181,0
166058204,0
62829212,0
72705182,0
115806158,0
86003408,0
140467278,0
85978004,0
80409474,0
31332631,0
121488040,0
155324526,0
41842694,0
118675755,0
61607000,0
104104775,0
84957200,0
129066770,0
116321351,0
93678585,0
111945317,0
37921421,0
44745857,0
103783263,0
89085093,0
173414435,0
73053530,0
106853884,0
140342270,0
66546520,0
109585119,0
89554699,0
176404846,0
91333715,0
149509198,0
125476662,0
99422418,0
45263548,0
59264282,0
108168792,0
104960963,0
41088409,0
87840694,0
63112993,0
86294828,0
31697224,0
60193525,0
76184346,0
78903264,0
56588060,0
115936220,0
139687422,0
66203077,0
98991846,0
78963449,0
31560619,0
89516474,0
124876275,0
45599420,0
127104358,0
56396007,0
35859009,0
61206600,0
58775914,0
86430683,0
73922795,0
116409447,0
84124018,0
92459491,0
103642848,0
62975065,0
88877111,0
64983244,0
103615973,0
145155311,0
78540211,0
121410198,0
43820158,0
68025332,0
134754080,0
39861104,0
150916356,0
89676687,0
101937203,0
148961750,0
126083011,0
95955976,0
85405744,0
137101467,0
147122520,0
74094813,0
187090745,0
85961304,0
99193206,0
135261062,0
120659960,0
78389759,0
66683589,0
92915023,0
33025653,0
62973990,0
39305436,0
38220342,0
44317961,0
44069444,0
85812747,0
108904916,0
135644694,0
125916442,0
62719107,0
195782560,0
116709641,0
162398851,0
113734943,0
74462959,0
192130481,0
106298729,0
112344542,0
152853789,0
138756146,0
72157350,0
38990842,0
92720187,0
37429875,0
63087372,0
119961656,0
119777124,0
101784392,0
149368270,0
68336925,0
66929007,0
35510879,0
85257187,0
107663735,0
63892495,0
61568065,0
35803216,0
203709510,0
84705920,0
106611151,0
43171132,0
152400942,0
90798081,0
116797727,0
126241606,0
97417319,0
99274561,0
39860107,0
139529676,0
116626154,0
124528164,0
57138547,0
66872108,0
106658032,0
199201608,0
61615932,0
138656482,0
85131221,0
175733861,0
43415662,0
104300381,0
60394342,0
176314559,0
100207791,0
136883457,0
75689909,0
65253167,0
121805505,0
74271212,0
61877941,0
42163712,0
83748539,0
175373946,0
63889080,0
152677015,0
144483437,0
112041062,0
35271008,0
134731380,0
88008645,0
89832538,0
126847669,0
155532094,0
128538056,0
149499368,0
66485960,0
103686738,0
86895630,0
164346016,0
94725266,0
75590640,0
69148019,0
114744879,0
87628646,0
143704706,0
87490165,0
144779042,0
86832771,0
64777670,0
36485354,0
77596578,0
115834513,0
96331870,0
114321207,0
77814657,0
142718012,0
31955532,0
136937178,0
65130449,0
176278041,0
61325144,0
94079498,0
38565008,0
56919955,0
104027417,0
119500005,0
41606682,0
88908368,0
57574221,0
43829810,0
59974755,0
127478879,0
141528014,0
46927257,0
76234987,0
116904092,0
33505444,0
122266988,0
78781503,0
102293199,0
163238468,0
114695837,0
159705298,0
104943040,0
90346379,0
153066015,0
42860457,0
107389379,0
132652536,0
99421579,0
113359986,0
163679916,0
75823444,0
35294132,0
134636524,0
59785792,0
45387056,0
64379796,0
102571966,0
148128361,0
77921821,0
116332583,0
91434059,0
67478842,0
110417344,0
167253295,0
99495157,0
103951165,0
116001734,0
115058200,0
101980116,0
40323554,0
86961737,0
105288200,0
141449097,0
60470644,0
109236722,0
84564706,0
34808893,0
156963828,0
33582595,0
36891399,0
166979088,0
145515462,0
87026096,0
137133405,0
76654909,0
180162638,0
100011071,0
78724003,0
144469363,0
80374388,0
105865147,0
155582518,0
79878944,0
120199138,0
82754551,0
191301878,0
61988460,0
73510266,0
43466500,0
73920604,0
105950835,0
140676573,0
76107413,0
116209361,0
78625405,0
82846467,0
185163547,0
100478594,0
124288145,0
149359821,0
59212891,0
79616037,0
106987874,0
115682206,0
123995136,0
78350961,0
33738939,0
87424246,0
77890357,0
56936990,0
173400923,0
95841232,0
90807803,0
84656434,0
78067753,0
131900344,0
164295513,0
101142788,0
37094407,0
114349651,0
78597020,0
83486748,0
107314341,0
115195239,0
78786161,0
106151307,0
38142135,0
124664562,0
109905497,0
45393412,0
113026798,0
39913472,0
161498655,0
59548102,0
131184995,0
105654352,0
113348084,0
126631357,0
200726057,0
146644969,0
103019069,0
92704731,0
59555169,0
106777187,0
125523523,0
133161797,0
105501265,0
130000040,0
145429577,0
85906301,0
148371676,0
122151435,0
128201611,0
34542572,0
131843386,0
82743221,0
116557847,0
127333974,0
145302269,0
34047068,0
63925301,0
107180637,0
36922499,0
136069008,0
108270656,0
127240864,0
162804452,0
159403703,0
180523876,0
84639518,0
147126883,0
137215718,0
65848196,0
77643695,0
43515670,0
151482349,0
94284213,0
109428321,0
83525752,0
179263083,0
41284123,0
93695146,0
73213171,0
140626416,0
135204944,0
198642880,0
32271517,0
138700826,0
205000148,0
134947446,0
56678831,0
79286915,0
204198904,0
208187685,0
76702974,0
78883831,0
72197687,0
82404082,0
60344165,0
59066436,0
163180238,0
152963421,0
85197219,0
109302908,0
92835128,0
32309317,0
76224950,0
147599972,0
95352854,0
65435617,0
153420542,0
136768713,0
76946280,0
162895667,0
135884387,0
126416397,0
83398474,0
113589849,0
72377887,0
66795836,0
159571377,0
87177210,0
37703717,0
112376056,0
60691367,0
110996621,0
94035183,0
131880160,0
130737260,0
42946777,0
144511289,0
103266145,0
205992271,0
44724332,0
87517968,0
133858779,0
80717830,0
95395629,0
75322651,0
95923821,0
111970544,0
163131403,0
101864572,0
179983387,0
110101625,0
110081225,0
33713348,0
195477688,0
67578871,0
144917572,0
61833863,0
41693268,0
77841117,0
74664842,0
90089631,0
35174681,0
89652595,0
85514636,0
119609509,0
107561969,0
133133886,0
113383979,0
80817612,0
133142690,0
110083090,0
74491877,0
39099210,0
145267962,0
67351988,0
52639735,0
83691177,0
87649984,0
60670523,0
44246752,0
34818763,0
146747337,0
90780652,0
81707120,0
45527461,0
33597340,0
133496318,0
40738798,0
115302038,0
106741933,0
82599628,0
130790586,0
175758910,0
40069511,0
63794470,0
87286565,0
113530829,0
96107721,0
78562792,0
106075942,0
128971578,0
80764593,0
75537107,0
82905527,0
58803273,0
85255845,0
151396611,0
142105988,0
94152780,0
84888212,0
64403483,0
35651827,0
87763385,0
66783933,0
73933978,0
41524310,0
72464157,0
144870444,0
77223833,0
122563017,0
184544703,0
128915637,0
177060849,0
121922401,0
102034517,0
114408119,0
145413825,0
36650927,0
140284770,0
67549489,0
68160348,0
162001057,0
106094162,0
124069711,0
89758930,0
115618458,0
63023407,0
79123662,0
41242809,0
144165804,0
75653302,0
61526514,0
91580326,0
136591939,0
97464002,0
122697944,0
62202690,0
44893299,0
85446427,0
74702060,0
154069132,0
84186651,0
114092597,0
157361267,0
94325646,0
107739908,0
38744043,0
79525207,0
92722802,0
78788283,0
79498510,0
108143230,0
103213856,0
60250739,0
57089041,0
116543111,0
165547956,0
138637819,0
131581822,0
107299694,0
173799004,0
134264745,0
80811996,0
39411840,0
109439138,0
121213526,0
41708062,0
60789797,0
106404314,0
100240756,0
105786427,0
92958854,0
86067620,0
73871148,0
96477377,0
103641259,0
142429711,0
87073125,0
163531842,0
73347595,0
84244210,0
72037000,0
63933019,0
90910111,0
58605427,0
65547005,0
150029434,0
39867825,0
116750837,0
87749282,0
161083914,0
132742112,0
79702327,0
71315631,0
72998428,0
61359855,0
81274723,0
126717666,0
123385372,0
142173121,0
36998958,0
89127503,0
121773291,0
86998846,0
80653846,0
111514262,0
118175662,0
78067328,0
153953638,0
74108926,0
35917447,0
153950371,0
74465979,0
113414417,0
65938848,0
117280845,0
152115444,0
118345449,0
126106975,0
82140711,0
42075962,0
74819400,0
175605694,0
66836469,0
40436749,0
94230374,0
62599685,0
144832940,0
131964032,0
149959824,0
107160631,0
86062181,0
76825377,0
155616282,0
111493151,0
86946636,0
128803114,0
95066221,0
75595891,0
198780215,0
124475016,0
88609102,0
90990055,0
116982782,0
36316041,0
84305323,0
67875630,0
185293934,0
37026060,0
182629161,0
86948600,0
41907448,0
144031360,0
71893121,0
95802977,0
87773196,0
78048961,0
115493893,0
95543180,0
83495936,0
136548641,0
150673396,0
94200914,0
35064674,0
36907832,0
127778797,0
145616083,0
129530849,0
43436832,0
87494518,0
66702045,0
45491782,0
106164887,0
81186745,0
41238457,0
60954304,0
77982904,0
96355734,0
113076324,0
64535855,0
41143857,0
128293250,0
112027432,0
84171096,0
61545394,0
97805145,0
91627789,0
128273234,0
92308052,0
34962918,0
75702186,0
81466390,0
203642940,0
83188232,0
75428246,0
131506714,0
75224034,0
212477785,0
60177862,0
135934219,0
208576834,0
67500792,0
45109858,0
41260209,0
140368375,0
75244918,0
81961805,0
61321927,0
118640442,0
56292919,0
135959949,0
105790790,0
35664687,0
111897163,0
62853413,0
63113546,0
41830070,0
145014146,0
75678065,0
83936772,0
33212544,0
118445754,0
65730215,0
75161668,0
109831909,0
110606880,0
146555847,0
62642401,0
129649551,0
167267902,0
77119590,0
114688198,0
33441460,0
127908355,0
31862876,0
117380508,0
96052708,0
144943164,0
90851999,0
64468327,0
75439142,0
165005828,0
128491017,0
100335159,0
103800061,0
204069869,0
45680450,0
116667922,0
145017008,0
77124663,0
86859399,0
64531216,0
31814752,0
152166756,0
107477051,0
77809900,0
80079445,0
112193814,0
75328869,0
71864144,0
96492231,0
122740492,0
92114213,0
180903747,0
94061594,0
199103455,0
63995632,0
102664079,0
113819328,0
120863205,0
157423495,0
126891293,0
65451418,0
61691731,0
78285279,0
67023646,0
90503000,0
90897429,0
164024869,0
124687213,0
167026837,0
115581812,0
95743700,0
115777566,0
64913426,0
66478834,0
90931272,0
118442684,0
96709352,0
62538069,0
180821237,0
106652169,0
152443727,0
76281226,0
61770303,0
92332992,0
67718693,0
111315419,0
146712142,0
103532091,0
146542395,0
80271655,0
32619726,0
59919939,0
114275412,0
78336028,0
137015700,0
39253275,0
71118693,0
76979461,0
73391939,0
33222295,0
115802822,0
74997684,0
166955105,0
117402537,0
120396106,0
142031769,0
37194969,0
74558990,0
63382137,0
41663689,0
60807158,0
95960368,0
40305937,0
116316752,0
135431954,0
152387786,0
84371834,0
130828465,0
99786419,0
44479220,0
95827316,0
120269370,0
109088570,0
179550802,0
44743923,0
91613143,0
36800185,0
64063347,0
115516376,0
133369079,0
75039018,0
147547170,0
127198375,0
162218159,0
122813389,0
208488945,0
107371456,0
112144673,0
88039122,0
196234805,0
63045061,0
151505740,0
35420838,0
105008752,0
87870155,0
89748212,0
88657631,0
34736816,0
107804327,0
141682582,0
129617632,0
71841464,0
140785859,0
160587364,0
82997235,0
62248426,0
120710986,0
43028448,0
43582547,0
141982776,0
149979001,0
82857857,0
78495590,0
33367744,0
95779438,0
100112797,0
43596887,0
96574415,0
93763197,0
119111972,0
37771314,0
113346524,0
108194996,0
87171811,0
126017398,0
160797972,0
65207392,0
35176960,0
62397782,0
126055436,0
146437056,0
37819271,0
118167925,0
118267756,0
37949105,0
60064292,0
77444241,0
78998486,0
105053027,0
45595709,0
89446755,0
142263645,0
119311022,0
119904225,0
83349541,0
63738933,0
38438085,0
42551706,0
194061252,0
111245967,0
85218143,0
83859552,0
34231788,0
78187303,0
157813867,0
160514961,0
115998645,0
82460575,0
146778653,0
33891148,0
84617893,0
111249865,0
39542869,0
87947029,0
107140014,0
79650433,0
99984117,0
164164277,0
86614514,0
35819314,0
97033756,0
120128719,0
101911621,0
160827581,0
141952476,0
148405273,0
99228569,0
96535934,0
74641500,0
66177337,0
38656193,0
87814934,0
161766604,0
152461334,0
150251797,0
78155977,0
89047145,0
59725745,0
75306198,0
42700234,0
113249911,0
150250020,0
102504389,0
100817605,0
39548850,0
84493793,0
65754129,0
124173292,0
131556931,0
95491808,0
66491684,0
95906579,0
205882679,0
117226700,0
125293423,0
87353333,0
173701453,0
128494590,0
149365082,0
102705186,0
41720320,0
166397541,0
87026985,0
78503358,0
39652303,0
103924497,0
127890787,0
62252778,0
67467630,0
159838123,0
57781423,0
80568760,0
94045418,0
175968590,0
75360195,0
87593983,0
116844963,0
165256190,0
100443103,0
76673415,0
110336759,0
121631948,0
130690172,0
76646550,0
83679837,0
90558102,0
108506865,0
120605095,0
145955963,0
152717007,0
131331045,0
75361695,0
149311411,0
66546421,0
90820041,0
125205742,0
66140761,0
45605421,0
66737793,0
88007737,0
69090618,0
86933707,0
41798448,0
134366570,0
78087847,0
137256035,0
178755983,0
36323868,0
88761321,0
58677139,0
80652948,0
130587025,0
96407806,0
73389215,0
85993884,0
100884205,0
86931388,0
118951640,0
75001000,0
144142531,0
41844687,0
33759695,0
118306780,0
119698315,0
64537878,0
108649846,0
114701641,0
96631244,0
111903568,0
76646698,0
95546042,0
74110920,0
180686231,0
78968186,0
65569844,0
92155665,0
151080419,0
143204149,0
44250028,0
88639224,0
112008088,0
74393921,0
34906296,0
151851590,0
108817728,0
115777645,0
123312110,0
39004541,0
136374225,0
146644821,0
84227412,0
118374999,0
114512144,0
63046817,0
78155888,0
123382234,0
108317428,0
61237097,0
194812082,0
86899232,0
108547607,0
159627466,0
174503190,0
139840104,0
35051202,0
121127789,0
134501497,0
134711424,0
139713892,0
92078258,0
76439268,0
100554333,0
77305987,0
115043267,0
164361758,0
37302567,0
112976375,0
106132011,0
123478837,0
45397271,0
35236316,0
135511740,0
76501713,0
77383148,0
72001559,0
143846552,0
124580542,0
103280219,0
99106136,0
84144725,0
34391488,0
193932917,0
82887554,0
36969498,0
83463801,0
74742663,0
113426883,0
129492821,0
76782681,0
89199423,0
80831380,0
133040125,0
121057587,0
99728326,0
208148286,0
144158066,0
132530982,0
146471107,0
176893401,0
135077507,0
61864311,0
142584683,0
122116832,0
107627651,0
108473368,0
75038041,0
88157074,0
122968204,0
107808758,0
109428903,0
185895990,0
93948025,0
72915366,0
58748003,0
206343194,0
151829265,0
67444121,0
179069767,0
111792229,0
35734494,0
35599320,0
184538317,0
86512995,0
62286759,0
89792675,0
41638817,0
151213609,0
158458905,0
91493474,0
32343308,0
59833304,0
82621410,0
72939171,0
139087952,0
120996336,0
82397153,0
31464716,0
150617495,0
64366038,0
135934258,0
177099853,0
193497520,0
63791124,0
89494504,0
38135720,0
110710284,0
33704741,0
66016591,0
63468121,0
90932555,0
100863459,0
62315292,0
76109100,0
84747767,0
111542479,0
180749021,0
151836786,0
91674769,0
65067471,0
115085006,0
193991849,0
140206296,0
162906820,0
195298920,0
32994110,0
114983290,0
120744750,0
82345900,0
137788164,0
150176284,0
33784201,0
115865139,0
89027218,0
80684649,0
72283079,0
74789317,0
35628001,0
99009286,0
114723571,0
86264627,0
60442476,0
137151832,0
61639659,0
161071636,0
112655958,0
60104136,0
74896827,0
41158444,0
83051321,0
120397360,0
88239475,0
117511142,0
78511490,0
151140367,0
114910837,0
102701120,0
74707468,0
124993417,0
94666502,0
176158343,0
65574068,0
118062004,0
83777733,0
177330921,0
37864691,0
75347058,0
39242941,0
60500914,0
81314310,0
111527161,0
32052481,0
44300373,0
90973987,0
102812104,0
132002415,0
33610556,0
67564560,0
144398657,0
76837931,0
115978659,0
37250120,0
97758324,0
61948044,0
64558693,0
42837244,0
62923615,0
195236317,0
106169121,0
71911676,0
63931785,0
95881865,0
114148212,0
35257230,0
56950610,0
193242311,0
130778831,0
115381646,0
198628687,0
83990334,0
131642510,0
185645954,0
92836352,0
31523184,0
42776477,0
64451015,0
39350480,0
77649351,0
138052798,0
75537828,0
31575907,0
102222839,0
88492009,0
86120738,0
87590124,0
86062211,0
39560427,0
64388738,0
102253149,0
67386324,0
107736888,0
123955243,0
86651555,0
80708454,0
84247250,0
124208014,0
174092358,0
128443159,0
196467965,0
67469861,0
145140941,0
112616075,0
179190522,0
95380943,0
31273187,0
120401988,0
151782651,0
125580274,0
121677773,0
165798673,0
193973471,0
106371122,0
114339120,0
84314136,0
57599487,0
194928997,0
73380994,0
66500498,0
141429802,0
151159455,0
151192291,0
140910581,0
61865367,0
113313925,0
123966307,0
99916520,0
61086280,0
128584147,0
74999757,0
97368760,0
35934087,0
67564056,0
31184281,0
192353238,0
110338802,0
112524988,0
111194092,0
113595663,0
98965820,0
185294724,0
75383092,0
86465148,0
105656425,0
63535837,0
121325754,0
138893955,0
113968980,0
63891616,0
62844698,0
136632404,0
100784946,0
153046168,0
129435588,0
42561408,0
118144583,0
96619914,0
118842788,0
42616579,0
120195062,0
81501931,0
63176731,0
61985292,0
140672754,0
178736204,0
110551620,0
100356763,0
83362026,0
31772608,0
67127247,0
126996611,0
63664744,0
131168917,0
40573206,0
85295313,0
72423218,0
97260264,0
45073686,0
192434376,0
121997439,0
203849135,0
81960502,0
145998126,0
111912589,0
129080617,0
103900948,0
51752585,0
115610266,0
95874216,0
104114714,0
109250421,0
98817431,0
62537427,0
60341520,0
66700950,0
107551162,0
178951816,0
66034850,0
179492068,0
94681474,0
192373816,0
109498859,0
88840643,0
140761738,0
33132393,0
86001720,0
155483427,0
90124274,0
78135073,0
125809525,0
73053520,0
59332293,0
162655046,0
180427154,0
43096232,0
82520780,0
159922824,0
96400690,0
111004566,0
94857509,0
143278151,0
127901190,0
87778131,0
148861436,0
109873667,0
74796532,0
85954494,0
101032644,0
105825077,0
63927314,0
129729386,0
157670541,0
78832874,0
62327195,0
209951946,0
79682381,0
75823731,0
104636224,0
127619946,0
33737025,0
79342086,0
126810480,0
112029830,0
91903477,0
115932548,0
116100874,0
194301201,0
66952506,0
38857198,0
75522846,0
61649045,0
33549561,0
130801107,0
71076510,0
105892644,0
145126827,0
142458402,0
80473873,0
98629958,0
104338961,0
146628724,0
77266420,0
36124314,0
128123226,0
162586620,0
80480032,0
79639695,0
103014016,0
41453584,0
165309930,0
118059596,0
140870452,0
114419301,0
151269688,0
59915636,0
66447360,0
79864781,0
63114928,0
140057631,0
60462087,0
139774116,0
133356702,0
76802124,0
136048627,0
41407326,0
83911476,0
89858327,0
89798774,0
37931093,0
39547093,0
85295708,0
42331624,0
69819438,0
81258793,0
177418119,0
36888498,0
206844225,0
69309989,0
92685850,0
106585776,0
153865009,0
165377429,0
102181801,0
92242370,0
94456457,0
83299423,0
135040013,0
131590971,0
64985820,0
132852987,0
164602902,0
112896372,0
134230666,0
92378886,0
71293266,0
85508437,0
60780293,0
66962247,0
185176328,0
154516561,0
36885073,0
59325740,0
112341601,0
55726345,0
92856792,0
64419008,0
105106224,0
64987636,0
92150869,0
37757625,0
89066025,0
114027073,0
88678959,0
78165126,0
78420700,0
149171657,0
37216336,0
96331623,0
106799799,0
31761130,0
125025286,0
194780548,0
104169490,0
147580884,0
126662347,0
39821892,0
116866775,0
58061078,0
97697280,0
129053812,0
107172011,0
91625233,0
117430339,0
64380714,0
87488250,0
64516964,0
78503466,0
76306325,0
86988029,0
42349014,0
108610338,0
178985096,0
63920475,0
67178362,0
89115630,0
73749308,0
61814509,0
155154108,0
86033352,0
87383317,0
62588779,0
129878210,0
39052557,0
126715860,0
58080739,0
179256984,0
89326632,0
82561709,0
75450067,0
82173607,0
104810393,0
117164630,0
94347931,0
109539354,0
40353824,0
213348264,0
155020315,0
63776122,0
78016816,0
124589217,0
34991333,0
87287986,0
121359202,0
105723311,0
157493431,0
78213902,0
147274433,0
86977291,0
31733663,0
127535718,0
150114214,0
88162206,0
119827094,0
131274275,0
84518368,0
106002680,0
91997949,0
103651780,0
136751323,0
58137459,0
97709587,0
115719374,0
162572260,0
56896376,0
65928998,0
66615459,0
96564427,0
105198909,0
127262557,0
166929345,0
43421189,0
145329667,0
39397608,0
42257365,0
115848271,0
192253288,0
73686665,0
115719671,0
59641044,0
59877697,0
146590341,0
32640097,0
104196434,0
82856238,0
138034954,0
111467786,0
34467227,0
96396654,0
129614543,0
64979177,0
115402659,0
33715756,0
36238940,0
95298423,0
62882686,0
66794810,0
174538227,0
86687885,0
114407763,0
75160039,0
142042240,0
87038275,0
43031290,0
61217536,0
78117071,0
133916052,0
156819120,0
71097276,0
161411200,0
121846869,0
81314280,0
42217581,0
67263734,0
74882141,0
113345488,0
73923852,0
179501247,0
61844068,0
105903579,0
94727339,0
80101523,0
133518712,0
117571968,0
67421885,0
87980941,0
73391337,0
83002486,0
45396679,0
60513280,0
43952884,0
84659276,0
130996475,0
156272068,0
173300066,0
113740933,0
112015667,0
120988677,0
106325258,0
97000989,0
93727538,0
75450008,0
129249605,0
127481110,0
65774589,0
110785550,0
75514457,0
58950349,0
90996845,0
161877114,0
76113857,0
56896761,0
105984382,0
180069716,0
78380827,0
128771876,0
79352173,0
86998738,0
89474785,0
121276919,0
59562077,0
77963856,0
154287636,0
95038882,0
120463920,0
116388593,0
123867118,0
92898402,0
45192013,0
133704024,0
99316280,0
124513024,0
34932856,0
103799646,0
77912978,0
87382142,0
32306327,0
59839778,0
42365871,0
199773255,0
176498331,0
82882511,0
77715931,0
102133628,0
136522684,0
74774631,0
142108288,0
117228032,0
78846682,0
155532449,0
119754493,0
56069185,0
56877812,0
146555304,0
83703474,0
77808765,0
44559243,0
158891006,0
102203317,0
97474326,0
84306823,0
75545585,0
113360806,0
118018696,0
130704552,0
61454594,0
73949108,0
118170500,0
122745171,0
101956972,0
32031873,0
39310765,0
76739097,0
35948092,0
108005884,0
109155111,0
122127205,0
67011931,0
177438924,0
107238443,0
110435534,0
56983298,0
131527648,0
106300170,0
135036164,0
109966619,0
58232484,0
96500521,0
118277783,0
116231706,0
115964111,0
92778871,0
162280169,0
117161837,0
134063435,0
129039994,0
56652459,0
74507609,0
117001643,0
175293242,0
102600884,0
106823170,0
66128759,0
118185739,0
160493702,0
140607427,0
102550579,0
154393477,0
77860205,0
118469332,0
93945932,0
61460555,0
121932942,0
31746197,0
59199498,0
162098993,0
131408561,0
74613569,0
71833469,0
92907719,0
115724398,0
34584705,0
206474233,0
105166764,0
103739323,0
62609229,0
40182715,0
116118551,0
89281508,0
39308544,0
156192173,0
118204146,0
75835248,0
45674656,0
82216855,0
77777271,0
109527876,0
112935090,0
139872112,0
123613824,0
152326180,0
86396120,0
99113134,0
78302610,0
41470787,0
56186169,0
161797023,0
112010131,0
93039824,0
75038179,0
139985928,0
116450002,0
73906876,0
63781205,0
44694901,0
59476390,0
128565513,0
107867433,0
174894935,0
78187481,0
40277601,0
119504111,0
134507508,0
157112208,0
132802998,0
177385164,0
58448490,0
108298913,0
63388770,0
133744430,0
208564615,0
69230480,0
67538070,0
165350041,0
119726750,0
82364515,0
106859411,0
77541535,0
85904643,0
207349450,0
163821357,0
94234589,0
87107619,0
83240886,0
72047817,0
77354338,0
103020569,0
114071733,0
104290176,0
154450553,0
181349873,0
88885628,0
83427866,0
152637063,0
55945302,0
37565997,0
95298956,0
63381555,0
115506941,0
94721624,0
208335630,0
31860655,0
134408319,0
73241250,0
111462002,0
126041678,0
84681730,0
79386490,0
71753733,0
205704996,0
130233960,0
66792234,0
56846012,0
63833178,0
131414996,0
75363225,0
136699754,0
96425483,0
160960445,0
64139639,0
41176742,0
84290568,0
77508541,0
97314191,0
89393824,0
87009101,0
67264800,0
121170761,0
194409797,0
111406861,0
125400203,0
84234469,0
37919338,0
104821200,0
39193751,0
179092507,0
68203804,0
115335388,0
63326660,0
208105136,0
164499113,0
131891639,0
129652522,0
188246061,0
73223080,0
88225539,0
109538446,0
90778095,0
104831375,0
64452683,0
65212682,0
94234184,0
69523331,0
99101172,0
86931921,0
130250353,0
62511559,0
75467250,0
108731162,0
56756050,0
65116306,0
145163226,0
118296841,0
109460772,0
76860671,0
144241385,0
73225390,0
79694895,0
39064420,0
88456350,0
151685120,0
68967090,0
92783411,0
37851890,0
74737946,0
70245559,0
74550157,0
127308046,0
112601616,0
203852521,0
107096361,0
66530551,0
73858811,0
111415862,0
89113182,0
78434912,0
63266140,0
111560955,0
143210900,0
196550889,0
65262001,0
129762972,0
87087377,0
114978769,0
115834859,0
42245679,0
113804267,0
107621088,0
32096706,0
77761923,0
112569994,0
80798199,0
64465435,0
77728140,0
132924512,0
39708629,0
86243486,0
88482416,0
134984624,0
91433585,0
177374564,0
31226138,0
39650447,0
100779024,0
72444358,0
103513763,0
109212019,0
129046034,0
71832709,0
39877813,0
43030816,0
82759930,0
98538654,0
34705568,0
83763807,0
82877606,0
38094938,0
64146558,0
78634633,0
116783604,0
172317418,0
107759243,0
64329116,0
152025236,0
117972151,0
75814108,0
88458334,0
117476292,0
178874991,0
45474086,0
55826334,0
61289979,0
108352366,0
185098842,0
87957974,0
92620050,0
116571980,0
34297786,0
35980238,0
115621606,0
55843990,0
154494315,0
151830045,0
134325907,0
42759688,0
163370859,0
77415944,0
140802618,0
96158875,0
40059128,0
114100424,0
75097594,0
96509404,0
157243760,0
204137012,0
108210984,0
155632359,0
132087027,0
145727570,0
80147930,0
84909885,0
125647081,0
115772858,0
76413597,0
34559794,0
105251297,0
120903611,0
71834279,0
39396009,0
117234655,0
62391989,0
163751836,0
152909849,0
94135488,0
33521285,0
88575239,0
69597619,0
61842065,0
74692407,0
93643113,0
104798993,0
103545771,0
105601560,0
34593233,0
73288190,0
88309332,0
65303660,0
127684483,0
134666646,0
59443228,0
100711605,0
72770045,0
92598850,0
61571075,0
37057623,0
38095165,0
165774453,0
37970720,0
153847096,0
88834405,0
84726321,0
76551002,0
85192956,0
141141974,0
44717245,0
41555419,0
156219068,0
74824177,0
82233338,0
176666529,0
107379164,0
58825242,0
115434656,0
114172087,0
136546085,0
93514522,0
206753345,0
41017614,0
128825468,0
120356203,0
107286380,0
84698706,0
61575506,0
59676594,0
116242947,0
183063493,0
86699768,0
40229675,0
63891962,0
31330865,0
75030244,0
109073341,0
63977422,0
195432317,0
90103015,0
136986595,0
137894430,0
196647522,0
139413599,0
33451339,0
59773544,0
124081179,0
199071043,0
198879415,0
61315630,0
38194661,0
74156419,0
61190641,0
75427387,0
32058975,0
38762153,0
192489606,0
136414720,0
97615116,0
121708783,0
104272292,0
72511225,0
78368628,0
144846807,0
42077314,0
40195398,0
107220106,0
59839788,0
98671844,0
121178065,0
78537477,0
33343356,0
31586290,0
102664750,0
88425784,0
65598554,0
38818094,0
185895576,0
120946554,0
67039901,0
174193768,0
97600272,0
87228492,0
78558785,0
59406967,0
104228086,0
62309746,0
61539512,0
103578005,0
59144494,0
72143533,0
42352923,0
75996498,0
106806490,0
160155658,0
79635826,0
145818459,0
154362802,0
85397345,0
40549282,0
35623797,0
116169951,0
41936317,0
59157532,0
104261001,0
117919151,0
101673319,0
142012720,0
31428011,0
196586518,0
57161849,0
110959255,0
137871651,0
175057230,0
125420633,0
155018006,0
58679439,0
130667008,0
122897222,0
111232949,0
82735227,0
67756652,0
83490755,0
153803344,0
85125980,0
88646320,0
116271539,0
118659253,0
83716631,0
80757486,0
79363296,0
92184178,0
102716734,0
59854099,0
115998832,0
104226053,0
64635439,0
74939611,0
74551864,0
45080536,0
183052439,0
127460117,0
127204110,0
130767204,0
108989331,0
102984348,0
114661057,0
125749981,0
146795303,0
85487849,0
44679603,0
88786577,0
71739106,0
66348615,0
84099956,0
140353521,0
103553044,0
64140547,0
194752075,0
131946188,0
43031912,0
143239324,0
88940809,0
108698158,0
139976226,0
96147081,0
75363057,0
175293311,0
31948860,0
75907069,0
38514140,0
63798319,0
175128568,0
38816249,0
99105653,0
83250568,0
133764317,0
90750332,0
181145118,0
43129542,0
143836939,0
188953791,0
116284755,0
106131212,0
40751431,0
44906021,0
104094017,0
134643176,0
33544942,0
64039650,0
64022872,0
77198310,0
88867508,0
144127836,0
130615489,0
113541242,0
114930675,0
89541000,0
63648873,0
134879237,0
166440800,0
157171267,0
206428063,0
142067694,0
40772335,0
80070789,0
35023616,0
42732577,0
124205092,0
32681007,0
82498751,0
175620726,0
94598037,0
98147255,0
131813679,0
99492798,0
34480976,0
34532041,0
150166573,0
93542729,0
83043030,0
78955297,0
80672193,0
83361039,0
118414181,0
108809704,0
103024034,0
77990257,0
177842897,0
73476245,0
80527446,0
88588020,0
35087927,0
44917667,0
98770886,0
31878026,0
78140867,0
31213120,0
195964101,0
118784479,0
117091210,0
67465252,0
108750111,0
63449695,0
88736607,0
117646967,0
34259906,0
34965178,0
40836596,0
132782193,0
37185040,0
58992907,0
176189797,0
75016229,0
154581562,0
59392853,0
105530814,0
36084717,0
107012726,0
81370122,0
145708374,0
73929773,0
196389462,0
144856035,0
92197670,0
109896673,0
34816562,0
31317669,0
35103817,0
108195163,0
108014224,0
84941103,0
65565452,0
63747619,0
120732423,0
146400628,0
74183353,0
96518040,0
97810011,0
155217115,0
153864841,0
133614240,0
85572698,0
60538300,0
64080135,0
72227938,0
140724382,0
66466882,0
56360704,0
118830451,0
32307186,0
81969770,0
97697833,0
124461722,0
37345628,0
129089243,0
61572536,0
140603657,0
129285935,0
76650349,0
85843343,0
176113199,0
130751245,0
156874765,0
108581420,0
146046615,0
130926362,0
132053115,0
159575562,0
89686942,0
79743848,0
78253035,0
192671315,0
76647902,0
45560840,0
75139757,0
58514458,0
122134203,0
31450178,0
77918080,0
76504368,0
77605697,0
57101388,0
92874853,0
134616804,0
116898003,0
74740443,0
88049564,0
131844225,0
107457124,0
88097383,0
154337240,0
111180837,0
66281195,0
80783276,0
191984184,0
111655200,0
34454209,0
75664889,0
84333994,0
78128273,0
84602980,0
67598797,0
84959322,0
118312810,0
133707695,0
32349151,0
84853698,0
31816883,0
109008962,0
128948789,0
166738654,0
39396127,0
145237554,0
34853001,0
106133620,0
67238024,0
78361137,0
180526728,0
43079582,0
78590161,0
88376061,0
83981373,0
120015208,0
136422497,0
176849156,0
77349976,0
74026752,0
89738945,0
120407505,0
83963055,0
157229113,0
75172169,0
87319322,0
58330272,0
63273562,0
72162700,0
106698616,0
95311718,0
120623679,0
60740646,0
67500703,0
67189258,0
75814088,0
91250395,0
39113008,0
99999266,0
109698768,0
36351394,0
60559421,0
72208870,0
77949367,0
83309085,0
138005197,0
92364269,0
64858877,0
112515237,0
79668326,0
116836821,0
39396394,0
88181896,0
94063173,0
127141280,0
63921176,0
131232694,0
131459133,0
83065286,0
45566772,0
147195121,0
39161389,0
37901899,0
204499809,0
90557312,0
87040871,0
72052733,0
115604729,0
164535157,0
91698199,0
83221828,0
60778802,0
145199753,0
96608584,0
132128983,0
87219649,0
127522049,0
94813747,0
184564886,0
146479812,0
84365991,0
159231350,0
146771745,0
83571972,0
39297125,0
118256573,0
111666352,0
180417718,0
90618504,0
118511782,0
115011507,0
64466925,0
120413200,0
185110133,0
37351629,0
84534821,0
59951641,0
86056181,0
104083417,0
94742942,0
75518177,0
77765368,0
125613761,0
188164578,0
194955359,0
66152150,0
117275979,0
87907186,0
75908323,0
173688691,0
196430174,0
95461686,0
75626625,0
75986263,0
58359496,0
134766358,0
61406095,0
78492264,0
34696528,0
143575157,0
66100710,0
90912292,0
121475653,0
38742266,0
159380006,0
45348357,0
86947653,0
99163459,0
113320903,0
79497750,0
94337321,0
79133650,0
88948972,0
111377301,0
78108179,0
136502382,0
82158832,0
78513435,0
60141374,0
61565923,0
72401169,0
166628875,0
95781935,0
139917916,0
112879011,0
41032794,0
107993488,0
133386509,0
110021642,0
141079687,0
32981299,0
198723880,0
42285434,0
131658667,0
82473801,0
31369129,0
154752632,0
109997590,0
65850269,0
93892558,0
137216783,0
128723446,0
49880065,0
104817232,0
95210387,0
65332489,0
75226560,0
74808504,0
134653953,0
173617739,0
84559288,0
91437355,0
102916021,0
106663727,0
36974837,0
115728445,0
66586383,0
62846652,0
119626336,0
75031784,0
128132168,0
132063005,0
192270906,0
78320652,0
114221139,0
62217031,0
57198929,0
72079459,0
136054707,0
37127382,0
107380546,0
37263533,0
103406047,0
88979449,0
116552537,0
90370964,0
121706128,0
140050011,0
83820459,0
88459893,0
79536784,0
76783915,0
177465917,0
64121953,0
108944947,0
196322585,0
143044745,0
63521585,0
45458186,0
132614715,0
44141038,0
184509814,0
59053526,0
85029248,0
65020107,0
157319578,0
40966342,0
120007027,0
129333279,0
97642918,0
80720179,0
117308539,0
40952712,0
42084489,0
167104560,0
71943664,0
173506913,0
84164464,0
109766069,0
78133050,0
85108324,0
83791255,0
151040526,0
59620061,0
122507688,0
154809353,0
31861119,0
34688277,0
35399007,0
116126782,0
148168294,0
96408093,0
65019860,0
90556700,0
140905637,0
133621326,0
196142751,0
74904535,0
76871705,0
130652263,0
98027408,0
141521194,0
39498386,0
83225845,0
66477975,0
89853708,0
154772223,0
43115389,0
61091165,0
34864528,0
114710938,0
97290139,0
115322301,0
163126488,0
43226461,0
93498602,0
86124913,0
32288710,0
166535419,0
124239478,0
129180804,0
192881558,0
116470313,0
102697468,0
62323987,0
72011547,0
43037084,0
31838478,0
106660331,0
140511988,0
132956480,0
60654110,0
115072570,0
165617201,0
134627848,0
175518536,0
36789437,0
115289030,0
65841712,0
117692466,0
138671336,0
112871678,0
137226811,0
136902338,0
66615341,0
85521515,0
156030933,0
98582465,0
88148813,0
80605870,0
162359126,0
174199720,0
81972425,0
39825741,0
154285741,0
77340373,0
79584395,0
156090289,0
130874704,0
32411961,0
194079846,0
92543610,0
141805458,0
111186976,0
32971716,0
161117165,0
84076743,0
118166464,0
78206263,0
45311534,0
117039750,0
116126732,0
36189069,0
164885587,0
130849586,0
118410125,0
77136151,0
54196339,0
58646405,0
119182648,0
42953794,0
45636056,0
194962889,0
76231868,0
74747184,0
60827706,0
74467311,0
109499589,0
144265763,0
162615084,0
43163829,0
66633895,0
88783004,0
86668698,0
41977789,0
161255961,0
81349900,0
88775138,0
127391375,0
89194626,0
154973376,0
74709511,0
41940383,0
32326313,0
174389108,0
142187333,0
119065072,0
121771268,0
68016538,0
76328689,0
83768436,0
40161693,0
176041950,0
37103902,0
119616358,0
90585984,0
107780038,0
32215675,0
112159507,0
144875251,0
81203227,0
134725162,0
153846257,0
177802846,0
92359680,0
89472080,0
75259791,0
66615202,0
75484621,0
75602809,0
75243062,0
62688245,0
163644928,0
116080671,0
111586833,0
43462384,0
131693102,0
72376327,0
115090118,0
41332929,0
124624412,0
78607146,0
45248990,0
35890059,0
114169886,0
208286776,0
154001950,0
38668205,0
75897782,0
41649940,0
62317039,0
71877764,0
38663517,0
175177186,0
87188234,0
75848138,0
196563275,0
98844414,0
78115295,0
76808826,0
143165816,0
84722580,0
45466812,0
65506372,0
148440616,0
75439912,0
119454802,0
131269390,0
76008934,0
138029960,0
147541021,0
117854683,0
45299967,0
63001980,0
93295476,0
88893485,0
44190524,0
145330062,0
39560733,0
123740767,0
141100384,0
63133611,0
89476907,0
195197302,0
95644669,0
62979418,0
63383766,0
145415316,0
77219460,0
56760423,0
89087867,0
132749287,0
134373676,0
137077040,0
89501393,0
82174278,0
92035256,0
62211829,0
158612723,0
135974299,0
60226045,0
159399232,0
79882704,0
73446666,0
112075102,0
33505346,0
145177794,0
63039899,0
175223030,0
39805913,0
64845168,0
34937020,0
78175716,0
106333638,0
160088703,0
64923533,0
61085974,0
75881132,0
180408994,0
74779378,0
91829189,0
93017400,0
92544123,0
64611850,0
65736028,0
82629958,0
89091341,0
140689966,0
131263053,0
86773987,0
65065635,0
82893525,0
76345793,0
66728969,0
165413384,0
101393990,0
61046367,0
57677546,0
110165205,0
180679529,0
107730009,0
184563445,0
90816202,0
126253479,0
77297262,0
80710399,0
107632803,0
85148661,0
67272261,0
73410879,0
109610524,0
98973242,0
41922805,0
33830431,0
128676418,0
40996809,0
41664439,0
83482218,0
98283140,0
73314690,0
83932962,0
66786855,0
138081420,0
176945483,0
82302494,0
85853015,0
78199897,0
87706260,0
32799580,0
133455685,0
115886694,0
148552359,0
87030992,0
194760711,0
99286444,0
89701361,0
199074626,0
59363985,0
37011256,0
144599218,0
61817874,0
133946076,0
114459243,0
62897767,0
145979107,0
103048017,0
75611120,0
64692090,0
122223444,0
105744393,0
148851023,0
132878411,0
151627856,0
56754205,0
31670823,0
184601404,0
74676537,0
87532516,0
63022854,0
117935555,0
32559482,0
111119882,0
39691298,0
87907580,0
71436050,0
195049989,0
103836519,0
76020669,0
87115752,0
67549015,0
103367831,0
31797371,0
80549169,0
72483027,0
86925071,0
129082187,0
121992939,0
135451940,0
33204747,0
144578422,0
115674981,0
76791870,0
113545022,0
66716139,0
109447271,0
99206530,0
194327662,0
83670530,0
74015471,0
59202834,0
125774882,0
107613350,0
135403569,0
39073539,0
113650952,0
143735400,0
109174919,0
155268763,0
115175076,0
113453945,0
86165052,0
94678711,0
130971170,0
93172817,0
91905648,0
97704840,0
42610440,0
100590327,0
66150078,0
74638727,0
40935006,0
79362536,0
164584949,0
119418709,0
124792136,0
40780892,0
43591587,0
64448094,0
86608336,0
134229274,0
45116135,0
194208358,0
106392974,0
73809848,0
141598138,0
132452183,0
46385919,0
119017095,0
116157101,0
184486423,0
75920857,0
109623660,0
108996842,0
61546845,0
204069237,0
78188863,0
146992370,0
94751045,0
124615115,0
44237701,0
78401632,0
73315687,0
90931104,0
113349633,0
63918392,0
154315340,0
81556944,0
39625675,0
139843539,0
32086235,0
107433654,0
76307272,0
154956913,0
121045714,0
131418934,0
32074816,0
80732842,0
36999975,0
90759738,0
123032504,0
88113056,0
62319753,0
92927113,0
128176720,0
112577643,0
82583472,0
87584341,0
98730144,0
67539994,0
37940223,0
45584330,0
38480120,0
84532314,0
114902625,0
156021735,0
85408695,0
136535248,0
99996385,0
139515503,0
94648806,0
61835126,0
31568653,0
161697882,0
60184277,0
45218957,0
59157384,0
132387576,0
42945592,0
148027622,0
102363096,0
135208210,0
108721440,0
147034049,0
66200422,0
83924652,0
78839951,0
194225739,0
157744376,0
37766567,0
43577434,0
42090717,0
104243749,0
83499183,0
103221445,0
56780468,0
75824421,0
124963068,0
91265072,0
176566915,0
124889303,0
89793089,0
74913980,0
118071874,0
66517691,0
52234577,0
98521195,0
69789849,0
180173732,0
81287741,0
173311633,0
124628903,0
71246159,0
116869006,0
96987636,0
129366579,0
196297566,0
139410648,0
152978117,0
84348177,0
144365752,0
43309761,0
73076141,0
56076508,0
124903367,0
125885461,0
74853193,0
40717115,0
86372373,0
43713072,0
32956359,0
165750549,0
105506417,0
82020263,0
138825085,0
134425482,0
134504162,0
101843284,0
75819645,0
42075202,0
81527543,0
126293352,0
126798972,0
148274806,0
98271543,0
80467557,0
148019174,0
37639288,0
42984034,0
61362826,0
112463866,0
180184460,0
128147891,0
154912145,0
87640272,0
107766418,0
104983831,0
64367035,0
120255958,0
100745201,0
156285283,0
118249339,0
125188806,0
56099129,0
92748888,0
106262340,0
40044541,0
56936427,0
106859391,0
115921741,0
76634459,0
59560903,0
35400852,0
94409182,0
74953153,0
113724125,0
161466845,0
176562167,0
31611201,0
193571078,0
129184485,0
44700072,0
97136104,0
147972569,0
35650751,0
60021241,0
79449616,0
127480903,0
175504333,0
137054241,0
64306682,0
106657153,0
56131857,0
132587248,0
107176561,0
182794733,0
113089905,0
33036046,0
132064603,0
43577691,0
59704970,0
139506314,0
119406905,0
74831164,0
95282385,0
63848486,0
142414995,0
43630661,0
58669648,0
43078210,0
38952745,0
78648865,0
45532731,0
161358891,0
37794300,0
125304823,0
85919428,0
90071392,0
59308962,0
67027071,0
80653204,0
39557199,0
83309766,0
155433003,0
91171291,0
122864316,0
91655898,0
166873661,0
143434762,0
107348647,0
88502648,0
120790130,0
100806334,0
91327862,0
58198266,0
82901322,0
41824988,0
97738199,0
135499265,0
120885007,0
176486181,0
71981888,0
58623024,0
127153202,0
78349244,0
146673868,0
110405047,0
81743647,0
84129979,0
72170921,0
151497726,0
95810083,0
77671370,0
77221523,0
149091131,0
36313080,0
40341793,0
105135043,0
33057266,0
121433530,0
116263022,0
67454158,0
37613628,0
66871329,0
66301231,0
108225404,0
120069965,0
67227384,0
145614790,0
76118911,0
115510869,0
41775422,0
93639619,0
115248960,0
62449055,0
81369974,0
115682699,0
34334906,0
77785453,0
92543945,0
110779993,0
78904014,0
153746416,0
91886205,0
76228779,0
129644527,0
87041819,0
121965422,0
59051414,0
81504132,0
163105554,0
96059015,0
75497678,0
149311964,0
80777541,0
86829928,0
80932455,0
58996184,0
118274013,0
66464513,0
77790831,0
111521575,0
36067594,0
134076581,0
38648416,0
76287582,0
89301948,0
78081452,0
62344941,0
108056120,0
87407892,0
39931830,0
41550040,0
36949709,0
82766819,0
82904007,0
43578165,0
106422701,0
66189072,0
69244198,0
118377733,0
142003640,0
76025238,0
81299525,0
148113823,0
139428937,0
145593561,0
151056939,0
77243068,0
122147122,0
145688032,0
115216607,0
73960734,0
113709124,0
114583176,0
112703243,0
79890136,0
141156493,0
146599086,0
40325637,0
97616369,0
113166542,0
89196008,0
141786203,0
87713050,0
65556470,0
74381959,0
102517851,0
80348618,0
75839709,0
98940821,0
76025574,0
143386589,0
78274837,0
78648964,0
96185227,0
95698744,0
75343249,0
67435426,0
62605064,0
105043572,0
78733280,0
139805512,0
166306287,0
109074229,0
145566399,0
95287488,0
36162026,0
162320960,0
87849458,0
84986730,0
115486077,0
33813593,0
106350347,0
83115009,0
78188823,0
145452208,0
104970991,0
128810200,0
38429972,0
96374220,0
111801773,0
127356032,0
134569499,0
90150941,0
85342756,0
37229562,0
75661978,0
91762736,0
66899408,0
64700154,0
148572118,0
177195589,0
57819411,0
108108498,0
80266286,0
103013157,0
77638692,0
86871657,0
63734087,0
75512019,0
75275178,0
132139790,0
96357866,0
128953694,0
110284440,0
63023071,0
182070344,0
115351179,0
113204086,0
128365841,0
102376213,0
31771996,0
117688232,0
103289329,0
111637217,0
87639976,0
142011023,0
195260734,0
90186492,0
66032995,0
72482287,0
77632651,0
143796079,0
60583927,0
74273413,0
39300481,0
84766480,0
118396376,0
35403843,0
166060682,0
149536586,0
95685036,0
100494809,0
104019916,0
34661185,0
132592854,0
113307046,0
36454117,0
66946407,0
87229617,0
116519187,0
106597294,0
115932222,0
83388368,0
129594222,0
86664030,0
74388572,0
75004386,0
83514284,0
82360241,0
74948168,0
74238110,0
78407879,0
78204901,0
82522882,0
92131968,0
60094661,0
64401026,0
84665544,0
99254575,0
61888037,0
65879236,0
43377082,0
127444356,0
111885270,0
178641920,0
147388930,0
41731157,0
92194996,0
112267796,0
119538783,0
112755592,0
37747114,0
114364416,0
85521534,0
131789005,0
64015420,0
35881907,0
144475443,0
37976414,0
67505914,0
159522997,0
143733634,0
76854828,0
156699027,0
122830622,0
107815391,0
67493538,0
98002004,0
83126517,0
110133554,0
112534937,0
149148325,0
92911154,0
37227233,0
174247390,0
72435594,0
136505511,0
31834816,0
74783405,0
147355749,0
117126119,0
142171127,0
177182127,0
71859801,0
86372738,0
41088814,0
112416413,0
76764511,0
144862943,0
157312896,0
114086004,0
82622457,0
75353849,0
130657129,0
133138337,0
117139897,0
97558474,0
78859650,0
64379935,0
59459197,0
106705880,0
72038964,0
61547881,0
96848543,0
206707698,0
33018142,0
192394206,0
175186118,0
143530547,0
109030744,0
59580346,0
130864657,0
67292247,0
84770556,0
85803391,0
37651704,0
63472888,0
154271834,0
176731382,0
85833246,0
58191870,0
150854306,0
74271666,0
44393542,0
156536297,0
82326783,0
178474137,0
110999917,0
121754164,0
72434844,0
103857917,0
178103671,0
75430308,0
37933284,0
109405088,0
35193462,0
90339540,0
65064609,0
145703942,0
66595749,0
79509426,0
122908966,0
67356696,0
84080493,0
41554857,0
84651341,0
62138271,0
62165659,0
44392180,0
78111130,0
164425792,0
89365370,0
141544911,0
38774846,0
99987729,0
75907040,0
148098555,0
120622258,0
133179681,0
55804966,0
132824040,0
130043634,0
93793378,0
70858964,0
141590360,0
164653661,0
177985552,0
97215831,0
133829002,0
75525372,0
118414349,0
155232621,0
102992559,0
142559388,0
60668095,0
68657056,0
152387727,0
80481098,0
58534780,0
99836931,0
44435044,0
92686245,0
76582002,0
96103536,0
140272383,0
122564438,0
111605812,0
120113381,0
196462003,0
137157734,0
166600756,0
59694034,0
130842026,0
76351310,0
161980617,0
116576214,0
116844322,0
82986763,0
144481276,0
146043259,0
169679708,0
78996729,0
74892208,0
95374183,0
130546945,0
194522685,0
60225749,0
135228838,0
100698074,0
89224620,0
109709062,0
195170891,0
82578113,0
110015326,0
72504750,0
88358424,0
97149813,0
75718373,0
154179514,0
78549844,0
99848489,0
105820872,0
75481097,0
119574333,0
97336260,0
37775588,0
69728332,0
128009331,0
148206943,0
34484785,0
60289438,0
159468970,0
60204164,0
101587987,0
86882730,0
164584100,0
44312710,0
147938342,0
108823512,0
113391757,0
145005480,0
41814822,0
146385547,0
118633957,0
78783467,0
125942715,0
125489335,0
84761486,0
178612508,0
149545607,0
107802560,0
58274824,0
127691717,0
116406407,0
90187094,0
78718801,0
110319379,0
113548812,0
105617963,0
89390409,0
163847581,0
103902093,0
56895261,0
34692886,0
78118414,0
112057722,0
93301733,0
112015746,0
106156834,0
144240931,0
103835631,0
116728038,0
59244533,0
59326075,0
58448806,0
43926532,0
105839121,0
153272221,0
87843428,0
86314962,0
117141505,0
76256325,0
73440340,0
105887275,0
96212280,0
185278627,0
38701574,0
104800010,0
102982937,0
67930998,0
156064174,0
65800338,0
107959487,0
73446538,0
109158229,0
76831605,0
90088743,0
98227357,0
136576690,0
126567530,0
45145448,0
81728744,0
144300692,0
105150233,0
87997315,0
82868486,0
90926919,0
127226662,0
79603187,0
124704563,0
111495766,0
34870253,0
112612680,0
108180971,0
82351546,0
114892242,0
95878046,0
74754250,0
88893564,0
84800599,0
85509484,0
36378753,0
118600647,0
102795128,0
87426980,0
159733989,0
109457111,0
148182071,0
112412070,0
161297226,0
66748028,0
77209857,0
77528991,0
111097113,0
72426731,0
107197070,0
93674301,0
145614385,0
106561635,0
92540688,0
121276583,0
113561830,0
130676029,0
82672703,0
92129284,0
131712209,0
114724972,0
74007477,0
67524538,0
33932009,0
75589781,0
80415149,0
160682004,0
92236882,0
31976731,0
164168274,0
42774769,0
102819575,0
77444774,0
163929943,0
153162688,0
195312451,0
86958450,0
80091268,0
107201501,0
92102784,0
71913087,0
122694628,0
33933292,0
163507514,0
42530496,0
80796521,0
103744248,0
109908053,0
132772866,0
32083994,0
59056635,0
83396934,0
146665666,0
71120292,0
77165928,0
139174844,0
136631694,0
98770984,0
92656745,0
41393232,0
100233166,0
177018034,0
62198160,0
117572116,0
86610655,0
34892459,0
75229136,0
127173129,0
120780488,0
59946755,0
128451262,0
62987166,0
125679127,0
192538757,0
63048150,0
90620083,0
66476229,0
120770766,0
111723369,0
89128480,0
141079895,0
58926909,0
93404328,0
117884509,0
185853946,0
116843878,0
76245133,0
86799599,0
108345754,0
128941259,0
99941105,0
152096781,0
109213776,0
90897616,0
117104652,0
106380054,0
83699349,0
107780235,0
44954205,0
35999720,0
134200149,0
140717463,0
78464442,0
78342148,0
41623184,0
192393802,0
73772205,0
101856617,0
42442519,0
95873683,0
66458009,0
166475185,0
135742018,0
104316498,0
107835031,0
104270545,0
67029489,0
115727773,0
78387173,0
36841489,0
34538259,0
122095178,0
56046426,0
118445626,0
135120756,0
147647396,0
113098393,0
44439860,0
128933649,0
77620176,0
38778665,0
99891451,0
36796030,0
73968660,0
124466696,0
193716793,0
111822519,0
120269045,0
63798348,0
76160057,0
136979439,0
75658869,0
63098929,0
138837836,0
103789964,0
116385326,0
83673046,0
98072503,0
35413150,0
151378511,0
65726445,0
44832582,0
75244987,0
88853355,0
75176748,0
101933354,0
68501491,0
113485291,0
185661133,0
122033918,0
96866891,0
115050699,0
64794912,0
71915930,0
71690577,0
113799697,0
75952795,0
37283371,0
35391180,0
119532585,0
84210121,0
106393635,0
98805716,0
143540446,0
106721533,0
89510503,0
107789987,0
57822007,0
107238088,0
102446770,0
116359764,0
77948893,0
34830735,0
103655767,0
78092377,0
45297845,0
43890380,0
102851908,0
76847139,0
78231233,0
94128599,0
66768171,0
69160090,0
37549524,0
87010266,0
82337817,0
93644376,0
128399625,0
100019144,0
62662396,0
104039754,0
58419355,0
136097531,0
84225754,0
62028422,0
92908519,0
134255971,0
33228365,0
62126368,0
60520051,0
131501493,0
73288239,0
37461685,0
134341847,0
147548097,0
130739412,0
153923062,0
73553544,0
42619066,0
153904606,0
35104478,0
109084207,0
60421226,0
132981904,0
119760533,0
62611242,0
117068885,0
112656175,0
122510244,0
127864584,0
78472545,0
86604131,0
32429993,0
39052369,0
96391008,0
115475151,0
66699667,0
171538786,0
81590412,0
160684383,0
78877277,0
110332821,0
31185732,0
194353165,0
194114587,0
133569017,0
182839186,0
104108091,0
82773511,0
150228583,0
124230753,0
37767031,0
176281723,0
191636014,0
71697062,0
132067051,0
67036980,0
39106247,0
61067952,0
56966312,0
166540226,0
98567473,0
45679966,0
39000040,0
125256087,0
175705022,0
72655282,0
112219721,0
37720318,0
62919588,0
63843403,0
106101485,0
106697135,0
79045179,0
90840856,0
84646861,0
82277001,0
42227322,0
86948965,0
74451007,0
32930787,0
84603661,0
73318815,0
107863012,0
65786541,0
77912129,0
77077940,0
84222961,0
106900755,0
103742659,0
121388199,0
84909224,0
110048991,0
75146784,0
86129463,0
33360203,0
178696430,0
72346649,0
64833068,0
71732336,0
74938437,0
109503162,0
191669995,0
164041173,0
34720156,0
142354406,0
97813741,0
88672573,0
38277733,0
156010730,0
53443574,0
66263993,0
88249779,0
106826723,0
150978111,0
115986604,0
117604301,0
37141673,0
75764898,0
103038720,0
62848192,0
60633383,0
82504959,0
173409332,0
128310088,0
74245995,0
33378097,0
43977943,0
105553475,0
83527776,0
66558798,0
74849867,0
74803223,0
60632416,0
175337685,0
121900658,0
74822805,0
150582547,0
113076235,0
75755265,0
37283835,0
125001135,0
161271091,0
94486471,0
175109658,0
77525793,0
112333074,0
32796521,0
95617192,0
126215965,0
44731665,0
72242278,0
101818086,0
156726504,0
111862521,0
32382204,0
64392311,0
126258414,0
36622186,0
37579163,0
31503464,0
31224983,0
60738376,0
43536959,0
89235239,0
113919780,0
66617611,0
60940131,0
208208697,0
80773189,0
34529593,0
155931181,0
44635298,0
85993371,0
32687244,0
92942786,0
91528067,0
65860928,0
90377972,0
71368532,0
32306880,0
77359806,0
77992102,0
109068673,0
142335377,0
123586732,0
166425739,0
163773421,0
66323131,0
126071119,0
163729639,0
99869432,0
64164402,0
142512221,0
99350192,0
67211297,0
98731861,0
134931970,0
68989474,0
205376940,0
128886413,0
149164087,0
141972936,0
98660405,0
82611669,0
185572336,0
40550249,0
64140656,0
37269879,0
106535126,0
115277650,0
64305360,0
36643978,0
77811814,0
88001016,0
74673290,0
113217055,0
84358964,0
206038855,0
132706078,0
134169099,0
129989529,0
140392181,0
42262843,0
84618604,0
31657489,0
117135712,0
124840231,0
97634638,0
76535901,0
102774234,0
103648464,0
140341737,0
155850201,0
135017303,0
109755577,0
89200262,0
110076379,0
37993203,0
76020777,0
58491818,0
105065038,0
177511485,0
61656970,0
154584306,0
73907892,0
119709675,0
75532933,0
143693918,0
136520128,0
116783683,0
62982754,0
159708180,0
171077105,0
94760421,0
45292258,0
98753002,0
38446129,0
67459083,0
136584862,0
78509171,0
144674631,0
41304257,0
59650223,0
107734194,0
87427987,0
38917461,0
76617493,0
112287970,0
65903071,0
192795199,0
160625639,0
83611569,0
99964910,0
121034156,0
78135172,0
84997745,0
133802641,0
88145586,0
62183839,0
173319450,0
138115036,0
103879077,0
140829996,0
34689945,0
45093100,0
43660418,0
72405206,0
145754060,0
75821293,0
127765364,0
74598182,0
130431539,0
83372408,0
127616896,0
61931207,0
116257584,0
89208740,0
82612182,0
96336913,0
130613426,0
95979308,0
80766971,0
213312743,0
175759236,0
115580707,0
92677175,0
44652905,0
152458660,0
66370101,0
132583054,0
82724331,0
110858052,0
104902456,0
108959446,0
135697624,0
114071723,0
88537725,0
127506198,0
96611555,0
185720587,0
205741889,0
89122410,0
66317397,0
98896733,0
66329211,0
41639873,0
105556436,0
44661798,0
105197863,0
76227368,0
74704754,0
65719625,0
130830794,0
39269727,0
141643498,0
77177663,0
130246612,0
194886844,0
100575661,0
97771993,0
133805444,0
198451992,0
36246835,0
45649104,0
85465159,0
85249854,0
86915152,0
85311559,0
66765635,0
60882305,0
99979458,0
60500657,0
78038756,0
155425196,0
160893105,0
60636779,0
163713779,0
143079595,0
31237873,0
179842952,0
68573411,0
77063659,0
159436075,0
100004211,0
99811882,0
33447460,0
87486425,0
72075058,0
127069301,0
128627178,0
85919418,0
120089211,0
152203461,0
73747541,0
114219066,0
91624305,0
75314656,0
87573859,0
112133560,0
121775699,0
114109968,0
94454385,0
110965137,0
107659135,0
39054827,0
95306724,0
66867775,0
42832121,0
63615563,0
112655839,0
81366678,0
92262849,0
139760792,0
32214243,0
99243926,0
188223953,0
115899781,0
41919193,0
63088783,0
111911099,0
77100818,0
109258041,0
62256983,0
91337179,0
72369014,0
115766196,0
42351491,0
112776032,0
78005782,0
144975102,0
188184544,0
37742406,0
73095851,0
140347047,0
82769761,0
63112332,0
143807251,0
119740774,0
94212027,0
34051263,0
102236183,0
203568483,0
39991659,0
115999612,0
102260709,0
89541701,0
78139327,0
62884818,0
152030862,0
136870538,0
205401950,0
157247856,0
77914823,0
64029100,0
72537606,0
76717956,0
91394413,0
193835800,0
39204766,0
78091321,0
151066996,0
109479347,0
81560408,0
95865738,0
148383559,0
76100869,0
59596700,0
72458038,0
179925156,0
178004393,0
131641326,0
143260682,0
79504935,0
94406961,0
135374563,0
70282688,0
83544781,0
151570109,0
34597694,0
143047015,0
73659928,0
60581035,0
56320041,0
59808995,0
60187850,0
74905285,0
48563272,0
160592309,0
64525156,0
62191419,0
103387057,0
31998257,0
112986777,0
128176937,0
76362542,0
174456438,0
78812474,0
105751538,0
74779832,0
44975059,0
126296451,0
97805372,0
41700561,0
44069178,0
35208731,0
66504544,0
114140060,0
96734836,0
32009173,0
86128357,0
43421820,0
95562347,0
97740242,0
116733960,0
64380211,0
36933474,0
83203312,0
63548460,0
119777015,0
146522616,0
120271354,0
121158326,0
161749974,0
37075961,0
94842240,0
105621477,0
162867825,0
149154632,0
135656646,0
103973499,0
179691473,0
69182138,0
43649779,0
129067086,0
83856799,0
118441747,0
117259309,0
94283404,0
39966433,0
118657960,0
164740948,0
127398413,0
77365856,0
65360618,0
75244553,0
66946209,0
45170843,0
121853235,0
108923007,0
107300957,0
62147647,0
71492405,0
70121942,0
102705393,0
127110536,0
118062863,0
109916304,0
177802293,0
147971286,0
87936015,0
134051848,0
163201428,0
63932930,0
71040644,0
112958550,0
74531503,0
42652801,0
72256362,0
64272573,0
44928267,0
112743442,0
82213421,0
95992938,0
125979933,0
71899477,0
102510044,0
180344506,0
31191535,0
42154524,0
196085172,0
91597322,0
82492592,0
72082154,0
94278607,0
38586386,0
77167191,0
63883464,0
193726721,0
83093938,0
117405340,0
77765427,0
141576819,0
95601884,0
119854778,0
36068798,0
57804666,0
147672691,0
115830210,0
37293734,0
115728622,0
132989237,0
160180125,0
134836353,0
82578991,0
87453263,0
156886263,0
57712435,0
78091973,0
95507649,0
102366244,0
78819767,0
113536850,0
86911076,0
94256361,0
81445783,0
115300943,0
73535670,0
105687317,0
133454086,0
124959979,0
164679618,0
83871672,0
63761801,0
107439685,0
158341585,0
131006009,0
115559793,0
87680125,0
95102117,0
192377428,0
67027416,0
81825427,0
75502751,0
114315167,0
139628944,0
66728584,0
141639205,0
151324859,0
77834889,0
42127086,0
67492206,0
66340758,0
64162142,0
147478181,0
99047185,0
67254555,0
124445911,0
63316791,0
77359895,0
76039914,0
84457552,0
142147026,0
111749149,0
84115175,0
106887105,0
75615650,0
77192980,0
34481696,0
126124760,0
73909560,0
77502343,0
110743199,0
154848555,0
91288926,0
62198189,0
77627223,0
61248280,0
101199223,0
77605026,0
174477184,0
65947514,0
60984465,0
109634892,0
105071769,0
140448822,0
90933098,0
58041714,0
108406541,0
127565169,0
153695647,0
111223158,0
131873745,0
127780524,0
58745318,0
90763745,0
108254154,0
95983088,0
85118736,0
31569758,0
56471756,0
78505263,0
87724252,0
102976186,0
75663142,0
31808534,0
110842260,0
42228042,0
40376988,0
193603983,0
178409856,0
60787645,0
97381492,0
42605032,0
55918052,0
139453344,0
144917256,0
34884702,0
106623567,0
97029720,0
152125373,0
45516446,0
83718170,0
173697436,0
85967078,0
134250474,0
39272688,0
138693237,0
75021115,0
92699599,0
129334543,0
67559378,0
159413178,0
43982937,0
56077179,0
76334009,0
125145537,0
36785055,0
42959834,0
60809033,0
145617544,0
84834600,0
85576192,0
117229562,0
117416739,0
72282675,0
121150243,0
32780788,0
77962740,0
133279897,0
118054987,0
121259223,0
148383826,0
72941490,0
94580558,0
87110027,0
125203511,0
155996429,0
81742700,0
115791126,0
87777657,0
34726008,0
142649843,0
72707245,0
122214314,0
121824090,0
89693574,0
57605715,0
93786509,0
196502103,0
44675675,0
32977075,0
178196011,0
79836248,0
127680170,0
116512733,0
118709026,0
79727939,0
39177229,0
150978150,0
63549950,0
131652528,0
92270834,0
95295561,0
42176099,0
165637572,0
114443057,0
122330627,0
93392494,0
101576854,0
64524445,0
71976233,0
82218800,0
193915241,0
57102335,0
76189547,0
85259950,0
78454316,0
88937572,0
41321361,0
138822983,0
102306129,0
78685333,0
87075928,0
39569645,0
103060216,0
130841927,0
87497311,0
78852682,0
153581110,0
71090347,0
102443632,0
59462740,0
65517624,0
64138563,0
98990761,0
77071298,0
78329031,0
145301322,0
121796218,0
45466516,0
45527747,0
109902259,0
72829766,0
104520108,0
141362698,0
151637647,0
83126478,0
95826980,0
94214800,0
138785577,0
33060799,0
74468861,0
60892924,0
111579510,0
198774550,0
84828145,0
80029879,0
119371730,0
76365266,0
148869776,0
142240096,0
117644470,0
166334553,0
131948616,0
163099573,0
115069185,0
77604493,0
109357053,0
44618431,0
78791550,0
102029493,0
99999227,0
149736899,0
122119763,0
86599335,0
121674082,0
97312977,0
156038711,0
74391888,0
176263049,0
149202746,0
161590471,0
66655431,0
103336565,0
196170307,0
131648945,0
38749609,0
110753059,0
44532565,0
44286013,0
147253125,0
122108502,0
134931042,0
110363989,0
66981256,0
107638360,0
118703430,0
164003915,0
98881396,0
115352383,0
40990364,0
86583800,0
88938224,0
107654674,0
77266844,0
101053409,0
79212084,0
77343156,0
60751829,0
64011463,0
130613554,0
109168267,0
98838542,0
84648973,0
78430115,0
139858452,0
113178129,0
96637778,0
44857542,0
88632542,0
80109419,0
43217529,0
79192493,0
95963763,0
79723606,0
113414546,0
210458099,0
91622420,0
105057389,0
56593863,0
85500986,0
63627348,0
44561019,0
80672795,0
137413366,0
81954581,0
138686506,0
67545274,0
116514529,0
114180437,0
67267958,0
105554156,0
132059807,0
92634578,0
86933292,0
76204993,0
84193540,0
81510113,0
74528690,0
136088214,0
32084725,0
157159463,0
89343361,0
112937696,0
35802644,0
144496554,0
194955852,0
145121655,0
79857625,0
115568784,0
43861551,0
73828274,0
62882400,0
76522765,0
86351469,0
35676264,0
66178621,0
92219630,0
120932341,0
33503530,0
81412611,0
160129129,0
60542800,0
59019772,0
31415635,0
122431130,0
81008855,0
83253677,0
40770154,0
129421366,0
40137789,0
95469612,0
99982636,0
60122710,0
117710074,0
62372309,0
145806310,0
75794813,0
63144122,0
82661264,0
79706324,0
103725940,0
212783397,0
72215038,0
107897940,0
71932205,0
194979668,0
78928264,0
78287105,0
121385564,0
92439752,0
45211574,0
75878033,0
155969258,0
77269104,0
73839249,0
143113487,0
157282221,0
96660004,0
153604442,0
60896270,0
90344247,0
76557368,0
95432798,0
78896395,0
128248916,0
180611567,0
85617161,0
108395329,0
78369121,0
107106062,0
58183580,0
44994068,0
128107070,0
36849217,0
79209903,0
90665612,0
105883238,0
98671459,0
116341594,0
59527790,0
32835683,0
67231145,0
92747851,0
88902742,0
127799089,0
122842682,0
117274321,0
133963722,0
31675501,0
59559650,0
81741743,0
36786367,0
71688031,0
108069188,0
32716843,0
89291427,0
94554384,0
65913227,0
207405687,0
206092960,0
106363138,0
179065997,0
62486293,0
84261818,0
86665471,0
180570618,0
34309166,0
103953237,0
109857422,0
98818457,0
161162062,0
115271679,0
41574546,0
126244824,0
120590784,0
32798623,0
120053424,0
105899424,0
193400383,0
153844175,0
71697249,0
31651449,0
78261385,0
143259143,0
89186681,0
139507420,0
39940811,0
110190047,0
84577744,0
115198210,0
106011977,0
169768692,0
32696403,0
81443996,0
75602819,0
141500606,0
34354803,0
92782622,0
136394823,0
146333159,0
127870416,0
100778679,0
115450901,0
79165016,0
33378649,0
129085957,0
94867191,0
41803432,0
157357211,0
34782808,0
58463827,0
45549855,0
90195118,0
95149827,0
87066957,0
194665982,0
66715675,0
164373749,0
95269881,0
78528426,0
127759068,0
87473831,0
135101579,0
135936429,0
75043242,0
116020723,0
91619232,0
60017451,0
58742742,0
73961208,0
78989682,0
177167401,0
87239033,0
112452407,0
35591109,0
44758925,0
90298364,0
84947627,0
39503676,0
132428338,0
148052217,0
95938349,0
67788797,0
75828744,0
100779163,0
106630259,0
102522934,0
195253865,0
131177849,0
71802805,0
57721386,0
156891632,0
63989325,0
115888569,0
107370834,0
44871596,0
72033141,0
77172757,0
83077070,0
98813039,0
86804149,0
39918338,0
104287629,0
127966546,0
57088162,0
68647847,0
153157714,0
88243778,0
121069144,0
119087416,0
206438880,0
195131413,0
131761044,0
163870972,0
87972453,0
81472174,0
87963117,0
60264083,0
156089865,0
65417062,0
121526284,0
78188665,0
75713615,0
86862666,0
165382650,0
44204016,0
144456809,0
102022930,0
111192296,0
62812345,0
92368089,0
50638258,0
58708396,0
120601749,0
62307318,0
36109056,0
73199768,0
99651926,0
32100161,0
41174107,0
175900835,0
86058056,0
75429854,0
92443631,0
66855675,0
41371065,0
61444596,0
71929066,0
88365155,0
71632327,0
82162770,0
111458913,0
63621130,0
91902510,0
63445925,0
84202116,0
63050874,0
35870942,0
78698657,0
130364238,0
106368615,0
40248822,0
103060403,0
176059558,0
72596666,0
38958588,0
94821445,0
111909125,0
113228780,0
116417836,0
81364970,0
180235377,0
36923189,0
175100055,0
84616788,0
62217445,0
156622004,0
89469613,0
61964379,0
150124123,0
43390573,0
128042759,0
32831923,0
126357781,0
101962795,0
128933955,0
153063430,0
120955653,0
116043917,0
85018994,0
98844918,0
79581671,0
84617192,0
55817974,0
40796141,0
198628668,0
34508660,0
103530038,0
132704035,0
94211711,0
77601187,0
89232279,0
84772530,0
140936647,0
195264544,0
179307585,0
74191189,0
40959660,0
127855652,0
72145990,0
57632678,0
79604253,0
75813259,0
93031612,0
132546970,0
146513526,0
118292972,0
65035770,0
164964376,0
130034337,0
86969672,0
138002167,0
111738578,0
75651121,0
115509438,0
119767649,0
126022975,0
45147896,0
87849962,0
66041818,0
178222373,0
40302996,0
120332181,0
140206217,0
127443378,0
44801976,0
111131341,0
111282800,0
58286698,0
115281174,0
178132007,0
137480371,0
58890757,0
57077947,0
120557129,0
175098949,0
67215442,0
89510394,0
108519479,0
85828035,0
142617796,0
173512953,0
60771923,0
109818318,0
164896325,0
85534168,0
93861537,0
67093207,0
79462811,0
61221375,0
104841551,0
37264283,0
76780243,0
62228390,0
75265397,0
100815275,0
36814565,0
110035874,0
156484708,0
37215892,0
93633925,0
90698487,0
83650514,0
115512695,0
135579219,0
164674861,0
104317041,0
56843890,0
116832903,0
75617801,0
81383693,0
62973210,0
36838252,0
91798632,0
107684648,0
100232781,0
191802761,0
60959179,0
126339976,0
76461781,0
36270819,0
36378387,0
68375555,0
93549766,0
74457560,0
114261190,0
161917372,0
40287984,0
83418490,0
88189752,0
116928697,0
124574097,0
67090503,0
89268243,0
140028555,0
109750879,0
166997435,0
59325523,0
61882342,0
138657183,0
117072369,0
62314009,0
92988472,0
66715349,0
78462882,0
195259747,0
135927882,0
81996388,0
74728461,0
78476878,0
112655751,0
57644749,0
111199481,0
127836613,0
116365133,0
64717801,0
118945659,0
83684100,0
77464108,0
75953032,0
107778449,0
75308942,0
36473609,0
77448968,0
102825891,0
76737389,0
43378582,0
161466588,0
129974952,0
78187550,0
81663862,0
111886593,0
61859386,0
103513201,0
64961126,0
85031716,0
72311148,0
115569524,0
127935645,0
66400805,0
32643157,0
33820670,0
78116084,0
128097023,0
83448987,0
98903000,0
76220775,0
105079132,0
206506092,0
56066343,0
39581094,0
86421702,0
109791759,0
95606858,0
118176580,0
122308845,0
59721264,0
122705495,0
78067565,0
35269429,0
98840536,0
86689878,0
64437060,0
31938546,0
89079951,0
133679695,0
36588728,0
94635077,0
130388567,0
144559522,0
106621198,0
127661467,0
122225161,0
69340190,0
127928716,0
97552276,0
65840577,0
82759536,0
87423516,0
122844854,0
78873241,0
75989155,0
76694615,0
112467192,0
177064540,0
95480922,0
32533180,0
137159668,0
75759598,0
175837205,0
129528086,0
63286570,0
33393326,0
35697158,0
108760494,0
92414150,0
77598424,0
96235098,0
86037379,0
56657818,0
62499972,0
67244538,0
178380602,0
75105786,0
119825673,0
109140790,0
96063989,0
138960772,0
45114290,0
38501073,0
76813672,0
44200591,0
105182131,0
134257057,0
56808833,0
81341372,0
93231264,0
63922893,0
151782602,0
80683899,0
111626390,0
140946497,0
45207528,0
31724928,0
41521162,0
167265385,0
121458342,0
129649363,0
36094616,0
90353051,0
101841270,0
106051071,0
44950731,0
78719166,0
77556882,0
80783473,0
162826689,0
87052596,0
66781308,0
84885340,0
79873219,0
114353777,0
77295101,0
102856961,0
33042698,0
40600890,0
96221300,0
80763231,0
107317864,0
72275450,0
62945022,0
118818687,0
129170056,0
150391057,0
59330813,0
80441955,0
31867485,0
144165794,0
76075938,0
103019336,0
38968102,0
45089300,0
144561536,0
65075179,0
132001665,0
165628975,0
119755964,0
152941441,0
64237398,0
74693661,0
132581554,0
90180264,0
175935605,0
93574559,0
56451780,0
131883644,0
57704588,0
162750456,0
113726386,0
103976756,0
97639385,0
92736393,0
98224120,0
41722738,0
84762720,0
39776897,0
106513659,0
173112859,0
160751210,0
32801850,0
157426604,0
180191132,0
149694953,0
99934946,0
78104902,0
205709783,0
43821243,0
105843079,0
41106855,0
130854689,0
67560622,0
84027247,0
194790773,0
43697222,0
135541961,0
125605895,0
162483463,0
56936417,0
98751502,0
96711139,0
89861318,0
144644638,0
120101913,0
134833886,0
135178217,0
108512027,0
115407554,0
112515425,0
84957733,0
77618873,0
153977799,0
61571618,0
117352360,0
43158332,0
81303453,0
84958829,0
86324446,0
113536149,0
176321181,0
93401466,0
91606984,0
87033133,0
31573854,0
34185776,0
117332305,0
31225497,0
63103459,0
96095779,0
76268751,0
34387451,0
131366230,0
76731320,0
141910185,0
77863363,0
36758219,0
75544174,0
89483884,0
196400486,0
163943346,0
100039702,0
149843037,0
72448188,0
160929711,0
34847503,0
112502377,0
116170948,0
73900885,0
147552410,0
161142589,0
148275221,0
146748956,0
133778963,0
66695413,0
75647983,0
81571028,0
91002520,0
45316932,0
147214179,0
77921860,0
94768139,0
76415838,0
122628157,0
102568107,0
102621226,0
76724737,0
117376353,0
76745384,0
82840239,0
89081530,0
40131956,0
87061607,0
135078800,0
117346606,0
78638236,0
66854629,0
135093930,0
43351371,0
125601355,0
68378950,0
94222538,0
121627675,0
58622807,0
102736878,0
113813761,0
126014684,0
82409520,0
98811104,0
86792907,0
64556867,0
84960191,0
78606159,0
98630787,0
80426707,0
66716247,0
107635705,0
206520946,0
97128031,0
130317545,0
40933219,0
174609821,0
85853262,0
142408205,0
41192020,0
177544509,0
32042275,0
140836372,0
84892841,0
66104411,0
77439553,0
150886165,0
135230042,0
77819710,0
102511160,0
101131922,0
78237431,0
35963203,0
86822151,0
143123376,0
75124084,0
97983252,0
136860165,0
57778956,0
99227365,0
126659712,0
78093128,0
107162319,0
36874068,0
150214114,0
86403166,0
91259475,0
32635952,0
94673411,0
71064104,0
96936413,0
160602929,0
109062514,0
60551268,0
146048342,0
32145462,0
155063288,0
126500969,0
125884099,0
73203588,0
155350187,0
33139568,0
108806674,0
131779520,0
106905177,0
106916240,0
66687655,0
79604263,0
147302038,0
116847539,0
154920297,0
146618252,0
120538001,0
41100026,0
41257505,0
47996194,0
89488622,0
148158977,0
108592958,0
72312313,0
67178856,0
165450128,0
151356452,0
89730240,0
161367754,0
176619154,0
121570895,0
80564881,0
92748019,0
145027381,0
84808061,0
153346490,0
87775150,0
84883070,0
118039936,0
105645618,0
74031845,0
95708525,0
151462432,0
78215886,0
81800032,0
81264231,0
149013299,0
94703158,0
36324361,0
79863133,0
96343101,0
146762230,0
66278580,0
39582712,0
165473736,0
78460336,0
118156426,0
108608098,0
99891609,0
104083180,0
100199748,0
107993902,0
72462045,0
95797559,0
59167501,0
76556282,0
124259888,0
63618574,0
107973670,0
61883162,0
82167952,0
73044085,0
102555504,0
112468011,0
111000746,0
102983924,0
88900630,0
34059405,0
100814121,0
107684559,0
138593455,0
44340829,0
38014393,0
32175071,0
56099031,0
143753590,0
43864216,0
143485078,0
106243686,0
80428493,0
98716257,0
82537568,0
112891920,0
109556034,0
42563451,0
118092442,0
162098953,0
145195579,0
132589311,0
91859320,0
108412314,0
34458325,0
156120441,0
64865183,0
121229979,0
125157351,0
80104138,0
77111280,0
78295908,0
43023414,0
152898943,0
74982475,0
204131347,0
207404532,0
43556323,0
144294267,0
57954240,0
66033666,0
72024802,0
139239450,0
192218587,0
71842303,0
89275863,0
144793925,0
105882686,0
148053451,0
137158148,0
152802201,0
121652349,0
76022652,0
44904413,0
81976787,0
78237757,0
109008764,0
43258587,0
96089097,0
112808236,0
41852386,0
193619320,0
44846774,0
104632483,0
89892269,0
62990265,0
109140385,0
75885652,0
92452691,0
82191777,0
84688234,0
31656433,0
88476681,0
76544577,0
59770375,0
64072970,0
87924319,0
41907813,0
58503128,0
100609909,0
74903262,0
196494751,0
32015124,0
97687480,0
90701981,0
118524188,0
96556670,0
140011697,0
138820091,0
81564070,0
99158672,0
178013187,0
35355008,0
133153181,0
114727193,0
41079605,0
117283065,0
167046754,0
93304862,0
83735383,0
39715784,0
34698956,0
118088218,0
83522249,0
33557793,0
195165562,0
96042108,0
95669511,0
145579269,0
126739409,0
149026929,0
118679545,0
95347436,0
82788690,0
67169874,0
56159502,0
156978435,0
71834585,0
91433062,0
39981760,0
166086540,0
116679124,0
135092993,0
36961099,0
83949306,0
64139146,0
87573958,0
84156519,0
185176072,0
58610549,0
82846970,0
79677446,0
63261699,0
130202258,0
117040826,0
102864827,0
90221637,0
103631439,0
65806201,0
79624367,0
84682549,0
164471873,0
110509576,0
72545986,0
34671864,0
55903336,0
119727233,0
41593614,0
132177512,0
36424972,0
102938839,0
103843211,0
36245898,0
41173199,0
157414533,0
184555984,0
77539275,0
145577187,0
101790264,0
65054808,0
36329868,0
139068183,0
38441085,0
31575256,0
77820105,0
85057012,0
101675984,0
120062217,0
155252962,0
105565230,0
114723620,0
31674771,0
31456988,0
82581863,0
39851106,0
145267015,0
142413150,0
121883179,0
165444305,0
86069248,0
181174796,0
139933501,0
86697814,0
130506361,0
109756831,0
174079222,0
60211270,0
73924838,0
115942970,0
156853446,0
93965721,0
127139750,0
66103424,0
125604069,0
112418476,0
127408835,0
120889231,0
40651353,0
59148057,0
34714964,0
99824466,0
57045792,0
44434708,0
129441805,0
110165077,0
206145871,0
76515610,0
180329494,0
123475867,0
66725703,0
146735454,0
44003949,0
84831945,0
87602787,0
120027703,0
60206079,0
41742478,0
192638193,0
32117817,0
57088538,0
125590972,0
82822928,0
159461904,0
116676687,0
67410002,0
194557456,0
78904103,0
115155524,0
75278889,0
90575443,0
152173024,0
198678430,0
67880930,0
82565470,0
116179436,0
83938746,0
87560703,0
59560113,0
35635729,0
58913812,0
144794438,0
96824866,0
106900636,0
71050612,0
37759806,0
66842924,0
36897765,0
34589433,0
115728751,0
154211719,0
80702779,0
142205789,0
114482664,0
84695172,0
112101602,0
91722982,0
87451506,0
109424877,0
63643465,0
132171738,0
75461437,0
108321159,0
44740429,0
75156753,0
105060182,0
100682549,0
111825638,0
160685705,0
102604645,0
78504493,0
87097533,0
78233819,0
69769646,0
80253081,0
148963359,0
88716908,0
35068750,0
66784298,0
173393561,0
103477394,0
126713669,0
98732651,0
101910298,0
35280236,0
83324580,0
77519911,0
67235241,0
83372941,0
78188290,0
138792762,0
76536405,0
177233774,0
67230326,0
80802235,0
118169326,0
75351766,0
96456750,0
107049796,0
77162049,0
73806956,0
139575550,0
100778965,0
42501806,0
118133588,0
82701818,0
122255461,0
140380712,0
125126992,0
45115040,0
78466278,0
85959478,0
33781625,0
95330292,0
121679313,0
94446844,0
32145808,0
84361106,0
127926792,0
77770520,0
136206570,0
87609726,0
33422194,0
32586505,0
112484572,0
205636777,0
113579171,0
118118636,0
44341302,0
32777512,0
38882799,0
35552400,0
85073899,0
44372717,0
77093899,0
176984606,0
121517293,0
142590349,0
102797822,0
108043793,0
33375373,0
31577782,0
127593643,0
118362533,0
68890067,0
204068024,0
137124710,0
110551689,0
38517999,0
55796695,0
158588316,0
90918945,0
177657733,0
33171230,0
116478475,0
101580357,0
58909341,0
106350238,0
135639463,0
98887702,0
74090223,0
110856680,0
38771125,0
100945564,0
132037097,0
164804232,0
34779936,0
33612875,0
64844418,0
96183204,0
83639963,0
159746060,0
140999901,0
108392092,0
42739851,0
56490913,0
58787264,0
34141876,0
180842615,0
75911225,0
40257951,0
119542859,0
78311088,0
95743454,0
65325373,0
177273440,0
143888014,0
80719390,0
63921600,0
118538321,0
92543205,0
109736638,0
87408889,0
38738417,0
83527618,0
129072258,0
115537566,0
192417706,0
151161537,0
74504895,0
120048153,0
78345079,0
62085893,0
38733907,0
96192689,0
133320777,0
148325536,0
129622212,0
73183256,0
140982028,0
93755637,0
157359076,0
161217094,0
33661769,0
67458304,0
68555024,0
105190649,0
63809254,0
133168380,0
112203772,0
134931733,0
88352877,0
92669408,0
67159047,0
74015530,0
118033876,0
96892049,0
121074306,0
104682275,0
41623095,0
84805771,0
78615990,0
128973927,0
75961787,0
91876898,0
95483863,0
95845476,0
110731790,0
77497329,0
94283650,0
113406413,0
119344944,0
60375066,0
139823632,0
107517339,0
140850485,0
82378756,0
166085385,0
115822788,0
212637682,0
126308009,0
159569177,0
88086062,0
42186491,0
150202903,0
150234900,0
136650288,0
62604018,0
83399234,0
77384707,0
112670772,0
78022629,0
192364035,0
87075020,0
36189542,0
60881722,0
75575628,0
99149652,0
31465269,0
180528554,0
62440735,0
67384104,0
89185595,0
125050246,0
81791397,0
113809241,0
75472442,0
59883984,0
38376429,0
78234737,0
63351838,0
84706009,0
39893565,0
136895656,0
76142381,0
131764410,0
136897245,0
66483897,0
46223465,0
81423616,0
65263846,0
157286722,0
144217688,0
32329017,0
39110876,0
138275239,0
126126724,0
90146993,0
39591930,0
103750121,0
129091622,0
63978913,0
42758603,0
43461457,0
77781653,0
60250166,0
42082545,0
109443599,0
113499720,0
31272091,0
135285638,0
67053758,0
176077195,0
32190477,0
67086160,0
57916291,0
90939868,0
82837525,0
81484047,0
192996154,0
74129297,0
140533790,0
35018425,0
86380299,0
38054552,0
85988100,0
39002863,0
116671633,0
159662415,0
56536304,0
95234143,0
91735694,0
33949221,0
82279073,0
93850118,0
41900707,0
77223142,0
129400225,0
130167419,0
67532612,0
83402402,0
32102411,0
176672006,0
118002480,0
174979517,0
97237643,0
92452543,0
127058553,0
44855647,0
103155378,0
76660959,0
119428362,0
87233299,0
77389800,0
124727155,0
173465510,0
91829544,0
128243428,0
74797825,0
64999805,0
66811815,0
98969610,0
127097508,0
75668274,0
33365227,0
36749692,0
90288563,0
142059097,0
80651773,0
147383838,0
75079937,0
83221571,0
61870321,0
55678388,0
37499268,0
74945553,0
83500230,0
116080612,0
206962630,0
130457210,0
35149819,0
68337320,0
85104810,0
131912572,0
33589750,0
208068904,0
86524345,0
39057955,0
93040722,0
95674090,0
113749550,0
107736651,0
75993537,0
76052143,0
178113649,0
75748445,0
43457085,0
196432385,0
56988706,0
124474917,0
88706446,0
78605261,0
89133237,0
72965098,0
106603936,0
143287528,0
117316168,0
146738287,0
144256683,0
82294677,0
66047325,0
106356713,0
150186292,0
105009147,0
169512822,0
72358108,0
59649700,0
115760797,0
40385141,0
131655341,0
78786082,0
80931744,0
97166404,0
82880182,0
161905026,0
35108071,0
74589971,0
116192652,0
162845934,0
66424137,0
74589991,0
84896325,0
32846786,0
72489956,0
119803407,0
33065724,0
84327826,0
63258323,0
133048603,0
121832676,0
151269609,0
34095291,0
106326008,0
45631733,0
83430629,0
82439760,0
64164007,0
83599261,0
63917978,0
67606634,0
108233981,0
169529364,0
103326488,0
113057513,0
56444378,0
109928888,0
43779307,0
138790265,0
72295120,0
78751075,0
61251566,0
59948917,0
38785959,0
121202877,0
98278235,0
51460840,0
152567640,0
151908192,0
102249526,0
127844755,0
64059468,0
62837266,0
73832834,0
88419497,0
192353603,0
43640304,0
66124703,0
101234280,0
39382596,0
83669000,0
99786271,0
93959335,0
103025327,0
122951011,0
35439295,0
37909360,0
69056755,0
123807831,0
97296495,0
144648941,0
96334169,0
99387262,0
143255817,0
119464188,0
66544921,0
112317085,0
88043672,0
98763365,0
130737112,0
38162101,0
95693405,0
87759753,0
102304342,0
84990718,0
117292737,0
39897207,0
103042697,0
67203303,0
87474926,0
164067643,0
144748229,0
132313120,0
156521867,0
84251652,0
91542121,0
33300334,0
37285088,0
95201612,0
64188839,0
116263051,0
96565128,0
154420984,0
113285185,0
134000289,0
164434033,0
104003651,0
122115559,0
100730338,0
59042176,0
177721875,0
157790773,0
180361274,0
77652687,0
60254430,0
33145589,0
84652841,0
63187213,0
121193521,0
180447850,0
167203828,0
78218215,0
72411374,0
38902469,0
87847080,0
90379433,0
83537468,0
62529798,0
132731818,0
31871936,0
77330316,0
59246418,0
37782230,0
108323093,0
129999902,0
115793100,0
147688769,0
92769555,0
41942781,0
40850196,0
132668692,0
78090739,0
136527372,0
63915866,0
39605294,0
111653571,0
161945294,0
75723327,0
74540939,0
87468501,0
129949458,0
110970822,0
66701265,0
117791725,0
34510772,0
76226874,0
59783127,0
60400954,0
95725975,0
34455394,0
103495613,0
81868251,0
144472147,0
43623180,0
114328224,0
102039511,0
76106672,0
38890438,0
78241616,0
41557867,0
57155374,0
111043077,0
117103123,0
147570847,0
78056028,0
109842371,0
162731684,0
62211079,0
124878377,0
120294015,0
75126492,0
107168784,0
135051550,0
73020358,0
76545475,0
125797849,0
152599499,0
204053782,0
55726878,0
117265616,0
103608847,0
33310993,0
115614658,0
104189190,0
134755965,0
33231138,0
68820477,0
42176829,0
136511689,0
61659714,0
126932024,0
88824930,0
74779447,0
97668796,0
85363394,0
85262586,0
75533416,0
84939011,0
34962563,0
164622503,0
132798093,0
82991333,0
83683844,0
65327476,0
97015833,0
79851911,0
115349304,0
80819250,0
108580927,0
43808620,0
43781192,0
88661717,0
63944300,0
93771152,0
137110567,0
80018204,0
74959114,0
61921258,0
71933478,0
160462790,0
115671181,0
91622736,0
97074399,0
58103212,0
67494278,0
119333712,0
88816048,0
77773303,0
107863949,0
114828959,0
36862077,0
80372779,0
44611285,0
103998331,0
32353020,0
72354446,0
56574795,0
83457445,0
70716329,0
175314393,0
109240058,0
179910934,0
112976404,0
104172411,0
73665297,0
56570403,0
144508921,0
57753690,0
87012782,0
102913840,0
57570638,0
83829351,0
145837152,0
63917771,0
95808544,0
87879403,0
63113526,0
95967790,0
133168114,0
84214819,0
66633461,0
127987924,0
121521517,0
109970261,0
38273341,0
99345336,0
204966059,0
81337424,0
127090915,0
84269319,0
98842065,0
149681560,0
92727895,0
107377368,0
84342067,0
116437329,0
41750008,0
101228802,0
41240391,0
35542461,0
35452352,0
85532203,0
83342760,0
152776994,0
101418812,0
83300577,0
150217263,0
78582867,0
118527751,0
40016501,0
66098233,0
80645249,0
139978289,0
77462085,0
115580835,0
126622445,0
64073631,0
41020763,0
42191574,0
56308553,0
103511296,0
108963739,0
33486090,0
203780729,0
64513727,0
106737097,0
96275129,0
63269653,0
59539900,0
88036576,0
144179996,0
114675841,0
103919582,0
85600383,0
81536810,0
123491026,0
64318101,0
135055350,0
122515199,0
56917251,0
133365753,0
94593033,0
38800033,0
162593983,0
152888412,0
72366734,0
66336554,0
58864158,0
144107672,0
114125009,0
118564604,0
146653783,0
84712632,0
90081588,0
78190600,0
173577885,0
77212473,0
72393214,0
113397669,0
145146053,0
141940070,0
85799127,0
56318087,0
67535780,0
66714955,0
81448803,0
55953869,0
75296279,0
119870175,0
32767583,0
64957829,0
123978762,0
38084427,0
75562423,0
31647087,0
116126851,0
185636666,0
176223146,0
195540922,0
139672025,0
113796499,0
78262302,0
112551034,0
103957965,0
110050817,0
99030752,0
36178350,0
78722078,0
32097002,0
59295095,0
194739984,0
163098340,0
117307907,0
84473649,0
110388199,0
31665049,0
113861609,0
154862658,0
72061072,0
59765865,0
81369520,0
38068162,0
119925740,0
145623831,0
113375738,0
43882316,0
194710514,0
56118464,0
87863680,0
63361836,0
85852255,0
72940948,0
107115715,0
113382706,0
63916330,0
90695260,0
78453023,0
78537467,0
115676274,0
67478023,0
64378711,0
107420330,0
162782769,0
33086164,0
171803775,0
78431132,0
66320230,0
31942523,0
102814295,0
130820550,0
60574610,0
94678770,0
31237242,0
82403756,0
92135117,0
184407417,0
105711408,0
145301904,0
104316508,0
40857441,0
96080580,0
116414649,0
58587760,0
83815149,0
81436772,0
131829509,0
203834351,0
79678877,0
74668503,0
78829469,0
41787138,0
78604965,0
154268360,0
86871450,0
61675633,0
81326439,0
114918456,0
89784503,0
105868542,0
73533430,0
77487608,0
119348073,0
79191644,0
74990371,0
116820270,0
135923096,0
37186708,0
65275621,0
124626228,0
78587249,0
78451601,0
82851649,0
78333758,0
75969712,0
90732370,0
112147052,0
127163220,0
90895435,0
73478387,0
154392944,0
95679074,0
100387517,0
63916014,0
72333335,0
75654408,0
98983813,0
83751381,0
45188203,0
120890346,0
79442658,0
103436484,0
45579000,0
76698118,0
107585538,0
115921376,0
82216224,0
40587408,0
121821158,0
62178638,0
62510118,0
40151882,0
66476663,0
124588053,0
45684249,0
68517144,0
108149289,0
91608109,0
33230003,0
135393522,0
203780877,0
101929623,0
34954223,0
104028365,0
162964616,0
55986113,0
164481742,0
189902171,0
63569768,0
60751345,0
161448892,0
131310319,0
103902754,0
32556442,0
103776246,0
62521350,0
34409105,0
154887599,0
33543955,0
86998106,0
119212770,0
108232747,0
81156110,0
83243304,0
77471254,0
78879093,0
149545992,0
59018775,0
95827365,0
125804955,0
102690066,0
66756673,0
59463431,0
90220216,0
67153915,0
38594252,0
155058610,0
78678247,0
177372728,0
84017920,0
192202213,0
86911194,0
82820688,0
98847740,0
94562467,0
135799005,0
143860942,0
75329915,0
151462313,0
135075642,0
89468922,0
92088848,0
115128708,0
123864236,0
83398494,0
115214751,0
156238313,0
196242839,0
85275890,0
115623560,0
160170285,0
192459020,0
138648083,0
39485023,0
72535060,0
86573792,0
74533744,0
40778701,0
79751093,0
97389704,0
85434445,0
88775948,0
63928676,0
212518645,0
73953855,0
67192555,0
76460892,0
90027038,0
45589659,0
65754869,0
159620795,0
122258727,0
77802379,0
92159860,0
116103490,0
103849241,0
121129566,0
43504814,0
71388548,0
78237776,0
82655697,0
134489861,0
79557915,0
64240615,0
90909786,0
72209807,0
85296428,0
94728503,0
160151138,0
42731047,0
43600046,0
111493634,0
113313264,0
161073640,0
154906045,0
61111398,0
81507418,0
83918987,0
193357065,0
164606573,0
120644356,0
101582312,0
43690343,0
77620433,0
67211040,0
75243072,0
151133517,0
145257027,0
43907296,0
58577703,0
146622269,0
59465266,0
148113942,0
118122337,0
104025117,0
61073015,0
63292857,0
147391358,0
75574612,0
154563984,0
171215793,0
135876373,0
40957844,0
113512294,0
135395072,0
85935229,0
37387278,0
96687008,0
41189800,0
135058676,0
97673336,0
96549267,0
41170514,0
95757074,0
184804826,0
61585721,0
64254709,0
83513810,0
63115855,0
77406746,0
42530437,0
109554968,0
128824106,0
39504259,0
116171165,0
66029224,0
60437442,0
108129629,0
69999736,0
135752085,0
68149896,0
92263540,0
42710814,0
78908386,0
138453583,0
114791681,0
102299921,0
115431666,0
133986699,0
93519121,0
71300363,0
55845096,0
78808861,0
113612313,0
99020241,0
134009912,0
31804053,0
84133434,0
102790302,0
36031303,0
72739085,0
36596160,0
146699953,0
140250029,0
95661289,0
156544528,0
76840892,0
107279116,0
89230719,0
98127328,0
63425356,0
117991653,0
178772159,0
131918148,0
32931102,0
95881885,0
121965373,0
61473119,0
75237190,0
79891389,0
43079562,0
86680542,0
192917384,0
99020735,0
123008403,0
57745981,0
131143345,0
118130430,0
123557222,0
119543994,0
84673716,0
75772221,0
83787021,0
80342312,0
149091309,0
38784626,0
61773352,0
69117611,0
113699876,0
105579077,0
174520176,0
76451615,0
64037528,0
165808563,0
161742819,0
116055592,0
65769595,0
148438168,0
74960199,0
84704341,0
118354598,0
75930006,0
137266595,0
112916969,0
85943164,0
81588892,0
146490935,0
32655750,0
82464030,0
160152046,0
123792819,0
130210381,0
115059957,0
90142720,0
111356348,0
141013650,0
116826517,0
134143369,0
147065158,0
90934785,0
61080141,0
119596125,0
110581811,0
100815581,0
66990701,0
132367581,0
160947783,0
76869376,0
91317035,0
63039978,0
88977890,0
103183803,0
75515838,0
80268369,0
44170084,0
83935223,0
82318947,0
106030591,0
60902449,0
62611755,0
38429163,0
150825921,0
117420499,0
33993802,0
110433747,0
99448701,0
164409823,0
128184487,0
75967175,0
159889682,0
80694913,0
44811007,0
98542523,0
36300704,0
74233214,0
75683207,0
44402573,0
76646895,0
141297648,0
71745373,0
78619049,0
89063331,0
107949144,0
194131711,0
110363348,0
109564324,0
70250326,0
158899613,0
31742052,0
79865333,0
127797589,0
87949230,0
78415528,0
62580301,0
87683165,0
59384474,0
95934273,0
145025476,0
175596989,0
74781609,0
152203550,0
34076480,0
78212431,0
88130880,0
144876544,0
152932361,0
43628273,0
35844333,0
40536886,0
81094879,0
61915248,0
74415664,0
40309243,0
85348747,0
80594747,0
74832260,0
77911724,0
44234859,0
62975125,0
126887493,0
101033443,0
116935241,0
60367388,0
85560677,0
102498655,0
62490093,0
67264524,0
129218585,0
60953465,0
85547620,0
107394975,0
65213442,0
97413904,0
79089326,0
131293501,0
78957399,0
39976026,0
162647536,0
116273503,0
44758905,0
74891033,0
42311520,0
60388696,0
59760841,0
72406341,0
83392463,0
118333507,0
63920801,0
37820652,0
76240494,0
145666714,0
83050472,0
155352082,0
44621283,0
73022036,0
160551715,0
154874867,0
71641940,0
121700601,0
143212894,0
35956876,0
64034400,0
88338359,0
144061709,0
100519266,0
42149520,0
73802426,0
180219053,0
67113598,0
139750321,0
90271272,0
73799396,0
106483261,0
86940675,0
34464642,0
65489367,0
105644897,0
76284315,0
77601286,0
31594028,0
63534415,0
176461665,0
61187236,0
131647603,0
177028950,0
128234546,0
88200856,0
76690045,0
155158026,0
161253227,0
38636898,0
66704128,0
96799393,0
60131455,0
113501220,0
121267365,0
124498289,0
107200515,0
86840311,0
107033471,0
111101268,0
38923650,0
88251951,0
72764222,0
72153412,0
98616446,0
61708282,0
66380987,0
58165637,0
128256377,0
119638417,0
78312805,0
137041993,0
140321781,0
89282919,0
66755163,0
116056984,0
83035006,0
148285821,0
92620129,0
39132994,0
194989843,0
99151556,0
66450084,0
63725580,0
159346153,0
96450354,0
163025324,0
97730156,0
90371458,0
71351793,0
125493006,0
56296295,0
40593310,0
72099268,0
91254896,0
69778075,0
180863805,0
66850839,0
77787456,0
64645575,0
93744059,0
150915152,0
60670483,0
191772777,0
106174283,0
76878841,0
83159482,0
100831965,0
99631663,0
73292927,0
62570668,0
96869043,0
86124024,0
135810256,0
100400140,0
102663270,0
96789128,0
58864553,0
98816187,0
108644457,0
38804770,0
61521865,0
98826037,0
91748050,0
62881600,0
95652880,0
131052554,0
94083564,0
39661314,0
86078664,0
112409998,0
113038642,0
73789516,0
61335053,0
76739571,0
88631407,0
66365452,0
108151471,0
140849972,0
142361670,0
72991036,0
102363017,0
88194026,0
80181654,0
125820638,0
61583915,0
84838489,0
96945650,0
153906620,0
85839859,0
75071499,0
63262843,0
67687979,0
82213322,0
39972601,0
60668993,0
158553505,0
85038970,0
64365071,0
109013867,0
39559657,0
80570438,0
184806711,0
66472350,0
108542948,0
77139586,0
59170382,0
59570723,0
132612663,0
140982936,0
94633617,0
40963233,0
33035168,0
113473734,0
81932483,0
95400949,0
90968075,0
129594409,0
60264675,0
78140215,0
45363162,0
111400525,0
151890674,0
84339985,0
33631450,0
99061713,0
115610750,0
125796724,0
83231480,0
75661336,0
85540553,0
112505822,0
61075236,0
126735047,0
34471521,0
75490671,0
63917139,0
43793845,0
39462747,0
75346989,0
114953967,0
147367434,0
40534231,0
39337709,0
164977048,0
35759553,0
63760489,0
62717686,0
75490977,0
72347863,0
106248650,0
63877572,0
102497224,0
35701579,0
59663586,0
77947196,0
198908629,0
67010974,0
110029992,0
33569834,0
56854036,0
90620399,0
87646253,0
129638359,0
155170501,0
67267307,0
112545290,0
90320353,0
177551220,0
33206731,0
143214739,0
34110718,0
82191165,0
129873966,0
73474123,0
135208595,0
206122964,0
65756675,0
62201180,0
34130842,0
75427209,0
117517340,0
89867694,0
114858913,0
38991632,0
65404281,0
179738739,0
158703425,0
83270475,0
112702236,0
116495935,0
129983193,0
60344372,0
39675733,0
130416370,0
204106179,0
111199954,0
95891853,0
121842694,0
85769992,0
81594715,0
183191383,0
176197683,0
165759323,0
151633581,0
76299445,0
98764125,0
62896770,0
66905833,0
137925865,0
60351172,0
107034281,0
78806335,0
78781049,0
70952716,0
102845019,0
103844208,0
139975940,0
130650536,0
86931338,0
88960292,0
81745898,0
180271688,0
130731378,0
43582103,0
207335464,0
72074564,0
106796571,0
159752139,0
124390937,0
41848221,0
206775690,0
89267780,0
88101863,0
85889690,0
78070516,0
128190261,0
125780370,0
88094195,0
130896664,0
71781003,0
32401845,0
88595669,0
38572588,0
100957802,0
94923645,0
66167507,0
119337581,0
151972226,0
58926820,0
58572659,0
33052765,0
34742313,0
114008331,0
86558948,0
55240405,0
60881555,0
75437938,0
154824167,0
194600211,0
87670887,0
87565914,0
145183429,0
125212246,0
119222235,0
92711620,0
43881714,0
107812953,0
60195499,0
66673334,0
79659710,0
86781774,0
110152849,0
67080465,0
74097606,0
206193611,0
85382718,0
80086087,0
103963985,0
165707735,0
42081045,0
78438169,0
90138624,0
80007308,0
162511384,0
72327838,0
195197115,0
161086786,0
74751211,0
56092033,0
67997589,0
82507742,0
115694700,0
101634917,0
94313684,0
134068518,0
174044135,0
112994298,0
38558425,0
111803668,0
91397196,0
103014391,0
72656308,0
128623250,0
57779203,0
88436769,0
88059434,0
120828711,0
61935707,0
88697830,0
62602587,0
137107497,0
34928286,0
130033538,0
43677167,0
123783739,0
125947344,0
38486604,0
103482230,0
83611588,0
58399270,0
85612493,0
193918044,0
42436577,0
140041257,0
146448446,0
115878907,0
130012713,0
176322139,0
43782505,0
37158787,0
177797546,0
80936343,0
103640884,0
93986003,0
39370772,0
83911822,0
80723180,0
43952677,0
77316794,0
113591182,0
76139242,0
86560054,0
32658030,0
149770940,0
173425341,0
79687414,0
31559020,0
66701256,0
90505142,0
36489963,0
129255665,0
79423560,0
115294310,0
135020145,0
129599226,0
62200864,0
117980747,0
34101332,0
66893989,0
64544935,0
67210823,0
125412806,0
138128646,0
108246702,0
78506713,0
156656439,0
72766413,0
37628945,0
123896233,0
74894971,0
82307873,0
72355562,0
56389562,0
154045771,0
94648964,0
176807269,0
103896655,0
90154563,0
94062611,0
35540201,0
117698852,0
111902878,0
136577500,0
81937871,0
75098709,0
83175293,0
62350833,0
131513327,0
90489646,0
41726213,0
95627772,0
56418638,0
85388759,0
136134216,0
76725783,0
124464002,0
38045038,0
66193741,0
73541918,0
126092249,0
145542604,0
45582593,0
151672378,0
115656939,0
192969121,0
97014136,0
79459308,0
208432047,0
134385826,0
111184933,0
129569577,0
79144823,0
62416870,0
55948105,0
127235515,0
76878416,0
92566685,0
198732930,0
156168417,0
111186660,0
75125851,0
129243298,0
193865133,0
163910332,0
152882214,0
159715543,0
60864007,0
175756798,0
120902535,0
121849010,0
32520280,0
137444179,0
145617534,0
63326423,0
166289785,0
98789835,0
105669966,0
80348233,0
88647228,0
79855493,0
66462204,0
108984742,0
147660305,0
79506336,0
178060778,0
118322670,0
37127115,0
78078116,0
110886910,0
116184085,0
122333776,0
85092601,0
73888163,0
112025991,0
45337728,0
112916812,0
87574540,0
130818240,0
78439590,0
115781316,0
135842560,0
139502663,0
89822905,0
85789573,0
37970512,0
72881799,0
41085034,0
107805709,0
89825284,0
74951968,0
64197011,0
177051956,0
96737856,0
58188505,0
35539116,0
143698419,0
178481608,0
82957352,0
112799679,0
91437543,0
163535316,0
121084837,0
96102263,0
70569459,0
73690860,0
79133700,0
37078734,0
66322815,0
56584438,0
139306248,0
39077971,0
61220368,0
74430458,0
108244452,0
43081605,0
76082660,0
31242620,0
88176734,0
106833997,0
71747179,0
61499027,0
77655934,0
203990853,0
99212343,0
96253979,0
163827151,0
180166359,0
166348519,0
86913534,0
31205609,0
71806851,0
141067498,0
100595292,0
164363386,0
106292649,0
32062094,0
85933324,0
139949134,0
75245095,0
143135703,0
135867007,0
62712297,0
166922959,0
86870670,0
113695553,0
137405451,0
115219943,0
122606966,0
76720947,0
107358616,0
77476100,0
44196022,0
181108314,0
97087171,0
77523898,0
32504538,0
78349066,0
112898207,0
43299526,0
136057697,0
84483065,0
159379779,0
124529210,0
85840066,0
173326072,0
180035212,0
45028503,0
84828649,0
89013993,0
134989905,0
33896192,0
156179629,0
75515128,0
98875523,0
58724178,0
65491252,0
93838038,0
140568392,0
73909136,0
80821876,0
73795418,0
94519652,0
72496075,0
78233848,0
93294538,0
77450962,0
77241164,0
151882531,0
82430907,0
112580495,0
44463784,0
203377773,0
147538208,0
115909572,0
161048620,0
107912074,0
163985716,0
88922008,0
42822212,0
108354311,0
76556174,0
109465658,0
78237352,0
64312999,0
119196387,0
102551892,0
41589045,0
160486606,0
78139781,0
66853899,0
93474244,0
98782325,0
83565655,0
73473521,0
142940542,0
111661970,0
98115534,0
91558781,0
111709868,0
165356268,0
72437292,0
40627509,0
39225610,0
95870278,0
108619053,0
205581478,0
88779283,0
82392870,0
90500848,0
65228484,0
92427109,0
91740619,0
61447409,0
62265569,0
33511879,0
35868267,0
167093368,0
38479626,0
126877061,0
135852478,0
75033412,0
98747663,0
95220760,0
110195742,0
87487500,0
36627615,0
42254128,0
91580662,0
69048484,0
35517689,0
69898415,0
72005151,0
107777551,0
64155825,0
34948153,0
72137177,0
109761914,0
78955948,0
148315795,0
113784054,0
136717401,0
35632541,0
60537165,0
121931520,0
63326394,0
181251611,0
83919836,0
78987807,0
63625186,0
161417556,0
169464511,0
118292242,0
81281858,0
44469193,0
104824960,0
61476662,0
149381051,0
36518427,0
122426767,0
87993031,0
153847964,0
42217097,0
89091577,0
183442101,0
31363355,0
60420990,0
113931506,0
40669662,0
118153169,0
126079330,0
100201110,0
82246553,0
92387601,0
117919467,0
95822164,0
108278848,0
102066356,0
82389603,0
56865415,0
110829528,0
77461414,0
150339330,0
56515321,0
34810611,0
131688305,0
81981386,0
40206698,0
63652426,0
61257596,0
127555241,0
102260077,0
65129896,0
59698268,0
112234249,0
208293665,0
83140512,0
195560938,0
62481200,0
195216568,0
73093166,0
95738183,0
92307213,0
62646990,0
80566786,0
36409733,0
82151943,0
34178166,0
85990538,0
116398581,0
127202106,0
88401159,0
90505971,0
90557401,0
35712554,0
59401884,0
203710685,0
61937356,0
81112615,0
37015559,0
65075041,0
88887820,0
35794472,0
37499170,0
61546045,0
143156706,0
42573074,0
173979095,0
109825809,0
163169667,0
74657262,0
83243620,0
57068591,0
102923522,0
74186334,0
109260903,0
44469587,0
132702940,0
37207010,0
77238598,0
126586628,0
157636787,0
72766404,0
120191489,0
39788602,0
75466846,0
88885846,0
87525192,0
91980174,0
76037822,0
140448625,0
114282064,0
40986792,0
108145342,0
112228890,0
116134529,0
43773435,0
66557712,0
61884543,0
60725013,0
35223604,0
146248468,0
78022718,0
34322006,0
143532481,0
112970334,0
36544483,0
155949312,0
119802844,0
104240137,0
35848834,0
140446503,0
64623428,0
104843554,0
93856810,0
122639359,0
89684494,0
56578595,0
184536640,0
115720095,0
82123114,0
38909299,0
102031497,0
120074890,0
67478684,0
137188162,0
109524698,0
75134279,0
138791045,0
75114590,0
108855519,0
80813496,0
37672993,0
44696134,0
143893867,0
93401930,0
39432507,0
121560028,0
72285102,0
92898629,0
75523912,0
104886803,0
79765266,0
67429366,0
86040271,0
117716311,0
97615688,0
32440119,0
116196777,0
118287909,0
88638365,0
200151844,0
148413810,0
86933766,0
43362998,0
76571126,0
191637504,0
74940904,0
35172884,0
160924698,0
39770560,0
60003831,0
40317445,0
72159127,0
38950613,0
117948148,0
107463944,0
120407298,0
84020960,0
114642344,0
78304446,0
105885646,0
61118534,0
39129855,0
90898968,0
93190237,0
81491479,0
132439757,0
74552980,0
137019885,0
75117481,0
116089652,0
76127300,0
116799346,0
135904856,0
75450679,0
72437242,0
109284768,0
64817286,0
164689438,0
76000031,0
120069422,0
89259094,0
63879575,0
178035255,0
59756745,0
66195192,0
74585066,0
33118398,0
40142339,0
67079251,0
116843670,0
39085176,0
176646325,0
68387991,0
121111129,0
76877133,0
41281172,0
89256538,0
43051641,0
147371076,0
89688570,0
39613653,0
98871417,0
104373169,0
106442667,0
73939021,0
65285698,0
100057645,0
194526080,0
73196175,0
152088017,0
35341289,0
120090800,0
124615786,0
66208170,0
41279327,0
64842118,0
69698477,0
41429286,0
179545640,0
77809149,0
78022826,0
83438071,0
89891844,0
55990761,0
86065725,0
157706911,0
77599272,0
185735116,0
75169623,0
77512292,0
116883228,0
37953320,0
99115572,0
98106207,0
173582494,0
142078728,0
107299359,0
136883299,0
118548743,0
137087087,0
88182784,0
110442541,0
86033441,0
75779002,0
40812554,0
60107393,0
125110184,0
139928961,0
61420761,0
75477189,0
81308299,0
105707056,0
77821546,0
144721226,0
116266535,0
104071741,0
45594653,0
103796508,0
143709966,0
35690170,0
129660249,0
74720704,0
137391081,0
97466361,0
31914908,0
60882147,0
141129519,0
94752190,0
44414505,0
144172377,0
41133345,0
65531411,0
131506912,0
124397796,0
39389594,0
74518110,0
33937575,0
34054431,0
43713230,0
73443774,0
117275623,0
144569224,0
63993845,0
133547393,0
75449988,0
122843807,0
127498372,0
106036957,0
65990762,0
118047703,0
160107879,0
113479063,0
82870312,0
33675350,0
162908577,0
106342639,0
135286072,0
129545091,0
93873193,0
94383866,0
140763436,0
63121639,0
114696528,0
67562803,0
96551972,0
43392646,0
56036961,0
61626019,0
134431877,0
57570608,0
125903217,0
164202107,0
74486587,0
44240346,0
39346868,0
139905885,0
84794500,0
107791043,0
61861073,0
61785423,0
75346772,0
142404307,0
161433673,0
121303202,0
80301264,0
87086104,0
78723953,0
78701618,0
107201531,0
121538019,0
58913516,0
111824335,0
124653873,0
87799696,0
96742376,0
89264829,0
75258005,0
103449532,0
32793155,0
98768695,0
64394778,0
77180485,0
65018172,0
154668198,0
72504158,0
80095256,0
43629615,0
75602276,0
83992427,0
75280004,0
84353980,0
44372826,0
108736797,0
114130072,0
63368951,0
115884078,0
59651012,0
87134455,0
72468993,0
84954180,0
102338609,0
113348123,0
117325820,0
156242054,0
34798205,0
78114791,0
116643021,0
83292030,0
64434415,0
137830091,0
63633694,0
64030797,0
32520517,0
78743317,0
120455610,0
68545608,0
57177453,0
32504953,0
76179865,0
108000466,0
84537555,0
93131966,0
136047117,0
105029004,0
139596513,0
138551282,0
127915126,0
130408138,0
173596598,0
92715005,0
119489978,0
75840795,0
130400045,0
67290175,0
45606842,0
176821422,0
142627685,0
94339483,0
136172560,0
128700954,0
112997979,0
80569776,0
64041792,0
95236985,0
147161722,0
100680694,0
153053382,0
44796785,0
87438004,0
163164515,0
76723345,0
60518679,0
82416774,0
45408157,0
125950384,0
60103968,0
88241805,0
76029166,0
79126406,0
110307209,0
65038069,0
137775571,0
108378264,0
98731111,0
90705899,0
140301133,0
89813944,0
120115395,0
83077544,0
44233408,0
84375969,0
43821293,0
41090344,0
102839699,0
97617060,0
83217584,0
38739917,0
61392080,0
32009627,0
92727698,0
129101807,0
121061495,0
115663315,0
117486270,0
85346744,0
174237086,0
158811221,0
88856681,0
56100896,0
159364224,0
135162317,0
62854242,0
140227230,0
85998315,0
42055759,0
31620330,0
166337573,0
82138343,0
58542616,0
79195118,0
77845164,0
129648880,0
87121526,0
84272467,0
83974573,0
204838020,0
137055208,0
42275130,0
131719769,0
39463093,0
89214878,0
83158524,0
144530348,0
59221468,0
97144789,0
145338589,0
75642673,0
136871436,0
32055856,0
83269271,0
167137830,0
111382364,0
110765475,0
157317831,0
56862524,0
66742856,0
97502415,0
78579551,0
146625260,0
98918417,0
39045816,0
144169347,0
76307164,0
117789484,0
81111578,0
106738923,0
115363023,0
156468009,0
80810891,0
35818425,0
32599158,0
100473965,0
40142970,0
40411966,0
110031186,0
150374999,0
91913791,0
44160096,0
77368363,0
201522584,0
76104945,0
99075560,0
107122308,0
133838615,0
114611985,0
115621705,0
67298978,0
78740978,0
103483651,0
77939349,0
81435390,0
43294996,0
67788353,0
90821887,0
97643964,0
114718034,0
112527031,0
59691172,0
126929715,0
50288805,0
74499407,0
146014736,0
148342689,0
78865572,0
144249853,0
116390508,0
121396775,0
116739892,0
78965571,0
85288562,0
33547114,0
100552172,0
142060223,0
155245056,0
93284264,0
96091851,0
38065665,0
40984808,0
66563002,0
115185893,0
97428057,0
107893005,0
133586743,0
64377359,0
34633520,0
114330632,0
106630446,0
115952356,0
76814787,0
111611359,0
93348486,0
84650956,0
34834535,0
84813094,0
87638564,0
120332605,0
108098214,0
125209127,0
112290704,0
115980277,0
62378112,0
81536553,0
155182365,0
78213714,0
121569553,0
87455868,0
148159105,0
109756969,0
99540873,0
83787100,0
86836333,0
84782824,0
87683205,0
84137984,0
73773301,0
103792767,0
32118360,0
111382759,0
35648333,0
81284385,0
89174986,0
76120776,0
74751260,0
42452685,0
56906404,0
87154668,0
138179613,0
179152919,0
115941845,0
120017656,0
74264925,0
35125668,0
107222465,0
61655539,0
127854714,0
44733175,0
57768662,0
156918507,0
75514506,0
94810066,0
39958093,0
115834543,0
95464026,0
34153463,0
129754455,0
34506479,0
32993903,0
137817911,0
115670046,0
113337533,0
165644056,0
80549179,0
58593840,0
78286207,0
100887373,0
34995567,0
102839058,0
136777389,0
83100846,0
90315073,0
91294769,0
113089382,0
111229790,0
73829133,0
118379608,0
160604843,0
148415251,0
116214789,0
85471486,0
136455896,0
92387611,0
103915535,0
140341658,0
132186789,0
73952967,0
37994871,0
112169623,0
104143336,0
44571639,0
78214080,0
98712379,0
62122342,0
79858287,0
131647109,0
127679430,0
96148374,0
108249772,0
85451914,0
64287437,0
59063268,0
134462345,0
78943858,0
86491756,0
37716113,0
82275550,0
35468943,0
120753504,0
38986045,0
62779835,0
73421400,0
90848712,0
195655242,0
102438539,0
56517107,0
125021407,0
88121573,0
91292351,0
80365791,0
88448227,0
42993766,0
77193247,0
119771242,0
106127985,0
127209192,0
162321849,0
154302331,0
194984375,0
129861866,0
82860472,0
194072089,0
104805497,0
31870308,0
178348842,0
135462451,0
113387690,0
104107696,0
60767176,0
59911590,0
73421666,0
63916369,0
205006564,0
72084226,0
56437302,0
113196615,0
130754907,0
56200332,0
38876483,0
83388871,0
73476097,0
102946952,0
38299910,0
166375186,0
102846341,0
84641304,0
77563505,0
41949157,0
77222421,0
180514332,0
90252559,0
37471663,0
139931260,0
62416130,0
75067571,0
130568983,0
33476724,0
61212482,0
108110571,0
90068994,0
113129620,0
39860453,0
75174794,0
96174558,0
127580546,0
196525396,0
37636851,0
155693146,0
65497272,0
98965001,0
158626511,0
45543233,0
127767773,0
117707241,0
76213195,0
103019543,0
76691417,0
103569408,0
133058028,0
67849574,0
36562090,0
62699338,0
130070134,0
116971077,0
106259477,0
160672312,0
39072967,0
59799392,0
113570663,0
84347802,0
76640855,0
78715317,0
61946347,0
135626060,0
127455923,0
140678557,0
108355663,0
114354132,0
92250867,0
63369761,0
61920370,0
152751757,0
78500318,0
66658974,0
86442220,0
44897810,0
102981121,0
108684607,0
111304296,0
119856752,0
196491020,0
91254294,0
133150092,0
84008593,0
71616151,0
92906545,0
77518460,0
35551097,0
148424637,0
125453173,0
79636211,0
96903961,0
73952927,0
131767321,0
59560814,0
32671236,0
101678007,0
86623821,0
93976291,0
67117605,0
55829472,0
59479627,0
93628565,0
166838860,0
108057492,0
102307007,0
111160970,0
59676792,0
38287643,0
132490704,0
94764488,0
66111172,0
77794394,0
85805295,0
72006178,0
58390467,0
78189031,0
89870970,0
36570558,0
44200197,0
99680834,0
122008049,0
81389950,0
132047381,0
136090563,0
71053070,0
70870403,0
150186282,0
83223565,0
100620963,0
75904326,0
150951453,0
38872140,0
78092289,0
111913379,0
154178961,0
148162727,0
92298932,0
155089748,0
98914133,0
162931968,0
105807509,0
78237925,0
93965563,0
203713951,0
34476219,0
72372360,0
59205410,0
86206090,0
157090307,0
194929737,0
83496065,0
113280319,0
140399099,0
136968484,0
31787087,0
31117977,0
87027794,0
41788302,0
83804973,0
42781678,0
44961785,0
146746636,0
131348455,0
80631649,0
176477111,0
128530308,0
102673090,0
83164545,0
98611778,0
45364001,0
132499665,0
64023365,0
138674050,0
78710965,0
194340729,0
69847873,0
128151187,0
62582907,0
78717568,0
33095293,0
80659708,0
81183429,0
74245650,0
82193662,0
87113590,0
75914432,0
75007011,0
38297048,0
119698384,0
96825962,0
77323348,0
75326480,0
87826205,0
101476233,0
128465396,0
118157354,0
116685737,0
39332962,0
35568744,0
114027438,0
139955105,0
77935855,0
180388524,0
41204002,0
39405938,0
111553069,0
82314722,0
40722217,0
144178644,0
125241845,0
78244863,0
45164102,0
44638022,0
65793893,0
140839945,0
102705423,0
64542793,0
83509527,0
95550039,0
65058371,0
73890650,0
57741629,0
87028998,0
72705923,0
122564764,0
89488474,0
141671439,0
82289012,0
88767391,0
131528378,0
75940804,0
75409957,0
63360977,0
136931611,0
42771946,0
76214863,0
74837234,0
143727988,0
67343796,0
119595434,0
110442531,0
90615316,0
61091461,0
33409216,0
79533340,0
81824766,0
207996600,0
35871850,0
178742629,0
45402660,0
59330369,0
88535672,0
121860637,0
37703757,0
103820205,0
74273472,0
122041882,0
35188468,0
80683573,0
113476596,0
75825744,0
84119064,0
160912311,0
64626714,0
37815244,0
62216646,0
106653018,0
135536355,0
90328219,0
134769753,0
76142193,0
133484869,0
88955160,0
92159949,0
122751684,0
148005899,0
62317158,0
57217257,0
41181450,0
88564886,0
57629283,0
82582070,0
110822442,0
64183608,0
57204574,0
124223677,0
77398929,0
101170305,0
119338173,0
34804778,0
36092041,0
59170471,0
116422238,0
125155960,0
34993159,0
78461915,0
47712799,0
72113134,0
83938430,0
111608003,0
59809291,0
97592751,0
144626606,0
110990531,0
116247230,0
103938443,0
164653868,0
141504396,0
98896851,0
129418957,0
78438060,0
152888619,0
143174757,0
99768199,0
72909888,0
173658984,0
47566205,0
80784134,0
84254583,0
113271180,0
83935321,0
32126424,0
91853537,0
95483567,0
116257702,0
117220393,0
121315785,0
119778160,0
43629645,0
200325016,0
122866132,0
73414363,0
34396926,0
119854896,0
129284948,0
92639078,0
83933880,0
121178075,0
75317726,0
127936829,0
74489636,0
85356949,0
73844036,0
75448547,0
83083239,0
96286104,0
66890969,0
89495195,0
72536708,0
76337443,0
125569170,0
64038930,0
110087295,0
77849901,0
79880088,0
39947542,0
131862207,0
75146241,0
76255871,0
160131724,0
84219852,0
60459975,0
181074294,0
111294515,0
124284849,0
110765208,0
37197170,0
86891909,0
42245650,0
44431135,0
203764079,0
33888286,0
147271620,0
80101997,0
194255693,0
122075893,0
194037130,0
195456498,0
43750340,0
61086556,0
122741943,0
44849903,0
84705239,0
85456800,0
89481249,0
120420395,0
128770643,0
102568699,0
152133910,0
117006351,0
39769593,0
159671179,0
38732377,0
77537597,0
77662507,0
40056572,0
155314963,0
105583163,0
56123813,0
56006089,0
77088214,0
161761413,0
58593958,0
35535128,0
138806333,0
85170838,0
75744951,0
118573230,0
80763763,0
132053776,0
124101343,0
88733745,0
76003762,0
83425142,0
106469848,0
87991413,0
115196868,0
78489185,0
44537155,0
120242792,0
95342008,0
66684714,0
55834654,0
72041846,0
180926783,0
39453618,0
63888033,0
203616687,0
101046639,0
109597131,0
76040280,0
130577195,0
45443589,0
56691967,0
85827769,0
109320042,0
77529356,0
55833736,0
107196774,0
163173260,0
43561436,0
80755878,0
61660770,0
63077640,0
113262919,0
61659122,0
127229040,0
32757338,0
78625119,0
122459959,0
96566579,0
125636224,0
108228217,0
77896673,0
72707610,0
36973673,0
72422922,0
34662488,0
104294380,0
66675318,0
62204615,0
153069786,0
125476672,0
86823049,0
139748406,0
73816431,0
118177538,0
126863885,0
111060428,0
107642396,0
99303074,0
118527889,0
75064788,0
32490119,0
75889284,0
115887651,0
91717524,0
89406645,0
118071903,0
94720844,0
82740902,0
62118483,0
60788218,0
76134061,0
134883106,0
82716721,0
119368661,0
94042052,0
91815144,0
157429989,0
36568802,0
137793287,0
83622238,0
42776674,0
62606041,0
108498979,0
99214524,0
43518394,0
36321795,0
116299036,0
69639614,0
76735514,0
112864246,0
92026837,0
113386131,0
80531206,0
35712367,0
145869298,0
64657142,0
76247275,0
179894521,0
31955206,0
155464369,0
97310293,0
99172786,0
110560483,0
81748868,0
65227526,0
129666211,0
98929421,0
107975979,0
127798339,0
37190093,0
89437418,0
150369452,0
76957807,0
94265283,0
96036443,0
37839474,0
158352669,0
75857593,0
143253556,0
89869046,0
87005804,0
124318277,0
36185970,0
37288454,0
45638889,0
115874821,0
86391787,0
193855441,0
78609594,0
120110855,0
131511017,0
106987726,0
129978978,0
133673635,0
56417335,0
75426114,0
127778600,0
38517131,0
80614910,0
85989591,0
181129682,0
144602475,0
73919045,0
127800767,0
83988765,0
83013214,0
138563678,0
32200633,0
86687747,0
45315521,0
88010017,0
185870536,0
31116053,0
159790078,0
62017901,0
80826080,0
74990144,0
84872795,0
75366926,0
37806312,0
94569721,0
138728037,0
81139608,0
122219052,0
94220949,0
63926308,0
156054245,0
57633152,0
174979497,0
73848734,0
195137720,0
141975966,0
75508180,0
41415024,0
86494707,0
45502264,0
164463770,0
86647271,0
38663477,0
84927059,0
103718558,0
193444490,0
157236940,0
66687389,0
127459880,0
90805336,0
62592816,0
196281271,0
34475074,0
124465018,0
136120922,0
84850293,0
35572959,0
131923715,0
132897697,0
56284856,0
91792375,0
110197025,0
122738163,0
42498430,0
117034055,0
34576622,0
94263822,0
161152261,0
121844717,0
90947369,0
122659196,0
174191084,0
156869090,0
86938889,0
142618388,0
95872163,0
65277378,0
109921416,0
102855708,0
39936587,0
56541613,0
115589964,0
137174403,0
37491570,0
60672980,0
112676960,0
34501909,0
78557877,0
102647340,0
92221624,0
39329024,0
97283102,0
117658949,0
41577971,0
83957015,0
84578208,0
83119954,0
61567453,0
161379696,0
84176100,0
74583733,0
39603340,0
67255009,0
144453908,0
59565137,0
133063279,0
78377165,0
75038880,0
81447214,0
124696253,0
100317107,0
63902542,0
89196738,0
87806506,0
59188868,0
110553466,0
81015715,0
97967974,0
113371119,0
76794150,0
43964323,0
111258511,0
37896056,0
78636104,0
99171710,0
94312628,0
112450729,0
106328673,0
71934199,0
118285185,0
111525997,0
113000703,0
43727324,0
86300315,0
146069858,0
90085308,0
39451141,0
38076255,0
85462978,0
106703146,0
32761483,0
66817964,0
71956721,0
34089458,0
45206926,0
99891362,0
73442787,0
63730051,0
35950530,0
91415810,0
83465893,0
120084069,0
86658829,0
152518687,0
33985670,0
165966634,0
45118178,0
75244622,0
99214406,0
98770896,0
56490203,0
144626251,0
77616120,0
40850838,0
78895171,0
65893024,0
33867777,0
74730642,0
175184183,0
109620739,0
173639758,0
194148114,0
149460649,0
41370028,0
43826099,0
61135549,0
166307185,0
125549934,0
67313161,0
62630409,0
63499299,0
59711839,0
117732527,0
83587181,0
99106077,0
43020394,0
63369859,0
112579202,0
38528106,0
35044915,0
44094562,0
85047369,0
94816826,0
191814505,0
165345037,0
43390238,0
149562345,0
85246242,0
109602747,0
117351896,0
74820693,0
88687141,0
137190846,0
119623356,0
79870574,0
73930928,0
77189141,0
34017933,0
39175818,0
86503175,0
121626392,0
45352956,0
148310238,0
57773370,0
56921771,0
107884784,0
43345558,0
84934342,0
103291865,0
124667108,0
149872488,0
105029735,0
144511171,0
146496531,0
103943960,0
126817616,0
96528295,0
93541644,0
74999155,0
74208027,0
66715359,0
149608289,0
72282803,0
57730920,0
68163289,0
90557026,0
165537978,0
127500306,0
91618433,0
106028746,0
134852382,0
76318188,0
44586750,0
100815779,0
41060192,0
86442023,0
78520343,0
83023952,0
44909732,0
82435072,0
98412974,0
66288055,0
106563155,0
89620115,0
159913172,0
32745090,0
140296169,0
162993890,0
82406480,0
130322302,0
67539461,0
99916066,0
85268774,0
78203085,0
149882160,0
37983550,0
105811180,0
76257993,0
159666471,0
86921518,0
63648636,0
56642056,0
101855729,0
120484301,0
33889747,0
62787099,0
65753191,0
113753971,0
124833480,0
108393858,0
75416086,0
76119286,0
212210299,0
89331142,0
60104748,0
63144448,0
60212070,0
65647054,0
59075239,0
77873430,0
87347095,0
90784836,0
63110881,0
58531405,0
127800885,0
120399343,0
31882496,0
151650576,0
83809671,0
66279300,0
111679746,0
93774517,0
152927910,0
35188449,0
165739416,0
40239001,0
118136766,0
128997170,0
75495221,0
81998905,0
60088177,0
60227526,0
160679162,0
75916505,0
120243384,0
74964976,0
74526302,0
113379351,0
129797792,0
137134126,0
66118100,0
135836213,0
101623981,0
74247683,0
33325877,0
72003167,0
34881208,0
111998475,0
67542985,0
99970882,0
118037853,0
36824049,0
74158363,0
62491860,0
90594531,0
32776929,0
75695031,0
105706256,0
137266141,0
80957149,0
114524797,0
115719799,0
61082085,0
149456405,0
138933463,0
139717909,0
127573164,0
62362114,0
72196908,0
107040913,0
87452118,0
41596072,0
196360583,0
122043994,0
75351806,0
72127761,0
75509097,0
63454630,0
32525057,0
72714766,0
79870179,0
89013914,0
69058709,0
67349935,0
114313183,0
84342709,0
111066932,0
78015227,0
32089640,0
123498024,0
107909685,0
147540764,0
111289472,0
125205613,0
145918182,0
104865761,0
131262185,0
119396463,0
75485164,0
71989547,0
105710086,0
84113260,0
58816399,0
143708792,0
81748829,0
146072878,0
63259507,0
136920488,0
67387075,0
114571520,0
141720540,0
44321721,0
117623833,0
185124927,0
31683515,0
37308775,0
85352202,0
89978559,0
137374934,0
80115261,0
155197011,0
126068266,0
131700119,0
157329675,0
78370306,0
59066653,0
45441507,0
64094703,0
147574351,0
44277969,0
122228013,0
42419819,0
91661277,0
41077602,0
110343046,0
59950387,0
161395093,0
130244392,0
101593129,0
63609809,0
62606159,0
127499833,0
35139643,0
143371143,0
85956034,0
82787575,0
130717560,0
81561149,0
97470269,0
102084457,0
159575681,0
112443515,0
94088321,0
203710724,0
72423356,0
97041859,0
35834503,0
63955778,0
67252720,0
164633833,0
126141568,0
99951794,0
57032547,0
127663747,0
92990949,0
176830048,0
89913350,0
72991519,0
121909314,0
37715847,0
42837224,0
110169045,0
97745108,0
113685900,0
81998234,0
76063779,0
70655118,0
62025767,0
138170947,0
60524956,0
78107971,0
39218198,0
117185366,0
59657240,0
41892328,0
36688954,0
38889678,0
76170233,0
56232853,0
92962041,0
89879675,0
189399917,0
85309121,0
83130722,0
35496282,0
164773379,0
83793268,0
58684452,0
105689034,0
33166048,0
112960672,0
35432494,0
148717024,0
36591462,0
72602874,0
66973479,0
78186228,0
67245071,0
128174203,0
77628605,0
74412377,0
43098581,0
93717846,0
87595030,0
102269374,0
140286477,0
95853135,0
85248156,0
107283804,0
113384947,0
136632463,0
75476942,0
164145544,0
83582463,0
157190602,0
37498124,0
174076744,0
153173624,0
71520208,0
103495139,0
139854455,0
193698475,0
32485894,0
161498043,0
74396142,0
31690661,0
97127715,0
83490350,0
108014293,0
76297876,0
86386053,0
140678241,0
121078895,0
115828434,0
82249701,0
57718929,0
88176724,0
41824159,0
36155255,0
134518838,0
164898625,0
84802080,0
45634171,0
40590122,0
74667941,0
115664075,0
162049734,0
83737594,0
107187437,0
80579044,0
37777690,0
38649709,0
107684214,0
117589072,0
73816125,0
103956583,0
31845949,0
39560969,0
132567973,0
71765083,0
106027749,0
81122987,0
112667012,0
31407443,0
33789018,0
42470835,0
65035306,0
84574951,0
71661570,0
83440134,0
65242804,0
140799598,0
33646441,0
116233788,0
62007045,0
107684767,0
31189700,0
77370228,0
125968593,0
118481117,0
88915287,0
60313342,0
125701877,0
66240384,0
35794886,0
97096083,0
134834103,0
86078368,0
64237792,0
67367829,0
84230630,0
94132784,0
45633490,0
112675904,0
104199296,0
76784971,0
130341795,0
67266478,0
40744868,0
131611648,0
125241114,0
98343137,0
74761189,0
72714391,0
44662153,0
125463398,0
88662862,0
119085581,0
66370150,0
35345691,0
44660712,0
153602498,0
117088989,0
34633501,0
175563383,0
35455037,0
37604093,0
82538308,0
109882579,0
104182439,0
66659191,0
63404610,0
79558339,0
83644888,0
79839929,0
166323045,0
75739651,0
118613478,0
83974948,0
132617005,0
140437107,0
204060049,0
65065783,0
90216643,0
144511043,0
104121613,0
87656192,0
62300794,0
134255892,0
34008232,0
94340440,0
41343242,0
73969943,0
56041333,0
69089759,0
97293218,0
31237942,0
73872451,0
89249432,0
122022518,0
140945165,0
32807269,0
114690695,0
122299459,0
139509433,0
92443729,0
166028763,0
136067823,0
119439021,0
57055504,0
78468153,0
76273094,0
124934959,0
80132089,0
141223468,0
37840648,0
107717524,0
34335133,0
74172220,0
75844644,0
108006062,0
96173166,0
61530876,0
32632675,0
98696301,0
84371568,0
174175233,0
133629103,0
117063999,0
103653290,0
121277383,0
124465936,0
82861923,0
66753515,0
142410544,0
94682234,0
115778345,0
110905228,0
73787000,0
42709896,0
72340974,0
190071760,0
113535142,0
93990010,0
98773758,0
38151807,0
44230319,0
71182569,0
91970215,0
138533616,0
72042547,0
67418904,0
38410045,0
59606945,0
33183152,0
59170817,0
77625950,0
59210493,0
32925546,0
102725814,0
107764868,0
71944670,0
77199849,0
66258515,0
117119476,0
76278621,0
150499336,0
86330141,0
105063558,0
71812141,0
62866707,0
58851979,0
122821709,0
115993819,0
82392140,0
166954374,0
70212367,0
80357037,0
36512387,0
139825251,0
64660369,0
97265751,0
91609481,0
111888359,0
39382922,0
181146500,0
112235829,0
83522861,0
155468011,0
106907506,0
115878285,0
108827835,0
93690625,0
85999924,0
77457732,0
83567530,0
34717678,0
135309838,0
39108833,0
150271003,0
114925000,0
83331183,0
87243534,0
78520412,0
69849817,0
113092856,0
66797524,0
122585549,0
96300346,0
72797286,0
34006307,0
82717047,0
62101408,0
73771406,0
175796839,0
35520600,0
111936878,0
125178867,0
147625288,0
39628093,0
40030644,0
119358544,0
60589799,0
39391459,0
72376248,0
122935427,0
85032229,0
121134362,0
108711334,0
83727754,0
32675717,0
84860458,0
77805902,0
140622320,0
162649786,0
162440866,0
99162581,0
84259863,0
92763120,0
33018804,0
78794373,0
138769361,0
66616574,0
37922378,0
39733895,0
34427542,0
71159958,0
136885046,0
107107109,0
76134505,0
80085051,0
77306698,0
138980245,0
109418550,0
108878387,0
94644088,0
83451148,0
58988249,0
78314592,0
37552298,0
88785185,0
89287025,0
84527369,0
115259066,0
114668795,0
126145377,0
111586004,0
110311009,0
67529680,0
142326475,0
84942583,0
77630974,0
59387741,0
135991077,0
75844792,0
147451484,0
41932576,0
56443223,0
71804838,0
45607346,0
105666867,0
117398885,0
107812006,0
119737646,0
65730284,0
125607800,0
75247020,0
90175536,0
113721441,0
115932351,0
78459270,0
118525135,0
40844413,0
72591998,0
37352172,0
39399157,0
163977879,0
109209601,0
87593993,0
115749635,0
89029883,0
61445119,0
72418520,0
31718217,0
75928398,0
67036496,0
78405984,0
41648618,0
61298318,0
109019956,0
210335449,0
84208354,0
130414692,0
40803375,0
57206766,0
112665679,0
127648883,0
99202829,0
113232925,0
173631359,0
184610652,0
99025127,0
121306557,0
61880299,0
74866803,0
127400988,0
57702822,0
151065220,0
100341623,0
77890455,0
95381989,0
42478415,0
118554408,0
84068650,0
93395021,0
67110479,0
76230891,0
90270739,0
37157178,0
89399499,0
62151506,0
79657637,0
91673160,0
72431133,0
108426369,0
126266073,0
127220937,0
117145463,0
103436159,0
63456446,0
74133581,0
97460597,0
141342308,0
78899484,0
63971876,0
125312294,0
63923426,0
140938591,0
142120940,0
120942369,0
92508336,0
106036938,0
146668015,0
59931951,0
113236991,0
31976870,0
40815140,0
160845918,0
79699613,0
146009545,0
116620420,0
114632001,0
163143227,0
78223900,0
83112068,0
121611074,0
77201330,0
85127244,0
66543579,0
151024547,0
77049239,0
60195706,0
38256474,0
112265131,0
80718837,0
88632118,0
60057729,0
126165265,0
146392130,0
43034083,0
146741869,0
104658213,0
81356779,0
111600710,0
106752425,0
43704733,0
92749598,0
73852021,0
124522134,0
66080151,0
145313165,0
39862200,0
116621476,0
65367813,0
80464428,0
121455105,0
114072680,0
116780130,0
142046356,0
82324217,0
82416981,0
40489837,0
59673091,0
31935111,0
121963468,0
72369142,0
38839324,0
118122209,0
83735659,0
84644847,0
42376314,0
85015016,0
68945929,0
108736432,0
115844245,0
113181741,0
90500108,0
72397438,0
55866384,0
37081764,0
42097931,0
96603748,0
36017239,0
37677326,0
64051237,0
116312291,0
127867979,0
109474234,0
127910763,0
65854819,0
78115867,0
64061640,0
61876263,0
73649131,0
120026174,0
76675527,0
89072046,0
96379481,0
71517109,0
74050548,0
66854777,0
62083495,0
67426790,0
65947543,0
33561583,0
127938734,0
129565274,0
81349209,0
74642615,0
104822157,0
80827195,0
64403829,0
32643038,0
185879488,0
41842634,0
75702996,0
40179448,0
71550962,0
60763238,0
74624593,0
95182702,0
45490924,0
33428906,0
144811296,0
59115537,0
121021878,0
44886075,0
40039783,0
111108128,0
121385475,0
56415855,0
165655357,0
112111432,0
74198414,0
31910970,0
146088896,0
36840689,0
152862435,0
91531511,0
121331547,0
71861608,0
113651821,0
152325943,0
156202131,0
107839058,0
45213183,0
78915917,0
58953567,0
75104414,0
81999181,0
113880608,0
91319483,0
130165988,0
129189706,0
40734386,0
113341955,0
39497913,0
94487537,0
45480788,0
45678012,0
116882024,0
121077681,0
121700878,0
131193177,0
121625770,0
115515646,0
81824983,0
111941616,0
83888204,0
77157519,0
40421056,0
104058743,0
89208730,0
64806696,0
41194004,0
178498268,0
90742160,0
37476381,0
82413339,0
75105204,0
58179899,0
138528858,0
110143265,0
152922511,0
38113335,0
60256513,0
38942175,0
105679865,0
71939311,0
83647968,0
113742236,0
83241893,0
56404288,0
92140811,0
156735751,0
136979173,0
81800842,0
102329302,0
113759478,0
62717785,0
45400064,0
75408260,0
74214482,0
108140150,0
31991299,0
106913052,0
142186139,0
63481376,0
77653397,0
99780675,0
56761094,0
129584372,0
43760447,0
85174904,0
111412121,0
78604847,0
87838217,0
59798760,0
114475972,0
78715811,0
40402590,0
77013038,0
164958622,0
140026531,0
116547918,0
127242256,0
37861621,0
81394895,0
135855962,0
124831477,0
166919633,0
98284798,0
73259755,0
62425200,0
96197988,0
89342275,0
45550556,0
134463430,0
101928379,0
43344838,0
127921492,0
88340353,0
121435523,0
91190507,0
143614725,0
38341945,0
32640729,0
121607699,0
33709222,0
60492416,0
92125494,0
111299450,0
125956641,0
74206428,0
90767387,0
194241313,0
125640281,0
95063527,0
62166133,0
71973174,0
103861697,0
102468454,0
67446391,0
66012564,0
116122962,0
82154124,0
36366771,0
61952140,0
78091430,0
114704118,0
108370921,0
107032652,0
34172837,0
101927432,0
43556748,0
82658195,0
104922047,0
144284012,0
108024794,0
116321746,0
59463243,0
77356194,0
107169179,0
140295024,0
67080801,0
124739028,0
65991848,0
148381605,0
55796705,0
105635235,0
109443737,0
116922153,0
42748565,0
194435665,0
43369877,0
33341017,0
38164371,0
116490013,0
93581468,0
61431627,0
81184574,0
97023532,0
133659808,0
121148032,0
130320921,0
153227156,0
93991757,0
37926060,0
84585610,0
39623444,0
142446035,0
134949923,0
161896854,0
66826530,0
152991372,0
142134699,0
94707510,0
91781992,0
34833557,0
73207762,0
43870127,0
103101964,0
154382354,0
125551671,0
80312377,0
33432074,0
75154789,0
64865233,0
98530057,0
90143973,0
40349462,0
36708832,0
125618193,0
43641922,0
87222857,0
148056293,0
116219438,0
32478473,0
65972829,0
66755509,0
106537919,0
164735253,0
63589359,0
147122224,0
43291650,0
143248622,0
76327485,0
81949971,0
131418243,0
137947835,0
66717116,0
83836675,0
145637352,0
132399696,0
42460689,0
80922062,0
124456086,0
79496348,0
45525378,0
146484332,0
137032064,0
91520694,0
83773401,0
111565643,0
85580851,0
78400437,0
105900727,0
67484063,0
106384890,0
108108567,0
79395757,0
102900150,0
77564137,0
45087425,0
139731707,0
74885516,0
67457711,0
75621502,0
85834736,0
191905365,0
78972164,0
73951230,0
122919330,0
94641582,0
81633611,0
94278173,0
40874791,0
108138966,0
78537901,0
111706423,0
91822092,0
115618635,0
85416936,0
73448966,0
42614773,0
90809747,0
112386755,0
131735334,0
60487501,0
58587128,0
115198940,0
121950598,0
104131265,0
74804181,0
94461303,0
44222650,0
115721556,0
111308185,0
91292933,0
38857632,0
111764239,0
149271232,0
72015820,0
90480251,0
137116380,0
59853191,0
119781940,0
116268233,0
78417541,0
34270033,0
62448532,0
73020684,0
40021406,0
72114408,0
140911341,0
147661223,0
40615606,0
174405629,0
67284835,0
96124322,0
36647117,0
59240328,0
162089261,0
134496168,0
41597513,0
90605269,0
106133443,0
71755046,0
60816711,0
112416472,0
108658344,0
83189456,0
78772334,0
82272609,0
132855840,0
32468682,0
112061146,0
131322340,0
86421790,0
106805336,0
74565909,0
137918137,0
75290417,0
108294945,0
86164569,0
83935479,0
80934843,0
117161551,0
42074225,0
60973589,0
42885042,0
112766201,0
35266705,0
36012719,0
174562813,0
92900208,0
37341838,0
56139723,0
144783108,0
83463179,0
106533823,0
181247880,0
90729724,0
99026351,0
55723384,0
95653117,0
56842321,0
83883239,0
78779825,0
123845977,0
67112630,0
113474138,0
60881584,0
120923636,0
75411290,0
116390478,0
87869395,0
77627361,0
104444793,0
63921501,0
174106689,0
62962235,0
142620283,0
128052718,0
63682756,0
87927241,0
127379581,0
34683115,0
89127759,0
125066659,0
80923848,0
93284412,0
86693974,0
74969013,0
94644029,0
74696454,0
131323515,0
174325014,0
93610376,0
96340723,0
106772490,0
159519779,0
160191120,0
60568866,0
77868229,0
45502501,0
39152486,0
86060741,0
175994251,0
115260596,0
55959465,0
150935602,0
93782817,0
107406513,0
103998055,0
136515528,0
101795258,0
74710952,0
74487603,0
62001597,0
108393937,0
146737872,0
59815539,0
72117507,0
37919023,0
196530696,0
40444832,0
77677272,0
104252711,0
38254718,0
74202332,0
135318118,0
98819286,0
141017075,0
62935755,0
153541957,0
66262029,0
109376555,0
40523828,0
77562508,0
75596029,0
33611740,0
75224310,0
60214202,0
64014443,0
108352238,0
79534573,0
110980652,0
68529738,0
76080992,0
79694599,0
82242062,0
41672384,0
86493937,0
81337878,0
107868193,0
38190170,0
136581783,0
125208535,0
112083639,0
39830193,0
42807566,0
81721105,0
72989980,0
100349361,0
128825794,0
73800886,0
84067238,0
87833213,0
113608542,0
62848152,0
92449779,0
75794941,0
31724751,0
116390369,0
166117511,0
119318701,0
125595641,0
51784691,0
102044347,0
63746592,0
146061478,0
161357667,0
198961263,0
111522434,0
32889749,0
73518448,0
82483601,0
82216076,0
100928658,0
136453113,0
99801539,0
160893263,0
155685695,0
192998907,0
37522314,0
63197181,0
41473955,0
34634537,0
63978646,0
129297236,0
77123123,0
59849076,0
77146238,0
88062740,0
103555798,0
66111112,0
65451793,0
146684833,0
85457165,0
84002879,0
43284672,0
45652183,0
203827393,0
102697893,0
162117183,0
82867687,0
130428332,0
79608191,0
56075581,0
176322514,0
64842247,0
31803964,0
61361020,0
206024446,0
58709541,0
127479402,0
108854433,0
135128553,0
126207556,0
104986940,0
81338925,0
126412952,0
112270570,0
74760370,0
67214100,0
41757845,0
66436809,0
118351075,0
44871359,0
116473886,0
36778541,0
41326829,0
79975083,0
125090346,0
129329608,0
59292075,0
66106632,0
124830115,0
124585753,0
77276309,0
75825181,0
136533185,0
112691864,0
72356983,0
83886378,0
62363199,0
31923307,0
38880352,0
119619625,0
115612605,0
89450032,0
117684728,0
84270829,0
82416014,0
152101508,0
143604342,0
115124168,0
81360470,0
125144600,0
81471769,0
88382091,0
154428554,0
77430285,0
34264752,0
75488569,0
61093445,0
42610924,0
63242857,0
58307128,0
83251308,0
72996405,0
139807179,0
124278048,0
59303928,0
77630026,0
87188333,0
108632910,0
86465947,0
126702783,0
96429658,0
81499197,0
128921223,0
66766385,0
65836757,0
79669590,0
165974520,0
106969171,0
74463354,0
205851895,0
35888717,0
99285141,0
114560338,0
155392617,0
99115661,0
112640522,0
59657418,0
107418889,0
89613058,0
66933290,0
90782132,0
42010921,0
125556419,0
77544457,0
76778694,0
85002018,0
83208968,0
44061598,0
41020289,0
129316807,0
66105230,0
84150794,0
112367844,0
31205738,0
77373545,0
80697667,0
66861597,0
35666147,0
72027210,0
72133446,0
78114564,0
78738146,0
66889518,0
78584634,0
127927907,0
181308825,0
38916376,0
75957118,0
115277098,0
64985543,0
140986686,0
156566251,0
90851506,0
85656620,0
76777371,0
96723348,0
154448974,0
83207122,0
117952451,0
121399253,0
66188549,0
86928407,0
163560217,0
130311930,0
62398217,0
58436982,0
122549328,0
77858892,0
124580966,0
109030310,0
116888972,0
118169810,0
75282343,0
76770512,0
76811678,0
32418732,0
80464182,0
193508445,0
100786575,0
130573780,0
109778041,0
166721688,0
66540420,0
98112948,0
76431461,0
72039833,0
116649654,0
125256580,0
86129709,0
174228687,0
139165813,0
73841993,0
150657210,0
127275654,0
76212859,0
62651096,0
155841338,0
120855339,0
96588795,0
67537547,0
76747358,0
88992319,0
113612283,0
112857258,0
87078366,0
75287801,0
123895088,0
37207868,0
77774004,0
34631033,0
45318877,0
74528927,0
167095766,0
86130371,0
44803377,0
139814720,0
58066378,0
87150118,0
87065535,0
93039577,0
87810207,0
141667817,0
114075049,0
78447032,0
137161415,0
97750704,0
126416298,0
38890221,0
119032541,0
114017588,0
82155743,0
64234022,0
74384555,0
76060937,0
82847089,0
78633025,0
45231590,0
32317914,0
179426998,0
81465206,0
108356906,0
106304276,0
59371673,0
34588614,0
82634991,0
85506039,0
105146729,0
65072159,0
134567624,0
87107333,0
67132518,0
114531400,0
37024175,0
135898017,0
175071304,0
130578093,0
78834029,0
35694404,0
64510124,0
83699892,0
90475069,0
178176015,0
132500406,0
32030323,0
32936373,0
78020211,0
90629923,0
56550466,0
87719624,0
125384559,0
141624805,0
97247167,0
115156116,0
116337330,0
117794321,0
117980896,0
81408466,0
85873712,0
65936578,0
42117049,0
148464984,0
138792535,0
131481606,0
115386611,0
75606668,0
152385871,0
109500152,0
132386579,0
67445197,0
91640462,0
83700731,0
62201259,0
121278014,0
41168649,0
75639080,0
40160558,0
83275222,0
161506027,0
66841888,0
35991686,0
110859591,0
145457794,0
62179615,0
126117368,0
137921384,0
36578651,0
143769569,0
61509192,0
76267004,0
55880241,0
65486288,0
115829894,0
129504793,0
117505960,0
151069937,0
60124615,0
111586014,0
69193854,0
43845226,0
91690027,0
65211389,0
37738004,0
156578361,0
84143915,0
152977771,0
95445155,0
91553096,0
45310734,0
62411304,0
56831839,0
109394370,0
75409898,0
64382501,0
128290615,0
72437696,0
103979086,0
63818058,0
83684535,0
99110252,0
58134607,0
103892519,0
66426890,0
60782651,0
117130067,0
117726615,0
71913670,0
90542311,0
97732860,0
57170771,0
80111629,0
90972497,0
72236860,0
88492917,0
73826448,0
195958752,0
39128898,0
90233560,0
155090163,0
97662134,0
111109894,0
43807140,0
61810807,0
115244104,0
66665794,0
36155433,0
78570422,0
127324894,0
56304575,0
75669103,0
43004494,0
64324694,0
32222258,0
60636710,0
56441101,0
84189898,0
114387323,0
60367891,0
37715600,0
82416004,0
37183046,0
87848530,0
95937204,0
136884089,0
87419647,0
103569635,0
115943020,0
66327148,0
148848141,0
139503689,0
80668038,0
95900163,0
130639354,0
31555339,0
103575518,0
79847173,0
126131471,0
76762142,0
107541124,0
59610616,0
179047225,0
125204350,0
121041104,0
114479466,0
78093670,0
76162219,0
82800840,0
58865797,0
74630574,0
41781848,0
93798421,0
95401482,0
92764452,0
102948363,0
75960731,0
104798549,0
67184343,0
74485620,0
119801235,0
84162658,0
75886422,0
153833545,0
85003923,0
55963452,0
77760848,0
134023700,0
88359736,0
78654491,0
63565959,0
42845840,0
72033112,0
78334104,0
95547137,0
102614346,0
74986383,0
59467931,0
91714247,0
95189907,0
78693456,0
115522367,0
72511363,0
86431630,0
70513242,0
78532848,0
38845364,0
91584748,0
31714506,0
73890078,0
99444713,0
35517462,0
90908433,0
58969516,0
94846830,0
108072228,0
63062629,0
59548151,0
94144361,0
179368273,0
89373759,0
108157234,0
115956916,0
112547896,0
140695977,0
84826862,0
119346780,0
33801680,0
140417812,0
200898163,0
60076580,0
107317746,0
131630913,0
85189501,0
107045276,0
145036866,0
137873803,0
72435120,0
76871596,0
77852161,0
118749629,0
32600520,0
78374974,0
62851824,0
173566249,0
94817132,0
141788019,0
99862750,0
97817512,0
66099526,0
88385812,0
78922253,0
33231750,0
73976032,0
111928183,0
128374931,0
120881997,0
39954717,0
65480869,0
82589137,0
118021874,0
67249374,0
98679533,0
113143309,0
122590682,0
209872012,0
143246973,0
128066466,0
78053166,0
42038852,0
58076771,0
86260718,0
60174072,0
192255400,0
56888352,0
69925270,0
212675463,0
174385949,0
156797032,0
77938856,0
84728995,0
82535170,0
37379412,0
72396974,0
44410765,0
42126168,0
59650025,0
120477955,0
44884427,0
56218887,0
98161457,0
64507262,0
83502026,0
130530107,0
115507662,0
149470311,0
96255568,0
57999867,0
109592344,0
82350085,0
106596051,0
62996206,0
128657636,0
82227446,0
133386982,0
87469508,0
115511965,0
115325804,0
110187708,0
162879965,0
87422361,0
145355387,0
82820944,0
130156789,0
56320554,0
74616402,0
71817224,0
74792436,0
87443215,0
87809990,0
71431115,0
67511560,0
43953920,0
83516209,0
87722308,0
62639973,0
78332614,0
83388910,0
116282603,0
85046195,0
81655147,0
38586879,0
117227825,0
43201709,0
85994664,0
110973881,0
63325249,0
87087949,0
86031517,0
35834335,0
82720018,0
62680458,0
90719954,0
32294464,0
93287136,0
60116295,0
91694429,0
101896254,0
84801646,0
78794866,0
100865630,0
56298525,0
127001299,0
84575878,0
71807887,0
97296002,0
58854831,0
67292840,0
143117277,0
87452157,0
114282883,0
98847642,0
128132987,0
43311814,0
82201765,0
90863803,0
183950296,0
122256842,0
75877559,0
104223585,0
153290134,0
104832560,0
105904478,0
59833630,0
39317595,0
124637628,0
68158384,0
110168630,0
124712015,0
109267417,0
58855937,0
64432125,0
88818337,0
93338221,0
60194156,0
72324907,0
123925516,0
42164216,0
43280744,0
73860005,0
60082541,0
89350753,0
37852689,0
64004505,0
39854847,0
90553384,0
138758652,0
38070758,0
60331907,0
88723392,0
116883307,0
159310218,0
191570144,0
41541542,0
141111023,0
113148412,0
62200805,0
132063705,0
127093639,0
99816945,0
62732500,0
35818514,0
114535535,0
161299476,0
87614374,0
56008161,0
115808161,0
121140116,0
100572454,0
90445934,0
102949814,0
108312128,0
55726384,0
75050151,0
148282722,0
67568182,0
88705834,0
159001931,0
76146674,0
102433170,0
124480790,0
88233149,0
132137046,0
42329601,0
40252454,0
159335405,0
107900743,0
108870609,0
56912276,0
155096578,0
127268045,0
77208416,0
90767644,0
118449327,0
62175183,0
77543361,0
61642294,0
73997005,0
129948837,0
180672867,0
131199167,0
98519931,0
41201248,0
134114974,0
42647935,0
60920313,0
59326273,0
43457835,0
109420218,0
78680251,0
163138006,0
32983579,0
128705987,0
152425291,0
98804205,0
72318195,0
32912577,0
115989644,0
80014907,0
204212041,0
45297736,0
56595383,0
144548754,0
126133100,0
78747295,0
61200876,0
102492881,0
36470254,0
98201952,0
32828419,0
207097370,0
141238479,0
74754083,0
58640888,0
39462352,0
56254714,0
131739884,0
72116184,0
87045500,0
80755522,0
90567754,0
62604876,0
116152433,0
91785821,0
67252285,0
130725199,0
62453664,0
87930201,0
104217634,0
32365288,0
111279800,0
178360222,0
87943871,0
94575327,0
119627106,0
127760104,0
38083470,0
43769487,0
131736676,0
135377731,0
37141189,0
130802459,0
73877682,0
99406597,0
82681053,0
109299177,0
68760617,0
40541623,0
64138109,0
66217053,0
33416124,0
110028758,0
109073489,0
38889155,0
84226050,0
44330860,0
143591067,0
91652424,0
72391141,0
125383701,0
124662736,0
88008112,0
142574044,0
101677356,0
83963943,0
179317998,0
194350619,0
64966298,0
80094535,0
42598478,0
32909942,0
175746849,0
117369780,0
67893898,0
77404042,0
121464076,0
155477219,0
151037851,0
75425729,0
134577217,0
74812432,0
110999384,0
131933890,0
81523812,0
111785903,0
151095391,0
62290283,0
118764157,0
138820555,0
160959123,0
31849117,0
112907218,0
33158656,0
137057301,0
77451465,0
117159616,0
42141713,0
35597978,0
65195134,0
128277853,0
43165990,0
139763092,0
123324921,0
64710004,0
93518806,0
79883207,0
40253618,0
84558508,0
60029344,0
89402894,0
131462577,0
157102605,0
84800876,0
112162468,0
124194364,0
184928947,0
82586689,0
118611257,0
70351815,0
109640073,0
40581457,0
162710543,0
122542261,0
205395298,0
121115087,0
122076406,0
81202231,0
191658743,0
103478213,0
107103812,0
122929969,0
76785168,0
105185566,0
66750584,0
108369826,0
156282904,0
103557950,0
106196904,0
74852265,0
60378323,0
74704705,0
102412562,0
37679458,0
40918721,0
112160198,0
116301316,0
81351044,0
56175155,0
44723236,0
87902073,0
78187599,0
176656945,0
131665694,0
103126569,0
70456660,0
32548507,0
141520266,0
89120940,0
96057426,0
84604777,0
101400227,0
41660718,0
83303894,0
117194515,0
90546999,0
83806217,0
89366900,0
61518342,0
96517724,0
96420153,0
60194699,0
75738872,0
108291392,0
61941599,0
76249357,0
80772518,0
143423610,0
47164739,0
34207647,0
160628669,0
83296215,0
164232209,0
118411033,0
63957752,0
38127025,0
77816522,0
42841616,0
41626312,0
131238162,0
189645393,0
75831893,0
86027223,0
76008845,0
112668048,0
41462615,0
112840371,0
62643496,0
159705614,0
59244266,0
153427421,0
34215908,0
86307994,0
65777786,0
116307554,0
125138954,0
31250644,0
58536369,0
71496926,0
84562920,0
79426541,0
84091626,0
127830336,0
38380624,0
80084340,0
91813496,0
106026318,0
63026289,0
118786956,0
74370254,0
78916934,0
38081585,0
80518780,0
101706195,0
83265037,0
196654372,0
82786568,0
65950159,0
108014254,0
72067211,0
62317552,0
121201377,0
103649826,0
130486444,0
78971216,0
105285742,0
144226887,0
136765298,0
156056584,0
77967715,0
83487103,0
67534309,0
77335487,0
75101354,0
45606921,0
87157668,0
31380568,0
78351287,0
66384787,0
63100735,0
83883101,0
78851863,0
151066463,0
40040178,0
101696592,0
70957453,0
31199549,0
139727621,0
103979125,0
69469472,0
118592653,0
40282704,0
33501832,0
107588874,0
120257389,0
111441898,0
92454290,0
108613802,0
40800888,0
73388998,0
74036928,0
38896074,0
82583955,0
59066189,0
88501434,0
86651663,0
108428471,0
83612200,0
61474057,0
110664331,0
35199434,0
66625279,0
83376425,0
113606648,0
41244754,0
91594746,0
39846576,0
199179915,0
44647309,0
81400787,0
31730130,0
65931367,0
153225518,0
89784532,0
84435572,0
114772672,0
74681738,0
58336312,0
129340672,0
155347463,0
57213960,0
92556963,0
164627358,0
112234881,0
108384018,0
115875235,0
120013728,0
148165737,0
108998796,0
83686745,0
41254475,0
99164199,0
39974466,0
41959372,0
73724870,0
63926288,0
136781297,0
78006048,0
106505142,0
33368977,0
67401178,0
100484209,0
59956033,0
40865711,0
138691253,0
72624558,0
140824479,0
103259483,0
98765161,0
40934167,0
113142727,0
72739035,0
85813842,0
86988296,0
84021078,0
84232505,0
97159209,0
139831261,0
125245842,0
64369009,0
39470159,0
39120124,0
43532538,0
58829871,0
89281192,0
58735814,0
120880092,0
133585677,0
57749910,0
66121772,0
102298203,0
60565135,0
77909731,0
74473243,0
116612366,0
76766465,0
161870689,0
119812368,0
72651087,0
78396815,0
117588539,0
63332394,0
160881617,0
76762083,0
34815378,0
78626530,0
152188144,0
57542727,0
143237252,0
79983473,0
75877026,0
82472873,0
41764467,0
41479324,0
88703643,0
87765764,0
42292975,0
103168692,0
145413509,0
94593438,0
151487619,0
71700180,0
173380010,0
66291776,0
134186025,0
117997723,0
66047493,0
116907497,0
118840064,0
39086084,0
208353583,0
42030285,0
77718813,0
151301922,0
37547175,0
81214854,0
113635773,0
125451633,0
81403521,0
75834834,0
185161563,0
101582647,0
180900796,0
42581118,0
99971454,0
33223105,0
133132978,0
135057284,0
90245719,0
44714818,0
81688980,0
126675938,0
33895392,0
32583347,0
39590164,0
61872414,0
88471638,0
82340749,0
105904517,0
117517784,0
60082235,0
94660916,0
63988013,0
43952006,0
113185354,0
73940136,0
74512672,0
103436810,0
125495207,0
83313447,0
61451357,0
85476628,0
146510022,0
56374521,0
96237664,0
95947439,0
85240932,0
62538365,0
106962499,0
129448537,0
36200863,0
59101147,0
68114622,0
117424822,0
143077226,0
43673081,0
115855713,0
136730627,0
41755802,0
104079874,0
72570403,0
78188211,0
82414534,0
106622600,0
97753685,0
88303953,0
130302228,0
76175513,0
69567902,0
164391603,0
104075828,0
39220419,0
31877394,0
90968628,0
36025717,0
78352402,0
81985058,0
131297488,0
84197961,0
64377970,0
88703850,0
121454917,0
38737203,0
73840029,0
33618659,0
72163499,0
108356808,0
94136702,0
143703156,0
65149675,0
35962709,0
87690340,0
117397562,0
89371243,0
58565524,0
63924936,0
77585958,0
122245946,0
38420774,0
84062254,0
78193136,0
108586394,0
82556241,0
110401286,0
74231023,0
92586000,0
127749346,0
92602008,0
68098209,0
82221563,0
118005589,0
130350608,0
72508758,0
76223686,0
61938550,0
61672070,0
69979257,0
75139333,0
165797222,0
34974091,0
131511935,0
115186179,0
80708533,0
48167777,0
107868894,0
81689868,0
137060321,0
93633954,0
95251168,0
65467634,0
95812324,0
125785206,0
117066487,0
67552262,0
194662656,0
106096609,0
114852379,0
85100714,0
81179550,0
115944846,0
43823553,0
134116395,0
93557731,0
63924837,0
77206768,0
212857626,0
37605248,0
151524166,0
121978095,0
78213063,0
99788610,0
96210819,0
113457133,0
125445267,0
44809585,0
151053731,0
41908998,0
144688646,0
45492059,0
149073721,0
180242622,0
124697003,0
105948052,0
58326620,0
79832902,0
109811805,0
62310989,0
42520755,0
78590417,0
62694404,0
37894645,0
71952230,0
78354455,0
66990366,0
75985464,0
56422981,0
85625846,0
74511932,0
75306139,0
71731013,0
72166430,0
87068052,0
49129748,0
204200138,0
60285569,0
98992735,0
61838502,0
81370103,0
106397583,0
91411961,0
69981784,0
85086018,0
141833478,0
63284339,0
65816712,0
84134816,0
37525897,0
84540318,0
66360290,0
122018136,0
33116592,0
98127476,0
90526559,0
162333406,0
123604152,0
44510221,0
41806196,0
127615346,0
78003294,0
65073797,0
74611299,0
68974679,0
114143139,0
118071193,0
102866910,0
88761883,0
120261208,0
83611815,0
76716199,0
43877727,0
78760787,0
154103331,0
91833166,0
40338309,0
65149349,0
78261335,0
61899002,0
92119463,0
160132257,0
118281267,0
36053806,0
179297271,0
66024724,0
95482136,0
71759586,0
139459266,0
111449626,0
36685460,0
109106730,0
32191761,0
66531311,0
89195070,0
78624477,0
114510832,0
61511680,0
73893483,0
94331429,0
91727463,0
63400534,0
71770274,0
64663686,0
78351553,0
111620617,0
57985477,0
125735157,0
94639124,0
42267995,0
78092032,0
112787421,0
78256381,0
82225008,0
44560723,0
132042150,0
132394791,0
61699014,0
83570027,0
60005963,0
79599802,0
113235975,0
32984398,0
40405788,0
78867872,0
129412108,0
43510607,0
45636629,0
64197416,0
88570660,0
91407332,0
83922501,0
61348466,0
90168193,0
88537478,0
139186154,0
75376549,0
76507467,0
63377508,0
63919300,0
58462515,0
42309990,0
37236066,0
127784166,0
120843268,0
212573865,0
67539047,0
111003382,0
64102460,0
134153416,0
86352871,0
163911704,0
42045563,0
118463263,0
63990973,0
127561468,0
76857848,0
43019950,0
108529536,0
68458331,0
107105066,0
133647875,0
86587077,0
56456755,0
89489757,0
90148967,0
63921926,0
92583749,0
81329331,0
33434324,0
40975827,0
129905025,0
76706942,0
112626685,0
81503628,0
73651964,0
115638276,0
142037749,0
75139925,0
121776804,0
87799429,0
139792928,0
106140262,0
109611955,0
140196318,0
82525488,0
124489850,0
39647477,0
104001036,0
78569958,0
137949493,0
207023861,0
87388913,0
82248132,0
82962228,0
98835028,0
88455057,0
37335275,0
65047317,0
77220507,0
90544847,0
83172529,0
207403594,0
117961186,0
92116641,0
149102876,0
130750327,0
114128266,0
74998118,0
78140995,0
36256981,0
41148397,0
133593484,0
120989516,0
37324665,0
45427235,0
67570195,0
115939822,0
105049099,0
58374971,0
133926731,0
111296262,0
42992137,0
96447462,0
31859155,0
126095299,0
73975381,0
83539313,0
91005787,0
141944748,0
109526563,0
36662227,0
56923547,0
155462711,0
125922512,0
121503535,0
76804078,0
62972874,0
114096288,0
152945685,0
35101468,0
45371482,0
145371613,0
92423625,0
98881494,0
118679693,0
115594672,0
60182639,0
83276673,0
95368300,0
75440523,0
64808522,0
75542013,0
114656270,0
78806848,0
92318711,0
78238931,0
36889840,0
91869851,0
33365049,0
38196931,0
117430991,0
78287065,0
99086831,0
101490850,0
71693212,0
75719389,0
78115966,0
115819235,0
107635271,0
122860586,0
73933386,0
72251121,0
126825551,0
95248809,0
110542135,0
84522849,0
43361517,0
74666954,0
113979393,0
101969506,0
196103875,0
32940212,0
74762867,0
40858822,0
95579905,0
43675588,0
34102397,0
77478764,0
81315267,0
84579461,0
96139511,0
102565689,0
106400396,0
89268806,0
208122674,0
101283677,0
72343077,0
129634243,0
60901521,0
83915641,0
37700914,0
61883191,0
147793959,0
143773744,0
74902472,0
85164196,0
31640721,0
192237171,0
122035635,0
92415246,0
35162274,0
77743556,0
76993407,0
65905844,0
78529640,0
78137353,0
133762156,0
144205036,0
66887939,0
62057439,0
69698625,0
98660840,0
103344539,0
94642667,0
72468174,0
45469862,0
74587346,0
56539561,0
33090852,0
58070050,0
106970563,0
34276586,0
84076960,0
32119841,0
62943256,0
128928754,0
63938872,0
120375548,0
78635995,0
86394313,0
132592055,0
156810711,0
117997684,0
179643862,0
75138889,0
102724570,0
75555524,0
72301012,0
64163573,0
150209071,0
33107492,0
173667057,0
136010807,0
78529769,0
43426420,0
119463685,0
128467449,0
108164114,0
74492153,0
98495247,0
40035086,0
92910275,0
63965253,0
116128993,0
56222578,0
120766956,0
139269118,0
40203925,0
84836653,0
79160950,0
152525615,0
72937266,0
74879861,0
111222674,0
160574554,0
44734636,0
98843072,0
131923646,0
74923830,0
77219993,0
55995558,0
117145434,0
142452855,0
90854881,0
82797168,0
146672328,0
32344384,0
138870505,0
100892851,0
77296956,0
76254420,0
129940724,0
137887374,0
79736683,0
97816446,0
93566594,0
90225398,0
89841717,0
86972899,0
132051122,0
38952814,0
41457049,0
128380586,0
128045730,0
106097320,0
113326163,0
39125769,0
75508486,0
55781378,0
65836096,0
73239473,0
157086043,0
41009492,0
96466501,0
77778583,0
79749612,0
36925479,0
128537276,0
65956633,0
68171935,0
98773629,0
31694214,0
93627213,0
190108939,0
78533282,0
36333106,0
87214931,0
100817921,0
110224946,0
34461582,0
135067134,0
91998334,0
35883279,0
63525069,0
84310317,0
74250555,0
36234824,0
41636498,0
72513525,0
67522416,0
126167910,0
38881299,0
61713700,0
126261730,0
44089529,0
32723663,0
78214297,0
81146191,0
34621233,0
99112710,0
56049199,0
65832178,0
100804143,0
79178044,0
109505610,0
75419274,0
150156367,0
81985334,0
76647527,0
128631294,0
35636558,0
45322746,0
75928694,0
124547508,0
66700357,0
89345443,0
106481297,0
102409009,0
31152067,0
129357213,0
139351717,0
45231777,0
138596179,0
61931375,0
60127083,0
91887005,0
137126684,0
116628316,0
71836835,0
40526246,0
63335217,0
96253071,0
81572805,0
73762780,0
72114862,0
78883061,0
82122571,0
98305455,0
59569835,0
72997678,0
80633949,0
61067261,0
70481551,0
92471966,0
156200740,0
96711386,0
79122340,0
76096319,0
166138454,0
91526438,0
80344424,0
81369629,0
72464858,0
57751124,0
65878071,0
143676666,0
85187360,0
77813166,0
80505733,0
42564833,0
80811068,0
32854998,0
40726027,0
60799765,0
43984931,0
34589137,0
155099411,0
104912030,0
113405959,0
90566906,0
78624458,0
83392908,0
41824810,0
92239261,0
84031254,0
178104816,0
79636971,0
42950211,0
116256962,0
77594032,0
125024822,0
94085252,0
67221384,0
78021356,0
164010192,0
67552351,0
159308678,0
61528872,0
85508487,0
37167640,0
85396536,0
72311810,0
40154389,0
79982644,0
132960240,0
43074914,0
74501964,0
31625413,0
43459730,0
63692507,0
62534852,0
68866360,0
71826738,0
76810780,0
31918076,0
96268142,0
83640783,0
83063144,0
75733641,0
92586651,0
124656923,0
116083741,0
40213469,0
55887653,0
77620058,0
83764745,0
93744859,0
141046387,0
69464972,0
43262071,0
123952144,0
32759006,0
82228738,0
138022143,0
63588471,0
66252050,0
119428293,0
41841154,0
120400942,0
77487854,0
98775031,0
41966271,0
115367385,0
120990533,0
62604037,0
56281974,0
62955080,0
33502039,0
67237767,0
121394505,0
77105871,0
116031836,0
178968485,0
41827415,0
140302811,0
42552792,0
83979448,0
33307875,0
78164860,0
77499579,0
45950689,0
129707150,0
44440857,0
45104726,0
41160615,0
42899324,0
78519583,0
139797872,0
125351743,0
146249721,0
36710351,0
112664199,0
72883181,0
167012102,0
62495501,0
176148611,0
104941737,0
98936014,0
142107093,0
102232827,0
39238076,0
87778101,0
74835112,0
72438693,0
113444638,0
74154830,0
44440225,0
39898609,0
95506346,0
107450304,0
43012715,0
135829857,0
96251255,0
72823282,0
39588703,0
39111735,0
148439846,0
110065483,0
131599646,0
61243967,0
63887333,0
56326920,0
79745003,0
67548285,0
103866839,0
89553830,0
58992759,0
79419198,0
84284893,0
78764507,0
174473256,0
116712878,0
95542499,0
95546565,0
77196247,0
139880511,0
108596471,0
44802469,0
176471485,0
64658317,0
62588394,0
145209475,0
86127311,0
130251241,0
112335354,0
115236050,0
123732378,0
37882614,0
33980123,0
96810486,0
85068194,0
83458116,0
62513286,0
43530840,0
65446148,0
75899835,0
109585258,0
117620339,0
196491977,0
66981631,0
81502306,0
154789169,0
128563085,0
61515539,0
67110133,0
74778609,0
31123702,0
73779509,0
59307925,0
42699119,0
102558396,0
77643636,0
93999268,0
116771987,0
119097819,0
74855957,0
41048526,0
124790429,0
79868442,0
44329005,0
78064634,0
100593663,0
84122972,0
82097186,0
61851431,0
57128628,0
154340310,0
72571114,0
44882117,0
62835184,0
106748230,0
63116763,0
43441441,0
45173014,0
75180992,0
64480970,0
78463139,0
107268042,0
37106152,0
42597106,0
166243230,0
67297735,0
73871138,0
66014667,0
65913572,0
180422574,0
175504077,0
90384831,0
104518144,0
38025733,0
86743954,0
83049060,0
91709431,0
129563044,0
159919340,0
56548088,0
95636211,0
96637294,0
81283714,0
66860492,0
90782270,0
69200733,0
66728881,0
111700501,0
116013035,0
75592979,0
162720196,0
115915770,0
75803705,0
75803300,0
112437929,0
135200305,0
75570388,0
116046828,0
61853138,0
103212148,0
99100254,0
93478695,0
77858724,0
41349510,0
124932452,0
63174974,0
100754242,0
77123390,0
39084050,0
122256655,0
74995296,0
117339727,0
65895353,0
38125406,0
101316188,0
81533918,0
84829004,0
42769568,0
77209660,0
43512058,0
66728890,0
98896921,0
37449486,0
163977080,0
89186701,0
111226020,0
131138943,0
45135766,0
85804289,0
96135692,0
129344235,0
70908618,0
118844150,0
85458033,0
41201317,0
60616112,0
69373540,0
41319772,0
98400470,0
142209066,0
40163223,0
83773440,0
127898387,0
36778146,0
87497745,0
31747352,0
56169223,0
39343532,0
65735544,0
66711678,0
88977850,0
110700937,0
100256222,0
122812610,0
108374968,0
78337657,0
60194147,0
183787556,0
39017717,0
106891201,0
44891395,0
208076800,0
35018899,0
90216436,0
194667867,0
116326010,0
91242253,0
85861907,0
134242430,0
131377403,0
95207672,0
42827512,0
64185257,0
37358153,0
41324362,0
31910911,0
44644842,0
37572155,0
71852607,0
122900123,0
115385811,0
93823727,0
88767282,0
39163037,0
83739449,0
112649888,0
80577573,0
74867218,0
111111681,0
43282906,0
148220760,0
66715320,0
33562787,0
39503390,0
44445259,0
81366165,0
36401107,0
111716026,0
95868827,0
80730868,0
103693301,0
94724348,0
75787124,0
81536425,0
127693524,0
42004674,0
42531770,0
41552567,0
41420719,0
100407039,0
67127810,0
96420884,0
131649212,0
153965413,0
112046934,0
121536805,0
66811864,0
34451742,0
37898938,0
125482180,0
103469281,0
56585336,0
52752416,0
134094268,0
84209114,0
44097582,0
77164664,0
74778727,0
160014819,0
103768883,0
143536133,0
98793467,0
132378309,0
63182643,0
33243752,0
31788232,0
81503619,0
73234203,0
79197201,0
150201353,0
118793243,0
60384541,0
84970751,0
96527347,0
140444480,0
34681970,0
39460546,0
87010838,0
42554677,0
108109091,0
106632904,0
43485568,0
99771308,0
57025056,0
120232981,0
109311001,0
34398624,0
41590663,0
125445455,0
40377393,0
118351223,0
75110444,0
83369072,0
113724214,0
59297769,0
63454294,0
139163810,0
56089299,0
38374150,0
118116484,0
42433607,0
62523245,0
39126302,0
86430910,0
92912042,0
44773769,0
83968552,0
88570907,0
64122417,0
62263704,0
38840863,0
140332173,0
105021049,0
36701143,0
62319201,0
40875216,0
78339581,0
150940399,0
174163834,0
67231875,0
34019739,0
69338424,0
140717137,0
121146018,0
78164692,0
58853726,0
66138096,0
39269076,0
37124983,0
133205599,0
45042557,0
63966832,0
145542851,0
56612319,0
90806796,0
71508069,0
38939086,0
61595275,0
117364697,0
98832373,0
64046875,0
132544908,0
102471740,0
73260190,0
76610713,0
89065867,0
196165372,0
99892033,0
112865726,0
86624552,0
164485414,0
105161139,0
55996180,0
99184166,0
43676890,0
116311955,0
43281159,0
34227218,0
88036033,0
64140518,0
37331317,0
178819139,0
40054035,0
59796737,0
75918311,0
75126404,0
62247991,0
56322992,0
39675635,0
64449871,0
153924582,0
102262554,0
67416525,0
39924882,0
66756121,0
45388734,0
121267730,0
140556815,0
64240931,0
96362831,0
135297057,0
130725407,0
100745172,0
94859641,0
39255268,0
116634760,0
132777061,0
87828318,0
78989850,0
103243247,0
91858837,0
57696870,0
39063838,0
80642259,0
39355938,0
63921778,0
82234680,0
89446715,0
64253396,0
76568234,0
56117684,0
89534466,0
43052835,0
83227503,0
58818225,0
31416138,0
72168582,0
64467054,0
138696632,0
39795718,0
74880779,0
117394483,0
88737634,0
63152639,0
45209403,0
93837140,0
81242745,0
31736634,0
74477132,0
82862742,0
135294718,0
114525547,0
62650059,0
77140474,0
84855869,0
95438009,0
33607121,0
56115750,0
43517467,0
78458717,0
45363635,0
111397356,0
83668102,0
99043494,0
36403180,0
158516554,0
126809335,0
41357188,0
155048049,0
88741730,0
104899712,0
72153027,0
59526132,0
143551224,0
133638509,0
87356501,0
33957048,0
67494939,0
115379623,0
68339472,0
89210901,0
36308175,0
59321535,0
117660666,0
43371801,0
71797909,0
81408515,0
103933725,0
53697707,0
67216607,0
79171885,0
57892614,0
59436852,0
87731526,0
75022299,0
71128523,0
33575972,0
36311422,0
81304371,0
75147011,0
73313426,0
161978880,0
67367493,0
177714226,0
122256921,0
103833548,0
77911596,0
82463497,0
64238158,0
57808081,0
38804316,0
127737739,0
180319427,0
40520206,0
118204156,0
104987720,0
67168463,0
88373949,0
66895578,0
83329920,0
80662807,0
60430267,0
84140787,0
67140404,0
63647857,0
42714565,0
65936006,0
145338027,0
79574437,0
88732334,0
81263037,0
62233533,0
38075170,0
83979379,0
57801863,0
34320762,0
103851314,0
36399627,0
32965222,0
84971067,0
44740034,0
156770048,0
34844444,0
115722868,0
135760839,0
151175345,0
81151501,0
40831326,0
57668298,0
77161733,0
65260767,0
133478503,0
175588077,0
115037720,0
91808966,0
94661242,0
127676242,0
43117560,0
31918353,0
57751824,0
38001158,0
41485434,0
60807148,0
78912216,0
34582031,0
35159501,0
127799533,0
71697200,0
72450517,0
56043465,0
85811089,0
118128180,0
143774030,0
76225956,0
34545335,0
133589961,0
156258517,0
79464904,0
33811175,0
104881404,0
44944345,0
100659523,0
70254974,0
45135036,0
76253443,0
78793889,0
121119834,0
153252028,0
76231177,0
63940046,0
90581434,0
157298269,0
96538796,0
83799456,0
95396478,0
62482898,0
87965416,0
113201184,0
59585162,0
33764768,0
39195607,0
84652131,0
180138063,0
61110855,0
43000151,0
61509923,0
106300871,0
61121495,0
156026847,0
117194831,0
77067261,0
93587380,0
64452180,0
115685828,0
62125727,0
84293124,0
83894165,0
76823314,0
114053079,0
66760740,0
32879159,0
78448947,0
98786756,0
59584787,0
38108825,0
32754693,0
140466568,0
151756171,0
79891893,0
140925702,0
130518333,0
112032643,0
142434587,0
83934788,0
78358373,0
77811331,0
75403809,0
59507390,0
67051192,0
74937184,0
37906281,0
132268598,0
31679577,0
60178592,0
33084565,0
77624420,0
73763776,0
72302611,0
56018613,0
78184066,0
99923823,0
72194934,0
38831774,0
67450102,0
91667663,0
146813977,0
97534856,0
107508347,0
92975099,0
72829638,0
65182590,0
41457996,0
112572520,0
72017380,0
159423669,0
73982102,0
75110553,0
45613504,0
31504027,0
128162488,0
38319650,0
75553501,0
67039842,0
83818376,0
108180902,0
32871757,0
72371748,0
92120381,0
33079887,0
106976544,0
124214074,0
76176638,0
139592377,0
138241831,0
41802347,0
36254159,0
36374884,0
45481094,0
56783340,0
42455409,0
66150206,0
93394557,0
111619265,0
90495884,0
76333703,0
41273622,0
33101955,0
45435476,0
77982400,0
45141895,0
78067496,0
35046978,0
111805188,0
122488107,0
127767467,0
38599779,0
63060428,0
75976887,0
85437672,0
100443616,0
56799092,0
59982463,0
33348922,0
72441052,0
36108631,0
66623345,0
105798666,0
109608777,0
63110644,0
75839552,0
84632105,0
32358231,0
74733228,0
41903767,0
69309042,0
41005623,0
59307984,0
38947771,0
68146679,0
90365822,0
71983181,0
95919073,0
178613762,0
59806350,0
102610083,0
121043848,0
75448390,0
97526487,0
34093623,0
40537715,0
66482792,0
111768000,0
106553838,0
66934997,0
98728920,0
62537645,0
67210280,0
192476025,0
62387104,0
56302808,0
90933680,0
84582678,0
140706804,0
111538117,0
95149856,0
116063202,0
139906211,0
77522724,0
97267636,0
78473700,0
38873325,0
103419015,0
43784824,0
38124419,0
56613662,0
60374612,0
63084065,0
80293102,0
74836573,0
157278678,0
155853340,0
64212013,0
136691178,0
86643629,0
42199993,0
41363840,0
59387721,0
34843999,0
74998079,0
59867581,0
83838441,0
87747209,0
35616178,0
41561854,0
96690511,0
122631413,0
45453518,0
73198041,0
118380348,0
85997368,0
92183645,0
145434226,0
90929663,0
84184558,0
77604237,0
43821855,0
61352246,0
125071831,0
181012579,0
75667386,0
103962594,0
38617998,0
71832403,0
78413959,0
84034994,0
42472651,0
32133234,0
91565680,0
65185995,0
144745120,0
60510556,0
36769145,0
40737841,0
97547104,0
118170224,0
58895188,0
74804092,0
80822626,0
93987444,0
61878849,0
81263906,0
180660214,0
78944361,0
67483047,0
78187402,0
75566766,0
140989755,0
108377741,0
121360603,0
32406415,0
66980121,0
86850013,0
74014514,0
81299249,0
104288103,0
104262797,0
38222049,0
72493677,0
192433566,0
161697409,0
62400477,0
57140284,0
74252608,0
151121180,0
56545009,0
103836253,0
71744288,0
66701246,0
88382910,0
34749251,0
92552996,0
72592511,0
38877578,0
109973034,0
85330646,0
133731708,0
75429785,0
174636716,0
59765747,0
41941755,0
58131686,0
149169516,0
56896613,0
137951339,0
137194478,0
59342449,0
64061225,0
60410242,0
40057085,0
76231128,0
66715162,0
111779843,0
118239736,0
64247336,0
35754243,0
162705184,0
94259361,0
65708067,0
76733915,0
62031206,0
60171456,0
111232781,0
88717065,0
70539229,0
75331770,0
101468525,0
87663870,0
77715517,0
83974701,0
56361898,0
40367889,0
43404440,0
100014653,0
40024703,0
39244037,0
69960367,0
147624765,0
62580252,0
45335655,0
57685027,0
42019636,0
37745860,0
113232856,0
35045774,0
79762946,0
75522096,0
89869322,0
115060332,0
84087599,0
38533198,0
58053202,0
112629843,0
87820738,0
80146222,0
106766114,0
78356705,0
75243960,0
72117536,0
145608651,0
60313184,0
106113190,0
56789962,0
76244215,0
80635992,0
72311188,0
72351999,0
88017133,0
32440149,0
32729644,0
34153670,0
61121268,0
84661497,0
45498819,0
73380372,0
112774107,0
112241662,0
86698593,0
79744974,0
82655688,0
97318277,0
88714411,0
32298846,0
39100552,0
162353639,0
68631612,0
59387800,0
76563744,0
34941116,0
38562817,0
109317140,0
64644805,0
113609293,0
80594796,0
88569002,0
72827121,0
41307011,0
66231374,0
93991658,0
33093438,0
43929848,0
84353526,0
121931747,0
49751829,0
67147875,0
60985422,0
73784818,0
35598659,0
67368668,0
76735159,0
61700801,0
40444881,0
120868041,0
81343198,0
121612110,0
117091328,0
80398085,0
74246232,0
92606509,0
34859732,0
121441939,0
100854093,0
64903586,0
113488429,0
81485310,0
79892968,0
77351506,0
62972677,0
59287732,0
109173754,0
75248688,0
106493308,0
101649277,0
75890380,0
67188350,0
62199097,0
98890318,0
112369394,0
83577301,0
65214271,0
75199241,0
106514163,0
59657793,0
70903230,0
37682123,0
77139181,0
41445067,0
45054786,0
80676013,0
62068157,0
81471414,0
60251361,0
83371333,0
56859375,0
130718843,0
83853157,0
67362509,0
76000831,0
42966911,0
99189535,0
90284447,0
43849934,0
120048232,0
78089357,0
75689642,0
107869486,0
91992975,0
77804284,0
119773847,0
59360570,0
134579438,0
76694950,0
130496610,0
160814237,0
64003350,0
48938189,0
38337247,0
73872579,0
63887974,0
62800018,0
44372076,0
59991316,0
36783396,0
152294755,0
59296654,0
36188634,0
39003761,0
118080253,0
75071381,0
40363171,0
97741397,0
71845116,0
118179511,0
41613324,0
93458147,0
82758213,0
38632753,0
67125737,0
71567770,0
45396077,0
38649245,0
56426909,0
148370512,0
114213756,0
207355243,0
105562535,0
111180640,0
33360549,0
78498551,0
43709944,0
76711541,0
66701492,0
80008383,0
74744085,0
112827936,0
115929370,0
73311620,0
100764585,0
65157324,0
82102871,0
59482321,0
70636829,0
61681861,0
71825386,0
84543032,0
98640252,0
140860098,0
175078440,0
73356241,0
75852007,0
116124522,0
140672971,0
157217191,0
78344970,0
107384188,0
37396378,0
129407430,0
36248651,0
96389755,0
38922791,0
95707578,0
75672933,0
83449756,0
120993711,0
38523190,0
40955160,0
73965393,0
118764315,0
39355662,0
91767355,0
37793748,0
86110987,0
72482001,0
41731355,0
117529983,0
67383058,0
32622421,0
107670308,0
61653417,0
96410669,0
145757386,0
76030568,0
67007608,0
162660415,0
92763307,0
91792651,0
145021104,0
108202793,0
43900891,0
82772277,0
74804141,0
141517769,0
181087756,0
35227848,0
136863491,0
43226086,0
124705234,0
63922409,0
58463048,0
78698618,0
56594613,0
34588762,0
114535585,0
213145029,0
96411073,0
59308557,0
114016177,0
90076673,0
59904799,0
44263550,0
78564470,0
78430747,0
56464660,0
72267979,0
31503129,0
83371244,0
41497287,0
136550378,0
164118195,0
77300075,0
41405362,0
57966962,0
87961271,0
61591979,0
35194992,0
77677282,0
73930099,0
78358728,0
63251118,0
83879509,0
83093513,0
57647414,0
114183013,0
107180756,0
32493731,0
62126842,0
42292451,0
38030786,0
84478169,0
73919124,0
100205443,0
149180796,0
146803998,0
74155965,0
65706015,0
60684153,0
56931779,0
82149930,0
44542287,0
100193352,0
138971727,0
123608317,0
66529307,0
35120901,0
83625791,0
74206122,0
81398211,0
32670732,0
35196374,0
35050422,0
67355314,0
59307708,0
56677804,0
73741185,0
35289454,0
76540392,0
72180129,0
85858552,0
66584498,0
32083294,0
81449642,0
88911457,0
45617491,0
37018569,0
63772115,0
62480914,0
128472847,0
113302644,0
69765669,0
60730935,0
67566129,0
138770417,0
124012744,0
60667621,0
134593986,0
113165595,0
160804663,0
42091773,0
103509441,0
80681954,0
74245235,0
78358156,0
60768952,0
66461888,0
71455315,0
38866781,0
76107373,0
109536472,0
34426545,0
77552441,0
62391466,0
90150517,0
75851079,0
113877785,0
94147381,0
87734211,0
84944932,0
81792018,0
39019444,0
45407476,0
66995380,0
39925740,0
80634205,0
73443794,0
64778874,0
38152656,0
123750044,0
95650541,0
39643223,0
85718433,0
97169671,0
114429684,0
40196700,0
32453414,0
67974267,0
163512833,0
87198726,0
41143600,0
101683238,0
81507566,0
32141337,0
83662140,0
57697147,0
43697577,0
84919281,0
78470216,0
72080328,0
79625374,0
77632257,0
116172981,0
55782601,0
92286378,0
56585948,0
33752668,0
41772017,0
64026701,0
34562459,0
60248281,0
87951283,0
91692978,0
81620445,0
101580742,0
128594559,0
66339594,0
96410521,0
58146026,0
92544044,0
59391037,0
89035617,0
150714780,0
37010358,0
34434194,0
72385328,0
106628048,0
66471047,0
79333816,0
88442493,0
82429190,0
35142219,0
44568728,0
73946354,0
89441909,0
84732094,0
78848547,0
62374332,0
113653410,0
128987369,0
78587980,0
67551571,0
82225442,0
92843685,0
119395782,0
87522172,0
101583762,0
63361648,0
64034508,0
78692193,0
58979277,0
100777060,0
114289210,0
75244947,0
130928257,0
32683592,0
61502165,0
61172392,0
62207526,0
76799568,0
37786888,0
80388738,0
82209986,0
114589216,0
81912161,0
138833356,0
39588752,0
102735960,0
78310881,0
45052210,0
62216468,0
57988132,0
108769367,0
80043805,0
98647377,0
61179242,0
50491290,0
113103643,0
204424366,0
94784622,0
75514911,0
65936341,0
72825118,0
38597992,0
81160541,0
88548424,0
73346026,0
138960121,0
57052800,0
78527755,0
121981964,0
116861692,0
74116407,0
111186522,0
117503325,0
71336199,0
151502956,0
79983700,0
45397577,0
90629341,0
40092536,0
78314207,0
41911899,0
112710290,0
38304342,0
81955656,0
71933754,0
61681792,0
67849564,0
71945499,0
35516504,0
76860019,0
81189696,0
44646855,0
58408558,0
72874229,0
95470500,0
35367769,0
62319704,0
122583497,0
64229739,0
66687408,0
33080933,0
99739686,0
79552526,0
80548419,0
74622402,0
39381737,0
60852449,0
114110915,0
45346512,0
35483945,0
57599102,0
41052286,0
104057174,0
60138077,0
43407776,0
85310739,0
112650915,0
66664294,0
118134713,0
37607459,0
66626335,0
43603599,0
82178167,0
66657040,0
92715538,0
74641303,0
129501625,0
41365143,0
43600243,0
96370825,0
88251585,0
42019794,0
173578201,0
78279377,0
67018948,0
80803390,0
64630573,0
161894751,0
66488654,0
119460665,0
81517318,0
116212282,0
79836909,0
75651200,0
97415493,0
62969667,0
56482613,0
84124670,0
65971507,0
61616663,0
61959414,0
63916626,0
43750972,0
63986078,0
76805263,0
75929207,0
115515113,0
106945178,0
37391611,0
65391717,0
64988988,0
131076873,0
88196740,0
184826826,0
59548645,0
76011401,0
58945237,0
125510792,0
76097385,0
78862167,0
89265450,0
85540721,0
75484216,0
44013809,0
72238321,0
84727742,0
42814702,0
81136913,0
142419989,0
59769270,0
69009381,0
61085747,0
143546131,0
65367497,0
63173356,0
72033122,0
93035866,0
91442754,0
44545583,0
75096143,0
131886763,0
114154134,0
83983386,0
91404569,0
85886345,0
79879092,0
75455772,0
67495009,0
63614971,0
91615788,0
109125936,0
60897168,0
74397770,0
78282022,0
62196314,0
76552384,0
78336907,0
53610933,0
67496805,0
41993620,0
120630243,0
87328906,0
78271994,0
61340777,0
32278327,0
89621644,0
99981106,0
43282600,0
32464231,0
39864628,0
38807761,0
40047995,0
56549825,0
111610866,0
111128893,0
92903278,0
116145929,0
84532492,0
80029682,0
45446649,0
56878710,0
71908311,0
67133011,0
112598162,0
75327714,0
105100105,0
87519665,0
103064696,0
64054771,0
44307558,0
78253292,0
74242906,0
34467504,0
75338393,0
78163745,0
72853759,0
45448425,0
81199921,0
60811224,0
54838366,0
87640005,0
118377486,0
92929304,0
102524760,0
82660425,0
96316819,0
97579072,0
75126295,0
95679459,0
77236920,0
43641814,0
37265990,0
45335774,0
62852495,0
84985210,0
60642908,0
77277099,0
108086302,0
